0.000231481 day
# index velocity (km/s) density (g/cm^3) fraction_of_zone_that_is_56ni 
1.000000e+00  2.000000e+02	 3.261197e+01  	9.582638e-01  	
2.000000e+00  4.000000e+02	 3.261197e+01  	9.582564e-01  	
3.000000e+00  6.000000e+02	 3.261197e+01  	9.582364e-01  	
4.000000e+00  8.000000e+02	 3.261197e+01  	9.581975e-01  	
5.000000e+00  1.000000e+03	 3.261197e+01  	9.581333e-01  	
6.000000e+00  1.200000e+03	 3.261197e+01  	9.580375e-01  	
7.000000e+00  1.400000e+03	 3.261197e+01  	9.579036e-01  	
8.000000e+00  1.600000e+03	 3.261197e+01  	9.577251e-01  	
9.000000e+00  1.800000e+03	 3.261197e+01  	9.574954e-01  	
1.000000e+01  2.000000e+03	 3.261197e+01  	9.572078e-01  	
1.100000e+01  2.200000e+03	 3.261197e+01  	9.568554e-01  	
1.200000e+01  2.400000e+03	 3.261197e+01  	9.564310e-01  	
1.300000e+01  2.600000e+03	 3.261197e+01  	9.559272e-01  	
1.400000e+01  2.800000e+03	 3.261197e+01  	9.553364e-01  	
1.500000e+01  3.000000e+03	 3.261197e+01  	9.546505e-01  	
1.600000e+01  3.200000e+03	 3.261197e+01  	9.538609e-01  	
1.700000e+01  3.400000e+03	 3.261197e+01  	9.529587e-01  	
1.800000e+01  3.600000e+03	 3.261197e+01  	9.519342e-01  	
1.900000e+01  3.800000e+03	 3.261197e+01  	9.507773e-01  	
2.000000e+01  4.000000e+03	 3.261197e+01  	9.494767e-01  	
2.100000e+01  4.200000e+03	 3.261197e+01  	9.480206e-01  	
2.200000e+01  4.400000e+03	 3.261197e+01  	9.463961e-01  	
2.300000e+01  4.600000e+03	 3.261197e+01  	9.445892e-01  	
2.400000e+01  4.800000e+03	 3.261197e+01  	9.425844e-01  	
2.500000e+01  5.000000e+03	 3.261197e+01  	9.403652e-01  	
2.600000e+01  5.200000e+03	 3.261197e+01  	9.379131e-01  	
2.700000e+01  5.400000e+03	 3.261197e+01  	9.352080e-01  	
2.800000e+01  5.600000e+03	 3.261197e+01  	9.322277e-01  	
2.900000e+01  5.800000e+03	 3.261197e+01  	9.289480e-01  	
3.000000e+01  6.000000e+03	 3.261197e+01  	9.253420e-01  	
3.100000e+01  6.200000e+03	 3.261197e+01  	9.213802e-01  	
3.200000e+01  6.400000e+03	 3.261197e+01  	9.170298e-01  	
3.300000e+01  6.600000e+03	 3.261197e+01  	9.122550e-01  	
3.400000e+01  6.800000e+03	 3.261197e+01  	9.070163e-01  	
3.500000e+01  7.000000e+03	 3.261197e+01  	9.012700e-01  	
3.600000e+01  7.200000e+03	 3.261197e+01  	8.949683e-01  	
3.700000e+01  7.400000e+03	 3.261197e+01  	8.880586e-01  	
3.800000e+01  7.600000e+03	 3.261197e+01  	8.804837e-01  	
3.900000e+01  7.800000e+03	 3.261197e+01  	8.721808e-01  	
4.000000e+01  8.000000e+03	 3.261197e+01  	8.630820e-01  	
4.100000e+01  8.200000e+03	 3.261197e+01  	8.531141e-01  	
4.200000e+01  8.400000e+03	 3.261197e+01  	8.421983e-01  	
4.300000e+01  8.600000e+03	 3.261197e+01  	8.302512e-01  	
4.400000e+01  8.800000e+03	 3.261197e+01  	8.171847e-01  	
4.500000e+01  9.000000e+03	 3.261197e+01  	8.029077e-01  	
4.600000e+01  9.200000e+03	 3.261197e+01  	7.873269e-01  	
4.700000e+01  9.400000e+03	 3.261197e+01  	7.703494e-01  	
4.800000e+01  9.600000e+03	 3.261197e+01  	7.518853e-01  	
4.900000e+01  9.800000e+03	 3.261197e+01  	7.318512e-01  	
5.000000e+01  1.000000e+04	 3.261197e+01  	7.101747e-01  	
5.100000e+01  1.020000e+04	 3.261197e+01  	6.867999e-01  	
5.200000e+01  1.040000e+04	 3.261197e+01  	6.616933e-01  	
5.300000e+01  1.060000e+04	 3.261197e+01  	6.348509e-01  	
5.400000e+01  1.080000e+04	 3.261197e+01  	6.063053e-01  	
5.500000e+01  1.100000e+04	 3.261197e+01  	5.761331e-01  	
5.600000e+01  1.120000e+04	 3.261197e+01  	5.444606e-01  	
5.700000e+01  1.140000e+04	 3.261197e+01  	5.114689e-01  	
5.800000e+01  1.160000e+04	 3.261197e+01  	4.773956e-01  	
5.900000e+01  1.180000e+04	 3.261197e+01  	4.425335e-01  	
6.000000e+01  1.200000e+04	 3.261197e+01  	4.072251e-01  	
6.100000e+01  1.220000e+04	 3.261197e+01  	3.718520e-01  	
6.200000e+01  1.240000e+04	 3.261197e+01  	3.368212e-01  	
6.300000e+01  1.260000e+04	 2.963812e+01  	3.055855e-01  	
6.400000e+01  1.280000e+04	 2.453452e+01  	2.802899e-01  	
6.500000e+01  1.300000e+04	 2.036934e+01  	2.597078e-01  	
6.600000e+01  1.320000e+04	 1.695938e+01  	2.428622e-01  	
6.700000e+01  1.340000e+04	 1.415923e+01  	2.289872e-01  	
6.800000e+01  1.360000e+04	 1.185305e+01  	2.174856e-01  	
6.900000e+01  1.380000e+04	 9.948284e+00  	2.078919e-01  	
7.000000e+01  1.400000e+04	 8.370680e+00  	1.998422e-01  	
7.100000e+01  1.420000e+04	 7.060526e+00  	1.930504e-01  	
7.200000e+01  1.440000e+04	 5.969628e+00  	1.872903e-01  	
7.300000e+01  1.460000e+04	 5.058980e+00  	1.823816e-01  	
7.400000e+01  1.480000e+04	 4.296913e+00  	1.781800e-01  	
7.500000e+01  1.500000e+04	 3.657649e+00  	1.745688e-01  	
7.600000e+01  1.520000e+04	 3.120140e+00  	1.714533e-01  	
7.700000e+01  1.540000e+04	 2.667157e+00  	1.687561e-01  	
7.800000e+01  1.560000e+04	 2.284557e+00  	1.664134e-01  	
7.900000e+01  1.580000e+04	 1.960705e+00  	1.643725e-01  	
8.000000e+01  1.600000e+04	 1.685999e+00  	1.625894e-01  	
8.100000e+01  1.620000e+04	 1.452503e+00  	1.610276e-01  	
8.200000e+01  1.640000e+04	 1.253635e+00  	1.596561e-01  	
8.300000e+01  1.660000e+04	 1.083927e+00  	1.584491e-01  	
8.400000e+01  1.680000e+04	 9.388275e-01  	1.573844e-01  	
8.500000e+01  1.700000e+04	 8.145357e-01  	1.564433e-01  	
8.600000e+01  1.720000e+04	 7.078738e-01  	1.556099e-01  	
8.700000e+01  1.740000e+04	 6.161780e-01  	1.548705e-01  	
8.800000e+01  1.760000e+04	 5.372113e-01  	1.542133e-01  	
8.900000e+01  1.780000e+04	 4.690911e-01  	1.536282e-01  	
9.000000e+01  1.800000e+04	 4.102297e-01  	1.531065e-01  	
9.100000e+01  1.820000e+04	 3.592862e-01  	1.526405e-01  	
9.200000e+01  1.840000e+04	 3.151253e-01  	1.522237e-01  	
9.300000e+01  1.860000e+04	 2.767846e-01  	1.518504e-01  	
9.400000e+01  1.880000e+04	 2.434462e-01  	1.515155e-01  	
9.500000e+01  1.900000e+04	 2.144144e-01  	1.512148e-01  	
9.600000e+01  1.920000e+04	 1.890960e-01  	1.509444e-01  	
9.700000e+01  1.940000e+04	 1.669846e-01  	1.507009e-01  	
9.800000e+01  1.960000e+04	 1.476469e-01  	1.504814e-01  	
9.900000e+01  1.980000e+04	 1.307118e-01  	1.502832e-01  	
1.000000e+02  2.000000e+04	 1.158610e-01  	1.501043e-01  	
1.010000e+02  2.020000e+04	 1.028207e-01  	1.499424e-01  	
1.020000e+02  2.040000e+04	 9.135560e-02  	1.497958e-01  	
1.030000e+02  2.060000e+04	 8.126257e-02  	1.496629e-01  	
1.040000e+02  2.080000e+04	 7.236643e-02  	1.495423e-01  	
1.050000e+02  2.100000e+04	 6.451574e-02  	1.494328e-01  	
1.060000e+02  2.120000e+04	 5.757936e-02  	1.493332e-01  	
1.070000e+02  2.140000e+04	 5.144367e-02  	1.492426e-01  	
1.080000e+02  2.160000e+04	 4.600999e-02  	1.491601e-01  	
1.090000e+02  2.180000e+04	 4.119261e-02  	1.490849e-01  	
1.100000e+02  2.200000e+04	 3.691688e-02  	1.490163e-01  	
1.110000e+02  2.220000e+04	 3.311780e-02  	1.489536e-01  	
1.120000e+02  2.240000e+04	 2.973863e-02  	1.488963e-01  	
1.130000e+02  2.260000e+04	 2.672981e-02  	1.488439e-01  	
1.140000e+02  2.280000e+04	 2.404800e-02  	1.487959e-01  	
1.150000e+02  2.300000e+04	 2.165525e-02  	1.487520e-01  	
1.160000e+02  2.320000e+04	 1.951827e-02  	1.487117e-01  	
1.170000e+02  2.340000e+04	 1.760787e-02  	1.486747e-01  	
1.180000e+02  2.360000e+04	 1.589839e-02  	1.486407e-01  	
1.190000e+02  2.380000e+04	 1.436725e-02  	1.486095e-01  	
1.200000e+02  2.400000e+04	 1.299458e-02  	1.485808e-01  	
1.210000e+02  2.420000e+04	 1.176286e-02  	1.485544e-01  	
1.220000e+02  2.440000e+04	 1.065662e-02  	1.485301e-01  	
1.230000e+02  2.460000e+04	 9.662197e-03  	1.485077e-01  	
1.240000e+02  2.480000e+04	 8.767525e-03  	1.484870e-01  	
1.250000e+02  2.500000e+04	 7.961907e-03  	1.484679e-01  	
1.260000e+02  2.520000e+04	 7.235869e-03  	1.484503e-01  	
1.270000e+02  2.540000e+04	 6.581011e-03  	1.484340e-01  	
1.280000e+02  2.560000e+04	 5.989873e-03  	1.484190e-01  	
1.290000e+02  2.580000e+04	 5.455829e-03  	1.484051e-01  	
1.300000e+02  2.600000e+04	 4.972983e-03  	1.483922e-01  	
1.310000e+02  2.620000e+04	 4.536090e-03  	1.483803e-01  	
1.320000e+02  2.640000e+04	 4.140474e-03  	1.483692e-01  	
1.330000e+02  2.660000e+04	 3.781965e-03  	1.483589e-01  	
1.340000e+02  2.680000e+04	 3.456843e-03  	1.483494e-01  	
1.350000e+02  2.700000e+04	 3.161783e-03  	1.483406e-01  	
1.360000e+02  2.720000e+04	 2.893812e-03  	1.483324e-01  	
1.370000e+02  2.740000e+04	 2.650272e-03  	1.483248e-01  	
1.380000e+02  2.760000e+04	 2.428780e-03  	1.483177e-01  	
1.390000e+02  2.780000e+04	 2.227202e-03  	1.483111e-01  	
1.400000e+02  2.800000e+04	 2.043623e-03  	1.483049e-01  	
1.410000e+02  2.820000e+04	 1.876324e-03  	1.482992e-01  	
1.420000e+02  2.840000e+04	 1.723761e-03  	1.482939e-01  	
1.430000e+02  2.860000e+04	 1.584546e-03  	1.482889e-01  	
1.440000e+02  2.880000e+04	 1.457429e-03  	1.482843e-01  	
1.450000e+02  2.900000e+04	 1.341285e-03  	1.482800e-01  	
1.460000e+02  2.920000e+04	 1.235102e-03  	1.482759e-01  	
1.470000e+02  2.940000e+04	 1.137966e-03  	1.482722e-01  	
1.480000e+02  2.960000e+04	 1.049051e-03  	1.482686e-01  	
1.490000e+02  2.980000e+04	 9.676137e-04  	1.482653e-01  	
1.500000e+02  3.000000e+04	 8.929808e-04  	1.482623e-01  	