0.000231481 day
# index velocity (km/s) density (g/cm^3) fraction_of_zone_that_is_56ni 
1.000000e+00  2.000000e+02	 3.261197e+01  	6.664719e-01  	
2.000000e+00  4.000000e+02	 3.261197e+01  	6.664577e-01  	
3.000000e+00  6.000000e+02	 3.261197e+01  	6.664190e-01  	
4.000000e+00  8.000000e+02	 3.261197e+01  	6.663437e-01  	
5.000000e+00  1.000000e+03	 3.261197e+01  	6.662195e-01  	
6.000000e+00  1.200000e+03	 3.261197e+01  	6.660341e-01  	
7.000000e+00  1.400000e+03	 3.261197e+01  	6.657752e-01  	
8.000000e+00  1.600000e+03	 3.261197e+01  	6.654303e-01  	
9.000000e+00  1.800000e+03	 3.261197e+01  	6.649868e-01  	
1.000000e+01  2.000000e+03	 3.261197e+01  	6.644320e-01  	
1.100000e+01  2.200000e+03	 3.261197e+01  	6.637529e-01  	
1.200000e+01  2.400000e+03	 3.261197e+01  	6.629364e-01  	
1.300000e+01  2.600000e+03	 3.261197e+01  	6.619688e-01  	
1.400000e+01  2.800000e+03	 3.261197e+01  	6.608364e-01  	
1.500000e+01  3.000000e+03	 3.261197e+01  	6.595247e-01  	
1.600000e+01  3.200000e+03	 3.261197e+01  	6.580189e-01  	
1.700000e+01  3.400000e+03	 3.261197e+01  	6.563037e-01  	
1.800000e+01  3.600000e+03	 3.261197e+01  	6.543630e-01  	
1.900000e+01  3.800000e+03	 3.261197e+01  	6.521800e-01  	
2.000000e+01  4.000000e+03	 3.261197e+01  	6.497371e-01  	
2.100000e+01  4.200000e+03	 3.261197e+01  	6.470159e-01  	
2.200000e+01  4.400000e+03	 3.261197e+01  	6.439970e-01  	
2.300000e+01  4.600000e+03	 3.261197e+01  	6.406599e-01  	
2.400000e+01  4.800000e+03	 3.261197e+01  	6.369831e-01  	
2.500000e+01  5.000000e+03	 3.261197e+01  	6.329437e-01  	
2.600000e+01  5.200000e+03	 3.261197e+01  	6.285179e-01  	
2.700000e+01  5.400000e+03	 3.261197e+01  	6.236805e-01  	
2.800000e+01  5.600000e+03	 3.261197e+01  	6.184048e-01  	
2.900000e+01  5.800000e+03	 3.261197e+01  	6.126631e-01  	
3.000000e+01  6.000000e+03	 3.261197e+01  	6.064263e-01  	
3.100000e+01  6.200000e+03	 3.261197e+01  	5.996643e-01  	
3.200000e+01  6.400000e+03	 3.261197e+01  	5.923460e-01  	
3.300000e+01  6.600000e+03	 3.261197e+01  	5.844394e-01  	
3.400000e+01  6.800000e+03	 3.261197e+01  	5.759119e-01  	
3.500000e+01  7.000000e+03	 3.261197e+01  	5.667312e-01  	
3.600000e+01  7.200000e+03	 3.261197e+01  	5.568650e-01  	
3.700000e+01  7.400000e+03	 3.261197e+01  	5.462822e-01  	
3.800000e+01  7.600000e+03	 3.261197e+01  	5.349536e-01  	
3.900000e+01  7.800000e+03	 3.261197e+01  	5.228525e-01  	
4.000000e+01  8.000000e+03	 3.261197e+01  	5.099563e-01  	
4.100000e+01  8.200000e+03	 3.261197e+01  	4.962474e-01  	
4.200000e+01  8.400000e+03	 3.261197e+01  	4.817147e-01  	
4.300000e+01  8.600000e+03	 3.261197e+01  	4.663554e-01  	
4.400000e+01  8.800000e+03	 3.261197e+01  	4.501763e-01  	
4.500000e+01  9.000000e+03	 3.261197e+01  	4.331960e-01  	
4.600000e+01  9.200000e+03	 3.261197e+01  	4.154461e-01  	
4.700000e+01  9.400000e+03	 3.261197e+01  	3.969733e-01  	
4.800000e+01  9.600000e+03	 3.261197e+01  	3.778403e-01  	
4.900000e+01  9.800000e+03	 3.261197e+01  	3.581267e-01  	
5.000000e+01  1.000000e+04	 3.261197e+01  	3.379295e-01  	
5.100000e+01  1.020000e+04	 3.261197e+01  	3.173630e-01  	
5.200000e+01  1.040000e+04	 3.261197e+01  	2.965568e-01  	
5.300000e+01  1.060000e+04	 3.261197e+01  	2.756546e-01  	
5.400000e+01  1.080000e+04	 3.261197e+01  	2.548105e-01  	
5.500000e+01  1.100000e+04	 3.261197e+01  	2.341854e-01  	
5.600000e+01  1.120000e+04	 3.261197e+01  	2.139423e-01  	
5.700000e+01  1.140000e+04	 3.261197e+01  	1.942415e-01  	
5.800000e+01  1.160000e+04	 3.261197e+01  	1.752349e-01  	
5.900000e+01  1.180000e+04	 3.261197e+01  	1.570612e-01  	
6.000000e+01  1.200000e+04	 3.261197e+01  	1.398414e-01  	
6.100000e+01  1.220000e+04	 3.261197e+01  	1.236750e-01  	
6.200000e+01  1.240000e+04	 3.261197e+01  	1.086377e-01  	
6.300000e+01  1.260000e+04	 2.963812e+01  	9.597612e-02  	
6.400000e+01  1.280000e+04	 2.453452e+01  	8.619931e-02  	
6.500000e+01  1.300000e+04	 2.036934e+01  	7.853953e-02  	
6.600000e+01  1.320000e+04	 1.695938e+01  	7.245762e-02  	
6.700000e+01  1.340000e+04	 1.415923e+01  	6.756970e-02  	
6.800000e+01  1.360000e+04	 1.185305e+01  	6.359833e-02  	
6.900000e+01  1.380000e+04	 9.948284e+00  	6.034001e-02  	
7.000000e+01  1.400000e+04	 8.370680e+00  	5.764330e-02  	
7.100000e+01  1.420000e+04	 7.060526e+00  	5.539392e-02  	
7.200000e+01  1.440000e+04	 5.969628e+00  	5.350450e-02  	
7.300000e+01  1.460000e+04	 5.058980e+00  	5.190746e-02  	
7.400000e+01  1.480000e+04	 4.296913e+00  	5.054991e-02  	
7.500000e+01  1.500000e+04	 3.657649e+00  	4.939004e-02  	
7.600000e+01  1.520000e+04	 3.120140e+00  	4.839448e-02  	
7.700000e+01  1.540000e+04	 2.667157e+00  	4.753634e-02  	
7.800000e+01  1.560000e+04	 2.284557e+00  	4.679382e-02  	
7.900000e+01  1.580000e+04	 1.960705e+00  	4.614907e-02  	
8.000000e+01  1.600000e+04	 1.685999e+00  	4.558741e-02  	
8.100000e+01  1.620000e+04	 1.452503e+00  	4.509666e-02  	
8.200000e+01  1.640000e+04	 1.253635e+00  	4.466668e-02  	
8.300000e+01  1.660000e+04	 1.083927e+00  	4.428897e-02  	
8.400000e+01  1.680000e+04	 9.388275e-01  	4.395637e-02  	
8.500000e+01  1.700000e+04	 8.145357e-01  	4.366284e-02  	
8.600000e+01  1.720000e+04	 7.078738e-01  	4.340323e-02  	
8.700000e+01  1.740000e+04	 6.161780e-01  	4.317317e-02  	
8.800000e+01  1.760000e+04	 5.372113e-01  	4.296890e-02  	
8.900000e+01  1.780000e+04	 4.690911e-01  	4.278721e-02  	
9.000000e+01  1.800000e+04	 4.102297e-01  	4.262533e-02  	
9.100000e+01  1.820000e+04	 3.592862e-01  	4.248085e-02  	
9.200000e+01  1.840000e+04	 3.151253e-01  	4.235171e-02  	
9.300000e+01  1.860000e+04	 2.767846e-01  	4.223611e-02  	
9.400000e+01  1.880000e+04	 2.434462e-01  	4.213248e-02  	
9.500000e+01  1.900000e+04	 2.144144e-01  	4.203945e-02  	
9.600000e+01  1.920000e+04	 1.890960e-01  	4.195582e-02  	
9.700000e+01  1.940000e+04	 1.669846e-01  	4.188056e-02  	
9.800000e+01  1.960000e+04	 1.476469e-01  	4.181273e-02  	
9.900000e+01  1.980000e+04	 1.307118e-01  	4.175154e-02  	
1.000000e+02  2.000000e+04	 1.158610e-01  	4.169626e-02  	
1.010000e+02  2.020000e+04	 1.028207e-01  	4.164628e-02  	
1.020000e+02  2.040000e+04	 9.135560e-02  	4.160103e-02  	
1.030000e+02  2.060000e+04	 8.126257e-02  	4.156002e-02  	
1.040000e+02  2.080000e+04	 7.236643e-02  	4.152282e-02  	
1.050000e+02  2.100000e+04	 6.451574e-02  	4.148904e-02  	
1.060000e+02  2.120000e+04	 5.757936e-02  	4.145833e-02  	
1.070000e+02  2.140000e+04	 5.144367e-02  	4.143039e-02  	
1.080000e+02  2.160000e+04	 4.600999e-02  	4.140495e-02  	
1.090000e+02  2.180000e+04	 4.119261e-02  	4.138176e-02  	
1.100000e+02  2.200000e+04	 3.691688e-02  	4.136060e-02  	
1.110000e+02  2.220000e+04	 3.311780e-02  	4.134128e-02  	
1.120000e+02  2.240000e+04	 2.973863e-02  	4.132362e-02  	
1.130000e+02  2.260000e+04	 2.672981e-02  	4.130747e-02  	
1.140000e+02  2.280000e+04	 2.404800e-02  	4.129268e-02  	
1.150000e+02  2.300000e+04	 2.165525e-02  	4.127914e-02  	
1.160000e+02  2.320000e+04	 1.951827e-02  	4.126672e-02  	
1.170000e+02  2.340000e+04	 1.760787e-02  	4.125533e-02  	
1.180000e+02  2.360000e+04	 1.589839e-02  	4.124486e-02  	
1.190000e+02  2.380000e+04	 1.436725e-02  	4.123525e-02  	
1.200000e+02  2.400000e+04	 1.299458e-02  	4.122641e-02  	
1.210000e+02  2.420000e+04	 1.176286e-02  	4.121827e-02  	
1.220000e+02  2.440000e+04	 1.065662e-02  	4.121078e-02  	
1.230000e+02  2.460000e+04	 9.662197e-03  	4.120387e-02  	
1.240000e+02  2.480000e+04	 8.767525e-03  	4.119751e-02  	
1.250000e+02  2.500000e+04	 7.961907e-03  	4.119163e-02  	
1.260000e+02  2.520000e+04	 7.235869e-03  	4.118621e-02  	
1.270000e+02  2.540000e+04	 6.581011e-03  	4.118119e-02  	
1.280000e+02  2.560000e+04	 5.989873e-03  	4.117656e-02  	
1.290000e+02  2.580000e+04	 5.455829e-03  	4.117227e-02  	
1.300000e+02  2.600000e+04	 4.972983e-03  	4.116830e-02  	
1.310000e+02  2.620000e+04	 4.536090e-03  	4.116463e-02  	
1.320000e+02  2.640000e+04	 4.140474e-03  	4.116122e-02  	
1.330000e+02  2.660000e+04	 3.781965e-03  	4.115806e-02  	
1.340000e+02  2.680000e+04	 3.456843e-03  	4.115513e-02  	
1.350000e+02  2.700000e+04	 3.161783e-03  	4.115241e-02  	
1.360000e+02  2.720000e+04	 2.893812e-03  	4.114989e-02  	
1.370000e+02  2.740000e+04	 2.650272e-03  	4.114754e-02  	
1.380000e+02  2.760000e+04	 2.428780e-03  	4.114535e-02  	
1.390000e+02  2.780000e+04	 2.227202e-03  	4.114332e-02  	
1.400000e+02  2.800000e+04	 2.043623e-03  	4.114143e-02  	
1.410000e+02  2.820000e+04	 1.876324e-03  	4.113967e-02  	
1.420000e+02  2.840000e+04	 1.723761e-03  	4.113803e-02  	
1.430000e+02  2.860000e+04	 1.584546e-03  	4.113650e-02  	
1.440000e+02  2.880000e+04	 1.457429e-03  	4.113507e-02  	
1.450000e+02  2.900000e+04	 1.341285e-03  	4.113374e-02  	
1.460000e+02  2.920000e+04	 1.235102e-03  	4.113250e-02  	
1.470000e+02  2.940000e+04	 1.137966e-03  	4.113134e-02  	
1.480000e+02  2.960000e+04	 1.049051e-03  	4.113025e-02  	
1.490000e+02  2.980000e+04	 9.676137e-04  	4.112924e-02  	
1.500000e+02  3.000000e+04	 8.929808e-04  	4.112829e-02  	