0.000231481 day
# index velocity (km/s) density (g/cm^3) fraction_of_zone_that_is_56ni 
1.000000e+00  2.000000e+02	 1.299848e+03  	9.548692e-01  	
2.000000e+00  4.000000e+02	 1.185225e+03  	9.546022e-01  	
3.000000e+00  6.000000e+02	 1.080710e+03  	9.539382e-01  	
4.000000e+00  8.000000e+02	 9.854104e+02  	9.527478e-01  	
5.000000e+00  1.000000e+03	 8.985150e+02  	9.509307e-01  	
6.000000e+00  1.200000e+03	 8.192821e+02  	9.484051e-01  	
7.000000e+00  1.400000e+03	 7.470362e+02  	9.450994e-01  	
8.000000e+00  1.600000e+03	 6.811610e+02  	9.409472e-01  	
9.000000e+00  1.800000e+03	 6.210949e+02  	9.358835e-01  	
1.000000e+01  2.000000e+03	 5.663255e+02  	9.298432e-01  	
1.100000e+01  2.200000e+03	 5.163858e+02  	9.227605e-01  	
1.200000e+01  2.400000e+03	 4.708498e+02  	9.145698e-01  	
1.300000e+01  2.600000e+03	 4.293293e+02  	9.052074e-01  	
1.400000e+01  2.800000e+03	 3.914702e+02  	8.946141e-01  	
1.500000e+01  3.000000e+03	 3.569496e+02  	8.827381e-01  	
1.600000e+01  3.200000e+03	 3.254730e+02  	8.695392e-01  	
1.700000e+01  3.400000e+03	 2.967722e+02  	8.549921e-01  	
1.800000e+01  3.600000e+03	 2.706022e+02  	8.390905e-01  	
1.900000e+01  3.800000e+03	 2.467400e+02  	8.218506e-01  	
2.000000e+01  4.000000e+03	 2.249819e+02  	8.033136e-01  	
2.100000e+01  4.200000e+03	 2.051426e+02  	7.835477e-01  	
2.200000e+01  4.400000e+03	 1.870527e+02  	7.626486e-01  	
2.300000e+01  4.600000e+03	 1.705580e+02  	7.407380e-01  	
2.400000e+01  4.800000e+03	 1.555179e+02  	7.179616e-01  	
2.500000e+01  5.000000e+03	 1.418040e+02  	6.944848e-01  	
2.600000e+01  5.200000e+03	 1.292994e+02  	6.704876e-01  	
2.700000e+01  5.400000e+03	 1.178975e+02  	6.461591e-01  	
2.800000e+01  5.600000e+03	 1.075011e+02  	6.216905e-01  	
2.900000e+01  5.800000e+03	 9.802144e+01  	5.972696e-01  	
3.000000e+01  6.000000e+03	 8.937771e+01  	5.730747e-01  	
3.100000e+01  6.200000e+03	 8.149620e+01  	5.492699e-01  	
3.200000e+01  6.400000e+03	 7.430970e+01  	5.260018e-01  	
3.300000e+01  6.600000e+03	 6.775692e+01  	5.033963e-01  	
3.400000e+01  6.800000e+03	 6.178198e+01  	4.815578e-01  	
3.500000e+01  7.000000e+03	 5.633392e+01  	4.605689e-01  	
3.600000e+01  7.200000e+03	 5.136628e+01  	4.404910e-01  	
3.700000e+01  7.400000e+03	 4.683670e+01  	4.213657e-01  	
3.800000e+01  7.600000e+03	 4.270655e+01  	4.032168e-01  	
3.900000e+01  7.800000e+03	 3.894060e+01  	3.860524e-01  	
4.000000e+01  8.000000e+03	 3.550674e+01  	3.698674e-01  	
4.100000e+01  8.200000e+03	 3.237568e+01  	3.546456e-01  	
4.200000e+01  8.400000e+03	 2.952073e+01  	3.403621e-01  	
4.300000e+01  8.600000e+03	 2.691753e+01  	3.269851e-01  	
4.400000e+01  8.800000e+03	 2.454389e+01  	3.144780e-01  	
4.500000e+01  9.000000e+03	 2.237956e+01  	3.028007e-01  	
4.600000e+01  9.200000e+03	 2.040609e+01  	2.919110e-01  	
4.700000e+01  9.400000e+03	 1.860664e+01  	2.817657e-01  	
4.800000e+01  9.600000e+03	 1.696587e+01  	2.723215e-01  	
4.900000e+01  9.800000e+03	 1.546978e+01  	2.635355e-01  	
5.000000e+01  1.000000e+04	 1.410563e+01  	2.553660e-01  	
5.100000e+01  1.020000e+04	 1.286176e+01  	2.477726e-01  	
5.200000e+01  1.040000e+04	 1.172759e+01  	2.407167e-01  	
5.300000e+01  1.060000e+04	 1.069342e+01  	2.341615e-01  	
5.400000e+01  1.080000e+04	 9.750457e+00  	2.280722e-01  	
5.500000e+01  1.100000e+04	 8.890642e+00  	2.224161e-01  	
5.600000e+01  1.120000e+04	 8.106647e+00  	2.171624e-01  	
5.700000e+01  1.140000e+04	 7.391787e+00  	2.122824e-01  	
5.800000e+01  1.160000e+04	 6.739964e+00  	2.077491e-01  	
5.900000e+01  1.180000e+04	 6.145621e+00  	2.035376e-01  	
6.000000e+01  1.200000e+04	 5.603687e+00  	1.996246e-01  	
6.100000e+01  1.220000e+04	 5.109543e+00  	1.959885e-01  	
6.200000e+01  1.240000e+04	 4.658973e+00  	1.926093e-01  	
6.300000e+01  1.260000e+04	 4.248136e+00  	1.894684e-01  	
6.400000e+01  1.280000e+04	 3.873526e+00  	1.865486e-01  	
6.500000e+01  1.300000e+04	 3.531951e+00  	1.838340e-01  	
6.600000e+01  1.320000e+04	 3.220497e+00  	1.813099e-01  	
6.700000e+01  1.340000e+04	 2.936507e+00  	1.789625e-01  	
6.800000e+01  1.360000e+04	 2.677560e+00  	1.767793e-01  	
6.900000e+01  1.380000e+04	 2.441447e+00  	1.747485e-01  	
7.000000e+01  1.400000e+04	 2.226155e+00  	1.728593e-01  	
7.100000e+01  1.420000e+04	 2.029848e+00  	1.711017e-01  	
7.200000e+01  1.440000e+04	 1.850852e+00  	1.694664e-01  	
7.300000e+01  1.460000e+04	 1.687640e+00  	1.679448e-01  	
7.400000e+01  1.480000e+04	 1.538821e+00  	1.665288e-01  	
7.500000e+01  1.500000e+04	 1.403125e+00  	1.652111e-01  	
7.600000e+01  1.520000e+04	 1.279394e+00  	1.639848e-01  	
7.700000e+01  1.540000e+04	 1.166575e+00  	1.628435e-01  	
7.800000e+01  1.560000e+04	 1.063704e+00  	1.617814e-01  	
7.900000e+01  1.580000e+04	 9.699042e-01  	1.607929e-01  	
8.000000e+01  1.600000e+04	 8.843761e-01  	1.598729e-01  	
8.100000e+01  1.620000e+04	 8.063901e-01  	1.590168e-01  	
8.200000e+01  1.640000e+04	 7.352810e-01  	1.582200e-01  	
8.300000e+01  1.660000e+04	 6.704424e-01  	1.574785e-01  	
8.400000e+01  1.680000e+04	 6.113215e-01  	1.567884e-01  	
8.500000e+01  1.700000e+04	 5.574139e-01  	1.561464e-01  	
8.600000e+01  1.720000e+04	 5.082600e-01  	1.555489e-01  	
8.700000e+01  1.740000e+04	 4.634406e-01  	1.549930e-01  	
8.800000e+01  1.760000e+04	 4.225735e-01  	1.544758e-01  	
8.900000e+01  1.780000e+04	 3.853101e-01  	1.539947e-01  	
9.000000e+01  1.800000e+04	 3.513327e-01  	1.535472e-01  	
9.100000e+01  1.820000e+04	 3.203515e-01  	1.531309e-01  	
9.200000e+01  1.840000e+04	 2.921022e-01  	1.527437e-01  	
9.300000e+01  1.860000e+04	 2.663441e-01  	1.523837e-01  	
9.400000e+01  1.880000e+04	 2.428573e-01  	1.520489e-01  	
9.500000e+01  1.900000e+04	 2.214417e-01  	1.517376e-01  	
9.600000e+01  1.920000e+04	 2.019145e-01  	1.514482e-01  	
9.700000e+01  1.940000e+04	 1.841093e-01  	1.511791e-01  	
9.800000e+01  1.960000e+04	 1.678741e-01  	1.509291e-01  	
9.900000e+01  1.980000e+04	 1.530707e-01  	1.506967e-01  	
1.000000e+02  2.000000e+04	 1.395726e-01  	1.504807e-01  	
1.010000e+02  2.020000e+04	 1.272648e-01  	1.502800e-01  	
1.020000e+02  2.040000e+04	 1.160423e-01  	1.500936e-01  	
1.030000e+02  2.060000e+04	 1.058095e-01  	1.499204e-01  	
1.040000e+02  2.080000e+04	 9.647899e-02  	1.497595e-01  	
1.050000e+02  2.100000e+04	 8.797128e-02  	1.496101e-01  	
1.060000e+02  2.120000e+04	 8.021380e-02  	1.494714e-01  	
1.070000e+02  2.140000e+04	 7.314038e-02  	1.493426e-01  	
1.080000e+02  2.160000e+04	 6.669072e-02  	1.492230e-01  	
1.090000e+02  2.180000e+04	 6.080980e-02  	1.491120e-01  	
1.100000e+02  2.200000e+04	 5.544747e-02  	1.490090e-01  	
1.110000e+02  2.220000e+04	 5.055800e-02  	1.489133e-01  	
1.120000e+02  2.240000e+04	 4.609969e-02  	1.488246e-01  	
1.130000e+02  2.260000e+04	 4.203453e-02  	1.487423e-01  	
1.140000e+02  2.280000e+04	 3.832784e-02  	1.486659e-01  	
1.150000e+02  2.300000e+04	 3.494801e-02  	1.485951e-01  	
1.160000e+02  2.320000e+04	 3.186623e-02  	1.485294e-01  	
1.170000e+02  2.340000e+04	 2.905620e-02  	1.484685e-01  	
1.180000e+02  2.360000e+04	 2.649396e-02  	1.484120e-01  	
1.190000e+02  2.380000e+04	 2.415767e-02  	1.483596e-01  	
1.200000e+02  2.400000e+04	 2.202740e-02  	1.483111e-01  	
1.210000e+02  2.420000e+04	 2.008498e-02  	1.482661e-01  	
1.220000e+02  2.440000e+04	 1.831385e-02  	1.482244e-01  	
1.230000e+02  2.460000e+04	 1.669889e-02  	1.481857e-01  	
1.240000e+02  2.480000e+04	 1.522635e-02  	1.481499e-01  	
1.250000e+02  2.500000e+04	 1.388366e-02  	1.481167e-01  	
1.260000e+02  2.520000e+04	 1.265937e-02  	1.480860e-01  	
1.270000e+02  2.540000e+04	 1.154304e-02  	1.480575e-01  	
1.280000e+02  2.560000e+04	 1.052516e-02  	1.480311e-01  	
1.290000e+02  2.580000e+04	 9.597026e-03  	1.480067e-01  	
1.300000e+02  2.600000e+04	 8.750741e-03  	1.479841e-01  	
1.310000e+02  2.620000e+04	 7.979083e-03  	1.479632e-01  	
1.320000e+02  2.640000e+04	 7.275471e-03  	1.479438e-01  	
1.330000e+02  2.660000e+04	 6.633906e-03  	1.479259e-01  	
1.340000e+02  2.680000e+04	 6.048914e-03  	1.479093e-01  	
1.350000e+02  2.700000e+04	 5.515509e-03  	1.478939e-01  	
1.360000e+02  2.720000e+04	 5.029140e-03  	1.478797e-01  	
1.370000e+02  2.740000e+04	 4.585661e-03  	1.478666e-01  	
1.380000e+02  2.760000e+04	 4.181288e-03  	1.478544e-01  	
1.390000e+02  2.780000e+04	 3.812573e-03  	1.478431e-01  	
1.400000e+02  2.800000e+04	 3.476373e-03  	1.478327e-01  	
1.410000e+02  2.820000e+04	 3.169820e-03  	1.478231e-01  	
1.420000e+02  2.840000e+04	 2.890298e-03  	1.478142e-01  	
1.430000e+02  2.860000e+04	 2.635426e-03  	1.478059e-01  	
1.440000e+02  2.880000e+04	 2.403029e-03  	1.477983e-01  	
1.450000e+02  2.900000e+04	 2.191125e-03  	1.477913e-01  	
1.460000e+02  2.920000e+04	 1.997907e-03  	1.477848e-01  	
1.470000e+02  2.940000e+04	 1.821728e-03  	1.477788e-01  	
1.480000e+02  2.960000e+04	 1.661084e-03  	1.477732e-01  	
1.490000e+02  2.980000e+04	 1.514606e-03  	1.477681e-01  	
1.500000e+02  3.000000e+04	 1.381045e-03  	1.477633e-01  	