0.000231481 day
# index velocity (km/s) density (g/cm^3) fraction_of_zone_that_is_56ni 
1.000000e+00  2.000000e+02	 1.702218e+03  	9.560319e-01  	
2.000000e+00  4.000000e+02	 1.538458e+03  	9.556847e-01  	
3.000000e+00  6.000000e+02	 1.390452e+03  	9.548277e-01  	
4.000000e+00  8.000000e+02	 1.256685e+03  	9.533007e-01  	
5.000000e+00  1.000000e+03	 1.135787e+03  	9.509808e-01  	
6.000000e+00  1.200000e+03	 1.026519e+03  	9.477671e-01  	
7.000000e+00  1.400000e+03	 9.277641e+02  	9.435693e-01  	
8.000000e+00  1.600000e+03	 8.385094e+02  	9.383016e-01  	
9.000000e+00  1.800000e+03	 7.578413e+02  	9.318784e-01  	
1.000000e+01  2.000000e+03	 6.849339e+02  	9.242130e-01  	
1.100000e+01  2.200000e+03	 6.190405e+02  	9.152192e-01  	
1.200000e+01  2.400000e+03	 5.594863e+02  	9.048130e-01  	
1.300000e+01  2.600000e+03	 5.056614e+02  	8.929175e-01  	
1.400000e+01  2.800000e+03	 4.570147e+02  	8.794673e-01  	
1.500000e+01  3.000000e+03	 4.130480e+02  	8.644147e-01  	
1.600000e+01  3.200000e+03	 3.733111e+02  	8.477357e-01  	
1.700000e+01  3.400000e+03	 3.373971e+02  	8.294360e-01  	
1.800000e+01  3.600000e+03	 3.049381e+02  	8.095558e-01  	
1.900000e+01  3.800000e+03	 2.756018e+02  	7.881732e-01  	
2.000000e+01  4.000000e+03	 2.490878e+02  	7.654060e-01  	
2.100000e+01  4.200000e+03	 2.251245e+02  	7.414101e-01  	
2.200000e+01  4.400000e+03	 2.034666e+02  	7.163761e-01  	
2.300000e+01  4.600000e+03	 1.838923e+02  	6.905230e-01  	
2.400000e+01  4.800000e+03	 1.662011e+02  	6.640902e-01  	
2.500000e+01  5.000000e+03	 1.502119e+02  	6.373276e-01  	
2.600000e+01  5.200000e+03	 1.357609e+02  	6.104864e-01  	
2.700000e+01  5.400000e+03	 1.227001e+02  	5.838090e-01  	
2.800000e+01  5.600000e+03	 1.108959e+02  	5.575208e-01  	
2.900000e+01  5.800000e+03	 1.002273e+02  	5.318235e-01  	
3.000000e+01  6.000000e+03	 9.058499e+01  	5.068905e-01  	
3.100000e+01  6.200000e+03	 8.187034e+01  	4.828644e-01  	
3.200000e+01  6.400000e+03	 7.399408e+01  	4.598563e-01  	
3.300000e+01  6.600000e+03	 6.687555e+01  	4.379464e-01  	
3.400000e+01  6.800000e+03	 6.044185e+01  	4.171871e-01  	
3.500000e+01  7.000000e+03	 5.462710e+01  	3.976052e-01  	
3.600000e+01  7.200000e+03	 4.937175e+01  	3.792058e-01  	
3.700000e+01  7.400000e+03	 4.462198e+01  	3.619761e-01  	
3.800000e+01  7.600000e+03	 4.032917e+01  	3.458888e-01  	
3.900000e+01  7.800000e+03	 3.644934e+01  	3.309056e-01  	
4.000000e+01  8.000000e+03	 3.294276e+01  	3.169801e-01  	
4.100000e+01  8.200000e+03	 2.977353e+01  	3.040602e-01  	
4.200000e+01  8.400000e+03	 2.690920e+01  	2.920909e-01  	
4.300000e+01  8.600000e+03	 2.432042e+01  	2.810152e-01  	
4.400000e+01  8.800000e+03	 2.198070e+01  	2.707761e-01  	
4.500000e+01  9.000000e+03	 1.986607e+01  	2.613175e-01  	
4.600000e+01  9.200000e+03	 1.795487e+01  	2.525847e-01  	
4.700000e+01  9.400000e+03	 1.622754e+01  	2.445254e-01  	
4.800000e+01  9.600000e+03	 1.466638e+01  	2.370899e-01  	
4.900000e+01  9.800000e+03	 1.325542e+01  	2.302310e-01  	
5.000000e+01  1.000000e+04	 1.198019e+01  	2.239048e-01  	
5.100000e+01  1.020000e+04	 1.082765e+01  	2.180701e-01  	
5.200000e+01  1.040000e+04	 9.785985e+00  	2.126884e-01  	
5.300000e+01  1.060000e+04	 8.844533e+00  	2.077243e-01  	
5.400000e+01  1.080000e+04	 7.993653e+00  	2.031448e-01  	
5.500000e+01  1.100000e+04	 7.224631e+00  	1.989197e-01  	
5.600000e+01  1.120000e+04	 6.529592e+00  	1.950209e-01  	
5.700000e+01  1.140000e+04	 5.901418e+00  	1.914227e-01  	
5.800000e+01  1.160000e+04	 5.333678e+00  	1.881014e-01  	
5.900000e+01  1.180000e+04	 4.820556e+00  	1.850351e-01  	
6.000000e+01  1.200000e+04	 4.356799e+00  	1.822038e-01  	
6.100000e+01  1.220000e+04	 3.937657e+00  	1.795892e-01  	
6.200000e+01  1.240000e+04	 3.558839e+00  	1.771742e-01  	
6.300000e+01  1.260000e+04	 3.216464e+00  	1.749434e-01  	
6.400000e+01  1.280000e+04	 2.907027e+00  	1.728824e-01  	
6.500000e+01  1.300000e+04	 2.627359e+00  	1.709782e-01  	
6.600000e+01  1.320000e+04	 2.374596e+00  	1.692186e-01  	
6.700000e+01  1.340000e+04	 2.146151e+00  	1.675925e-01  	
6.800000e+01  1.360000e+04	 1.939682e+00  	1.660897e-01  	
6.900000e+01  1.380000e+04	 1.753077e+00  	1.647008e-01  	
7.000000e+01  1.400000e+04	 1.584424e+00  	1.634170e-01  	
7.100000e+01  1.420000e+04	 1.431996e+00  	1.622305e-01  	
7.200000e+01  1.440000e+04	 1.294232e+00  	1.611337e-01  	
7.300000e+01  1.460000e+04	 1.169721e+00  	1.601200e-01  	
7.400000e+01  1.480000e+04	 1.057189e+00  	1.591831e-01  	
7.500000e+01  1.500000e+04	 9.554835e-01  	1.583171e-01  	
7.600000e+01  1.520000e+04	 8.635621e-01  	1.575168e-01  	
7.700000e+01  1.540000e+04	 7.804839e-01  	1.567771e-01  	
7.800000e+01  1.560000e+04	 7.053982e-01  	1.560936e-01  	
7.900000e+01  1.580000e+04	 6.375360e-01  	1.554619e-01  	
8.000000e+01  1.600000e+04	 5.762024e-01  	1.548783e-01  	
8.100000e+01  1.620000e+04	 5.207694e-01  	1.543391e-01  	
8.200000e+01  1.640000e+04	 4.706693e-01  	1.538410e-01  	
8.300000e+01  1.660000e+04	 4.253890e-01  	1.533808e-01  	
8.400000e+01  1.680000e+04	 3.844648e-01  	1.529558e-01  	
8.500000e+01  1.700000e+04	 3.474777e-01  	1.525633e-01  	
8.600000e+01  1.720000e+04	 3.140490e-01  	1.522009e-01  	
8.700000e+01  1.740000e+04	 2.838362e-01  	1.518663e-01  	
8.800000e+01  1.760000e+04	 2.565300e-01  	1.515573e-01  	
8.900000e+01  1.780000e+04	 2.318507e-01  	1.512722e-01  	
9.000000e+01  1.800000e+04	 2.095458e-01  	1.510090e-01  	
9.100000e+01  1.820000e+04	 1.893866e-01  	1.507661e-01  	
9.200000e+01  1.840000e+04	 1.711668e-01  	1.505420e-01  	
9.300000e+01  1.860000e+04	 1.546999e-01  	1.503352e-01  	
9.400000e+01  1.880000e+04	 1.398171e-01  	1.501445e-01  	
9.500000e+01  1.900000e+04	 1.263661e-01  	1.499686e-01  	
9.600000e+01  1.920000e+04	 1.142092e-01  	1.498064e-01  	
9.700000e+01  1.940000e+04	 1.032218e-01  	1.496569e-01  	
9.800000e+01  1.960000e+04	 9.329146e-02  	1.495190e-01  	
9.900000e+01  1.980000e+04	 8.431644e-02  	1.493919e-01  	
1.000000e+02  2.000000e+04	 7.620485e-02  	1.492748e-01  	
1.010000e+02  2.020000e+04	 6.887364e-02  	1.491668e-01  	
1.020000e+02  2.040000e+04	 6.224771e-02  	1.490674e-01  	
1.030000e+02  2.060000e+04	 5.625923e-02  	1.489758e-01  	
1.040000e+02  2.080000e+04	 5.084686e-02  	1.488914e-01  	
1.050000e+02  2.100000e+04	 4.595519e-02  	1.488137e-01  	
1.060000e+02  2.120000e+04	 4.153411e-02  	1.487422e-01  	
1.070000e+02  2.140000e+04	 3.753836e-02  	1.486763e-01  	
1.080000e+02  2.160000e+04	 3.392702e-02  	1.486157e-01  	
1.090000e+02  2.180000e+04	 3.066310e-02  	1.485599e-01  	
1.100000e+02  2.200000e+04	 2.771318e-02  	1.485085e-01  	
1.110000e+02  2.220000e+04	 2.504706e-02  	1.484613e-01  	
1.120000e+02  2.240000e+04	 2.263743e-02  	1.484178e-01  	
1.130000e+02  2.260000e+04	 2.045962e-02  	1.483778e-01  	
1.140000e+02  2.280000e+04	 1.849132e-02  	1.483410e-01  	
1.150000e+02  2.300000e+04	 1.671238e-02  	1.483072e-01  	
1.160000e+02  2.320000e+04	 1.510458e-02  	1.482761e-01  	
1.170000e+02  2.340000e+04	 1.365146e-02  	1.482475e-01  	
1.180000e+02  2.360000e+04	 1.233813e-02  	1.482213e-01  	
1.190000e+02  2.380000e+04	 1.115115e-02  	1.481971e-01  	
1.200000e+02  2.400000e+04	 1.007837e-02  	1.481749e-01  	
1.210000e+02  2.420000e+04	 9.108787e-03  	1.481545e-01  	
1.220000e+02  2.440000e+04	 8.232485e-03  	1.481358e-01  	
1.230000e+02  2.460000e+04	 7.440486e-03  	1.481185e-01  	
1.240000e+02  2.480000e+04	 6.724681e-03  	1.481027e-01  	
1.250000e+02  2.500000e+04	 6.077739e-03  	1.480882e-01  	
1.260000e+02  2.520000e+04	 5.493036e-03  	1.480749e-01  	
1.270000e+02  2.540000e+04	 4.964584e-03  	1.480626e-01  	
1.280000e+02  2.560000e+04	 4.486970e-03  	1.480514e-01  	
1.290000e+02  2.580000e+04	 4.055306e-03  	1.480411e-01  	
1.300000e+02  2.600000e+04	 3.665169e-03  	1.480316e-01  	
1.310000e+02  2.620000e+04	 3.312564e-03  	1.480229e-01  	
1.320000e+02  2.640000e+04	 2.993882e-03  	1.480149e-01  	
1.330000e+02  2.660000e+04	 2.705859e-03  	1.480076e-01  	
1.340000e+02  2.680000e+04	 2.445544e-03  	1.480009e-01  	
1.350000e+02  2.700000e+04	 2.210273e-03  	1.479947e-01  	
1.360000e+02  2.720000e+04	 1.997635e-03  	1.479891e-01  	
1.370000e+02  2.740000e+04	 1.805455e-03  	1.479839e-01  	
1.380000e+02  2.760000e+04	 1.631763e-03  	1.479791e-01  	
1.390000e+02  2.780000e+04	 1.474780e-03  	1.479748e-01  	
1.400000e+02  2.800000e+04	 1.332901e-03  	1.479708e-01  	
1.410000e+02  2.820000e+04	 1.204670e-03  	1.479671e-01  	
1.420000e+02  2.840000e+04	 1.088776e-03  	1.479637e-01  	
1.430000e+02  2.860000e+04	 9.840312e-04  	1.479607e-01  	
1.440000e+02  2.880000e+04	 8.893634e-04  	1.479579e-01  	
1.450000e+02  2.900000e+04	 8.038030e-04  	1.479553e-01  	
1.460000e+02  2.920000e+04	 7.264739e-04  	1.479529e-01  	
1.470000e+02  2.940000e+04	 6.565841e-04  	1.479507e-01  	
1.480000e+02  2.960000e+04	 5.934181e-04  	1.479487e-01  	
1.490000e+02  2.980000e+04	 5.363288e-04  	1.479469e-01  	
1.500000e+02  3.000000e+04	 4.847318e-04  	1.479452e-01  	