0.000231481 day
# index velocity (km/s) density (g/cm^3) fraction_of_zone_that_is_56ni 
1.000000e+00  2.000000e+02	 5.522483e+02  	9.518496e-01  	
2.000000e+00  4.000000e+02	 5.153857e+02  	9.517340e-01  	
3.000000e+00  6.000000e+02	 4.809837e+02  	9.514405e-01  	
4.000000e+00  8.000000e+02	 4.488781e+02  	9.509048e-01  	
5.000000e+00  1.000000e+03	 4.189155e+02  	9.500748e-01  	
6.000000e+00  1.200000e+03	 3.909529e+02  	9.489072e-01  	
7.000000e+00  1.400000e+03	 3.648568e+02  	9.473656e-01  	
8.000000e+00  1.600000e+03	 3.405026e+02  	9.454175e-01  	
9.000000e+00  1.800000e+03	 3.177741e+02  	9.430336e-01  	
1.000000e+01  2.000000e+03	 2.965627e+02  	9.401858e-01  	
1.100000e+01  2.200000e+03	 2.767671e+02  	9.368469e-01  	
1.200000e+01  2.400000e+03	 2.582929e+02  	9.329894e-01  	
1.300000e+01  2.600000e+03	 2.410519e+02  	9.285862e-01  	
1.400000e+01  2.800000e+03	 2.249617e+02  	9.236096e-01  	
1.500000e+01  3.000000e+03	 2.099455e+02  	9.180318e-01  	
1.600000e+01  3.200000e+03	 1.959316e+02  	9.118255e-01  	
1.700000e+01  3.400000e+03	 1.828532e+02  	9.049638e-01  	
1.800000e+01  3.600000e+03	 1.706477e+02  	8.974215e-01  	
1.900000e+01  3.800000e+03	 1.592570e+02  	8.891753e-01  	
2.000000e+01  4.000000e+03	 1.486266e+02  	8.802048e-01  	
2.100000e+01  4.200000e+03	 1.387058e+02  	8.704933e-01  	
2.200000e+01  4.400000e+03	 1.294472e+02  	8.600291e-01  	
2.300000e+01  4.600000e+03	 1.208066e+02  	8.488059e-01  	
2.400000e+01  4.800000e+03	 1.127428e+02  	8.368240e-01  	
2.500000e+01  5.000000e+03	 1.052172e+02  	8.240909e-01  	
2.600000e+01  5.200000e+03	 9.819393e+01  	8.106222e-01  	
2.700000e+01  5.400000e+03	 9.163949e+01  	7.964415e-01  	
2.800000e+01  5.600000e+03	 8.552256e+01  	7.815815e-01  	
2.900000e+01  5.800000e+03	 7.981393e+01  	7.660831e-01  	
3.000000e+01  6.000000e+03	 7.448635e+01  	7.499959e-01  	
3.100000e+01  6.200000e+03	 6.951439e+01  	7.333770e-01  	
3.200000e+01  6.400000e+03	 6.487431e+01  	7.162907e-01  	
3.300000e+01  6.600000e+03	 6.054395e+01  	6.988071e-01  	
3.400000e+01  6.800000e+03	 5.650264e+01  	6.810012e-01  	
3.500000e+01  7.000000e+03	 5.273109e+01  	6.629513e-01  	
3.600000e+01  7.200000e+03	 4.921129e+01  	6.447375e-01  	
3.700000e+01  7.400000e+03	 4.592644e+01  	6.264404e-01  	
3.800000e+01  7.600000e+03	 4.286085e+01  	6.081393e-01  	
3.900000e+01  7.800000e+03	 3.999989e+01  	5.899114e-01  	
4.000000e+01  8.000000e+03	 3.732990e+01  	5.718298e-01  	
4.100000e+01  8.200000e+03	 3.483813e+01  	5.539632e-01  	
4.200000e+01  8.400000e+03	 3.251268e+01  	5.363745e-01  	
4.300000e+01  8.600000e+03	 3.034246e+01  	5.191205e-01  	
4.400000e+01  8.800000e+03	 2.831711e+01  	5.022513e-01  	
4.500000e+01  9.000000e+03	 2.642694e+01  	4.858101e-01  	
4.600000e+01  9.200000e+03	 2.466294e+01  	4.698331e-01  	
4.700000e+01  9.400000e+03	 2.301669e+01  	4.543499e-01  	
4.800000e+01  9.600000e+03	 2.148033e+01  	4.393835e-01  	
4.900000e+01  9.800000e+03	 2.004652e+01  	4.249507e-01  	
5.000000e+01  1.000000e+04	 1.870841e+01  	4.110628e-01  	
5.100000e+01  1.020000e+04	 1.745963e+01  	3.977258e-01  	
5.200000e+01  1.040000e+04	 1.629420e+01  	3.849411e-01  	
5.300000e+01  1.060000e+04	 1.520656e+01  	3.727062e-01  	
5.400000e+01  1.080000e+04	 1.419152e+01  	3.610150e-01  	
5.500000e+01  1.100000e+04	 1.324424e+01  	3.498584e-01  	
5.600000e+01  1.120000e+04	 1.236019e+01  	3.392248e-01  	
5.700000e+01  1.140000e+04	 1.153514e+01  	3.291008e-01  	
5.800000e+01  1.160000e+04	 1.076517e+01  	3.194711e-01  	
5.900000e+01  1.180000e+04	 1.004660e+01  	3.103194e-01  	
6.000000e+01  1.200000e+04	 9.375988e+00  	3.016286e-01  	
6.100000e+01  1.220000e+04	 8.750141e+00  	2.933807e-01  	
6.200000e+01  1.240000e+04	 8.166069e+00  	2.855577e-01  	
6.300000e+01  1.260000e+04	 7.620984e+00  	2.781412e-01  	
6.400000e+01  1.280000e+04	 7.112284e+00  	2.711132e-01  	
6.500000e+01  1.300000e+04	 6.637539e+00  	2.644555e-01  	
6.600000e+01  1.320000e+04	 6.194483e+00  	2.581506e-01  	
6.700000e+01  1.340000e+04	 5.781002e+00  	2.521811e-01  	
6.800000e+01  1.360000e+04	 5.395120e+00  	2.465304e-01  	
6.900000e+01  1.380000e+04	 5.034996e+00  	2.411821e-01  	
7.000000e+01  1.400000e+04	 4.698910e+00  	2.361208e-01  	
7.100000e+01  1.420000e+04	 4.385258e+00  	2.313314e-01  	
7.200000e+01  1.440000e+04	 4.092542e+00  	2.267996e-01  	
7.300000e+01  1.460000e+04	 3.819365e+00  	2.225116e-01  	
7.400000e+01  1.480000e+04	 3.564423e+00  	2.184543e-01  	
7.500000e+01  1.500000e+04	 3.326497e+00  	2.146154e-01  	
7.600000e+01  1.520000e+04	 3.104454e+00  	2.109829e-01  	
7.700000e+01  1.540000e+04	 2.897232e+00  	2.075456e-01  	
7.800000e+01  1.560000e+04	 2.703842e+00  	2.042929e-01  	
7.900000e+01  1.580000e+04	 2.523360e+00  	2.012147e-01  	
8.000000e+01  1.600000e+04	 2.354926e+00  	1.983014e-01  	
8.100000e+01  1.620000e+04	 2.197735e+00  	1.955441e-01  	
8.200000e+01  1.640000e+04	 2.051036e+00  	1.929341e-01  	
8.300000e+01  1.660000e+04	 1.914129e+00  	1.904634e-01  	
8.400000e+01  1.680000e+04	 1.786361e+00  	1.881244e-01  	
8.500000e+01  1.700000e+04	 1.667122e+00  	1.859099e-01  	
8.600000e+01  1.720000e+04	 1.555841e+00  	1.838131e-01  	
8.700000e+01  1.740000e+04	 1.451989e+00  	1.818275e-01  	
8.800000e+01  1.760000e+04	 1.355069e+00  	1.799473e-01  	
8.900000e+01  1.780000e+04	 1.264618e+00  	1.781666e-01  	
9.000000e+01  1.800000e+04	 1.180205e+00  	1.764800e-01  	
9.100000e+01  1.820000e+04	 1.101426e+00  	1.748825e-01  	
9.200000e+01  1.840000e+04	 1.027906e+00  	1.733693e-01  	
9.300000e+01  1.860000e+04	 9.592933e-01  	1.719358e-01  	
9.400000e+01  1.880000e+04	 8.952605e-01  	1.705777e-01  	
9.500000e+01  1.900000e+04	 8.355019e-01  	1.692912e-01  	
9.600000e+01  1.920000e+04	 7.797321e-01  	1.680722e-01  	
9.700000e+01  1.940000e+04	 7.276850e-01  	1.669172e-01  	
9.800000e+01  1.960000e+04	 6.791121e-01  	1.658229e-01  	
9.900000e+01  1.980000e+04	 6.337814e-01  	1.647860e-01  	
1.000000e+02  2.000000e+04	 5.914765e-01  	1.638034e-01  	
1.010000e+02  2.020000e+04	 5.519954e-01  	1.628723e-01  	
1.020000e+02  2.040000e+04	 5.151498e-01  	1.619900e-01  	
1.030000e+02  2.060000e+04	 4.807635e-01  	1.611539e-01  	
1.040000e+02  2.080000e+04	 4.486726e-01  	1.603616e-01  	
1.050000e+02  2.100000e+04	 4.187237e-01  	1.596108e-01  	
1.060000e+02  2.120000e+04	 3.907739e-01  	1.588992e-01  	
1.070000e+02  2.140000e+04	 3.646898e-01  	1.582250e-01  	
1.080000e+02  2.160000e+04	 3.403467e-01  	1.575861e-01  	
1.090000e+02  2.180000e+04	 3.176286e-01  	1.569806e-01  	
1.100000e+02  2.200000e+04	 2.964269e-01  	1.564069e-01  	
1.110000e+02  2.220000e+04	 2.766404e-01  	1.558632e-01  	
1.120000e+02  2.240000e+04	 2.581747e-01  	1.553480e-01  	
1.130000e+02  2.260000e+04	 2.409415e-01  	1.548599e-01  	
1.140000e+02  2.280000e+04	 2.248587e-01  	1.543974e-01  	
1.150000e+02  2.300000e+04	 2.098494e-01  	1.539591e-01  	
1.160000e+02  2.320000e+04	 1.958419e-01  	1.535439e-01  	
1.170000e+02  2.340000e+04	 1.827695e-01  	1.531506e-01  	
1.180000e+02  2.360000e+04	 1.705696e-01  	1.527779e-01  	
1.190000e+02  2.380000e+04	 1.591841e-01  	1.524249e-01  	
1.200000e+02  2.400000e+04	 1.485586e-01  	1.520904e-01  	
1.210000e+02  2.420000e+04	 1.386423e-01  	1.517736e-01  	
1.220000e+02  2.440000e+04	 1.293879e-01  	1.514736e-01  	
1.230000e+02  2.460000e+04	 1.207513e-01  	1.511893e-01  	
1.240000e+02  2.480000e+04	 1.126911e-01  	1.509202e-01  	
1.250000e+02  2.500000e+04	 1.051690e-01  	1.506652e-01  	
1.260000e+02  2.520000e+04	 9.814898e-02  	1.504238e-01  	
1.270000e+02  2.540000e+04	 9.159753e-02  	1.501952e-01  	
1.280000e+02  2.560000e+04	 8.548340e-02  	1.499787e-01  	
1.290000e+02  2.580000e+04	 7.977739e-02  	1.497737e-01  	
1.300000e+02  2.600000e+04	 7.445225e-02  	1.495797e-01  	
1.310000e+02  2.620000e+04	 6.948256e-02  	1.493960e-01  	
1.320000e+02  2.640000e+04	 6.484460e-02  	1.492220e-01  	
1.330000e+02  2.660000e+04	 6.051623e-02  	1.490574e-01  	
1.340000e+02  2.680000e+04	 5.647677e-02  	1.489016e-01  	
1.350000e+02  2.700000e+04	 5.270695e-02  	1.487541e-01  	
1.360000e+02  2.720000e+04	 4.918876e-02  	1.486145e-01  	
1.370000e+02  2.740000e+04	 4.590541e-02  	1.484824e-01  	
1.380000e+02  2.760000e+04	 4.284123e-02  	1.483574e-01  	
1.390000e+02  2.780000e+04	 3.998158e-02  	1.482391e-01  	
1.400000e+02  2.800000e+04	 3.731281e-02  	1.481272e-01  	
1.410000e+02  2.820000e+04	 3.482218e-02  	1.480213e-01  	
1.420000e+02  2.840000e+04	 3.249780e-02  	1.479211e-01  	
1.430000e+02  2.860000e+04	 3.032857e-02  	1.478264e-01  	
1.440000e+02  2.880000e+04	 2.830414e-02  	1.477367e-01  	
1.450000e+02  2.900000e+04	 2.641484e-02  	1.476520e-01  	
1.460000e+02  2.920000e+04	 2.465165e-02  	1.475718e-01  	
1.470000e+02  2.940000e+04	 2.300615e-02  	1.474960e-01  	
1.480000e+02  2.960000e+04	 2.147049e-02  	1.474242e-01  	
1.490000e+02  2.980000e+04	 2.003734e-02  	1.473564e-01  	
1.500000e+02  3.000000e+04	 1.869985e-02  	1.472923e-01  	