Time,U,B,V,R,I,gs,rs,is
7.500000e-01,-7.278575e+00,-7.966998e+00,-8.751527e+00,-8.909513e+00,-9.798560e+00,-8.243301e+00,-8.669502e+00,-8.931284e+00
1.250000e+00,-6.290579e+00,-9.558352e+00,-1.047551e+01,-1.126925e+01,-1.189324e+01,-9.988392e+00,-1.102908e+01,-1.135540e+01
1.750000e+00,-1.026460e+01,-1.174186e+01,-1.244843e+01,-1.293911e+01,-1.331799e+01,-1.208978e+01,-1.276952e+01,-1.279874e+01
2.250000e+00,-1.305414e+01,-1.346939e+01,-1.387229e+01,-1.422815e+01,-1.446403e+01,-1.370406e+01,-1.406835e+01,-1.401695e+01
2.750000e+00,-1.456923e+01,-1.461316e+01,-1.497512e+01,-1.518638e+01,-1.534429e+01,-1.481598e+01,-1.501970e+01,-1.494636e+01
3.250000e+00,-1.562576e+01,-1.547451e+01,-1.574199e+01,-1.590519e+01,-1.602676e+01,-1.564878e+01,-1.575256e+01,-1.560974e+01
3.750000e+00,-1.643537e+01,-1.609437e+01,-1.631230e+01,-1.646880e+01,-1.662438e+01,-1.624672e+01,-1.631620e+01,-1.617025e+01
4.250000e+00,-1.705568e+01,-1.657241e+01,-1.675113e+01,-1.690413e+01,-1.705538e+01,-1.671071e+01,-1.676667e+01,-1.657609e+01
4.750000e+00,-1.753992e+01,-1.693531e+01,-1.709723e+01,-1.725707e+01,-1.735478e+01,-1.705920e+01,-1.712996e+01,-1.687908e+01
5.250000e+00,-1.790568e+01,-1.724191e+01,-1.738764e+01,-1.754220e+01,-1.763153e+01,-1.735276e+01,-1.742504e+01,-1.713068e+01
5.750000e+00,-1.819272e+01,-1.748630e+01,-1.762498e+01,-1.777982e+01,-1.781585e+01,-1.759704e+01,-1.767642e+01,-1.730746e+01
6.250000e+00,-1.841696e+01,-1.768106e+01,-1.780803e+01,-1.795883e+01,-1.799062e+01,-1.778046e+01,-1.786175e+01,-1.746105e+01
6.750000e+00,-1.858825e+01,-1.784866e+01,-1.796594e+01,-1.810708e+01,-1.812435e+01,-1.794450e+01,-1.801554e+01,-1.758458e+01
7.250000e+00,-1.874012e+01,-1.798959e+01,-1.810337e+01,-1.823521e+01,-1.825239e+01,-1.808474e+01,-1.815099e+01,-1.768148e+01
7.750000e+00,-1.885769e+01,-1.811301e+01,-1.821339e+01,-1.834711e+01,-1.836342e+01,-1.820892e+01,-1.826195e+01,-1.779295e+01
8.250000e+00,-1.896076e+01,-1.822062e+01,-1.831604e+01,-1.843402e+01,-1.846776e+01,-1.831314e+01,-1.835386e+01,-1.787037e+01
8.750000e+00,-1.905735e+01,-1.832122e+01,-1.840298e+01,-1.850364e+01,-1.854987e+01,-1.840971e+01,-1.842423e+01,-1.794100e+01
9.250000e+00,-1.913705e+01,-1.840928e+01,-1.847838e+01,-1.856989e+01,-1.861980e+01,-1.849604e+01,-1.849480e+01,-1.799006e+01
9.750000e+00,-1.919900e+01,-1.847702e+01,-1.855448e+01,-1.863704e+01,-1.869366e+01,-1.856612e+01,-1.856603e+01,-1.803739e+01
1.025000e+01,-1.924931e+01,-1.854846e+01,-1.861969e+01,-1.868697e+01,-1.874861e+01,-1.863919e+01,-1.862045e+01,-1.807306e+01
1.075000e+01,-1.929972e+01,-1.861297e+01,-1.867409e+01,-1.872448e+01,-1.880001e+01,-1.869992e+01,-1.866246e+01,-1.808999e+01
1.125000e+01,-1.933770e+01,-1.866791e+01,-1.873034e+01,-1.877114e+01,-1.884059e+01,-1.875684e+01,-1.871426e+01,-1.811353e+01
1.175000e+01,-1.937048e+01,-1.872321e+01,-1.877927e+01,-1.880250e+01,-1.887499e+01,-1.881351e+01,-1.875225e+01,-1.811946e+01
1.225000e+01,-1.939224e+01,-1.877422e+01,-1.882582e+01,-1.883527e+01,-1.890255e+01,-1.886412e+01,-1.879208e+01,-1.810625e+01
1.275000e+01,-1.941027e+01,-1.881582e+01,-1.885953e+01,-1.885034e+01,-1.893014e+01,-1.890462e+01,-1.881035e+01,-1.810218e+01
1.325000e+01,-1.941231e+01,-1.886071e+01,-1.890347e+01,-1.887530e+01,-1.895157e+01,-1.895027e+01,-1.884051e+01,-1.810047e+01
1.375000e+01,-1.941001e+01,-1.889093e+01,-1.892974e+01,-1.889193e+01,-1.897249e+01,-1.898198e+01,-1.886233e+01,-1.808833e+01
1.425000e+01,-1.939918e+01,-1.892204e+01,-1.896046e+01,-1.890656e+01,-1.899665e+01,-1.901405e+01,-1.888310e+01,-1.806951e+01
1.475000e+01,-1.937942e+01,-1.894899e+01,-1.898979e+01,-1.891851e+01,-1.900909e+01,-1.904204e+01,-1.890230e+01,-1.804557e+01
1.525000e+01,-1.934840e+01,-1.897534e+01,-1.901881e+01,-1.893381e+01,-1.902747e+01,-1.906740e+01,-1.892180e+01,-1.802565e+01
1.575000e+01,-1.930842e+01,-1.899896e+01,-1.904915e+01,-1.894652e+01,-1.903745e+01,-1.909251e+01,-1.893868e+01,-1.800387e+01
1.625000e+01,-1.926187e+01,-1.901737e+01,-1.907146e+01,-1.895991e+01,-1.903620e+01,-1.911252e+01,-1.895614e+01,-1.796988e+01
1.675000e+01,-1.921012e+01,-1.903287e+01,-1.909739e+01,-1.896836e+01,-1.904453e+01,-1.913204e+01,-1.896776e+01,-1.795295e+01
1.725000e+01,-1.915500e+01,-1.904416e+01,-1.911924e+01,-1.897810e+01,-1.904846e+01,-1.914706e+01,-1.898217e+01,-1.791873e+01
1.775000e+01,-1.909334e+01,-1.905369e+01,-1.913624e+01,-1.898385e+01,-1.904713e+01,-1.915808e+01,-1.899103e+01,-1.788100e+01
1.825000e+01,-1.903274e+01,-1.906114e+01,-1.915154e+01,-1.898506e+01,-1.904694e+01,-1.916779e+01,-1.899156e+01,-1.786753e+01
1.875000e+01,-1.897678e+01,-1.906602e+01,-1.916955e+01,-1.898740e+01,-1.903993e+01,-1.917842e+01,-1.899697e+01,-1.783775e+01
1.925000e+01,-1.891613e+01,-1.906766e+01,-1.918106e+01,-1.899231e+01,-1.903091e+01,-1.918294e+01,-1.900462e+01,-1.780560e+01
1.975000e+01,-1.885350e+01,-1.906291e+01,-1.919156e+01,-1.899329e+01,-1.902767e+01,-1.918413e+01,-1.900798e+01,-1.777579e+01
2.025000e+01,-1.879436e+01,-1.905488e+01,-1.919903e+01,-1.899068e+01,-1.902395e+01,-1.918207e+01,-1.900533e+01,-1.775722e+01
2.075000e+01,-1.872878e+01,-1.903981e+01,-1.920033e+01,-1.898215e+01,-1.902364e+01,-1.917505e+01,-1.899677e+01,-1.774990e+01
