Time,U,B,V,R,I,gs,rs,is
7.500000e-01,5.241459e+00,-4.676132e+00,-6.454572e+00,-8.285106e+00,-9.663559e+00,-5.630585e+00,-7.933808e+00,-8.681141e+00
1.250000e+00,-1.480944e+00,-7.566196e+00,-8.960169e+00,-1.054525e+01,-1.154628e+01,-8.248684e+00,-9.984341e+00,-1.108961e+01
1.750000e+00,-9.958487e+00,-1.140892e+01,-1.196012e+01,-1.271806e+01,-1.336218e+01,-1.185840e+01,-1.241511e+01,-1.289294e+01
2.250000e+00,-1.261177e+01,-1.336335e+01,-1.392000e+01,-1.430495e+01,-1.457809e+01,-1.369537e+01,-1.415317e+01,-1.401185e+01
2.750000e+00,-1.405661e+01,-1.454489e+01,-1.503695e+01,-1.526337e+01,-1.546415e+01,-1.481389e+01,-1.511005e+01,-1.493248e+01
3.250000e+00,-1.528318e+01,-1.549422e+01,-1.577673e+01,-1.594751e+01,-1.623622e+01,-1.567510e+01,-1.578993e+01,-1.563645e+01
3.750000e+00,-1.619195e+01,-1.612735e+01,-1.635425e+01,-1.650175e+01,-1.687140e+01,-1.628238e+01,-1.634795e+01,-1.620956e+01
4.250000e+00,-1.685285e+01,-1.660692e+01,-1.676454e+01,-1.690485e+01,-1.730271e+01,-1.672516e+01,-1.675654e+01,-1.659812e+01
4.750000e+00,-1.735308e+01,-1.698041e+01,-1.711252e+01,-1.724276e+01,-1.762935e+01,-1.708593e+01,-1.710224e+01,-1.691391e+01
5.250000e+00,-1.772820e+01,-1.728338e+01,-1.738786e+01,-1.750596e+01,-1.787232e+01,-1.737584e+01,-1.737659e+01,-1.713353e+01
5.750000e+00,-1.802421e+01,-1.752117e+01,-1.762130e+01,-1.771917e+01,-1.807369e+01,-1.760940e+01,-1.759787e+01,-1.731769e+01
6.250000e+00,-1.825585e+01,-1.771259e+01,-1.780244e+01,-1.791647e+01,-1.823798e+01,-1.778999e+01,-1.780397e+01,-1.747009e+01
6.750000e+00,-1.843993e+01,-1.788231e+01,-1.795401e+01,-1.806436e+01,-1.837578e+01,-1.795052e+01,-1.795565e+01,-1.760842e+01
7.250000e+00,-1.859592e+01,-1.803146e+01,-1.808817e+01,-1.818698e+01,-1.849389e+01,-1.809958e+01,-1.808519e+01,-1.769951e+01
7.750000e+00,-1.871741e+01,-1.815628e+01,-1.820502e+01,-1.829029e+01,-1.861042e+01,-1.822299e+01,-1.819190e+01,-1.779704e+01
8.250000e+00,-1.881629e+01,-1.826231e+01,-1.830542e+01,-1.838633e+01,-1.870863e+01,-1.832438e+01,-1.829410e+01,-1.788055e+01
8.750000e+00,-1.890937e+01,-1.836246e+01,-1.840029e+01,-1.848074e+01,-1.879091e+01,-1.842380e+01,-1.839261e+01,-1.795294e+01
9.250000e+00,-1.898393e+01,-1.844191e+01,-1.847933e+01,-1.854817e+01,-1.885369e+01,-1.850490e+01,-1.846366e+01,-1.800359e+01
9.750000e+00,-1.904625e+01,-1.851567e+01,-1.854991e+01,-1.861033e+01,-1.892248e+01,-1.857957e+01,-1.853023e+01,-1.805532e+01
1.025000e+01,-1.909659e+01,-1.858763e+01,-1.861440e+01,-1.867227e+01,-1.897881e+01,-1.865378e+01,-1.859740e+01,-1.809469e+01
1.075000e+01,-1.914919e+01,-1.865119e+01,-1.867597e+01,-1.872048e+01,-1.903225e+01,-1.871875e+01,-1.865077e+01,-1.812610e+01
1.125000e+01,-1.918281e+01,-1.871061e+01,-1.873030e+01,-1.876645e+01,-1.908301e+01,-1.877757e+01,-1.870157e+01,-1.814501e+01
1.175000e+01,-1.921018e+01,-1.875737e+01,-1.877940e+01,-1.879934e+01,-1.912293e+01,-1.882687e+01,-1.874087e+01,-1.816109e+01
1.225000e+01,-1.922903e+01,-1.880264e+01,-1.882089e+01,-1.882792e+01,-1.916120e+01,-1.887313e+01,-1.877678e+01,-1.816199e+01
1.275000e+01,-1.924433e+01,-1.884343e+01,-1.886034e+01,-1.885456e+01,-1.919294e+01,-1.891611e+01,-1.881066e+01,-1.815423e+01
1.325000e+01,-1.925414e+01,-1.888305e+01,-1.890092e+01,-1.887845e+01,-1.922722e+01,-1.895777e+01,-1.883959e+01,-1.815842e+01
1.375000e+01,-1.924830e+01,-1.892090e+01,-1.893952e+01,-1.889929e+01,-1.925238e+01,-1.899845e+01,-1.886834e+01,-1.814239e+01
1.425000e+01,-1.922817e+01,-1.894638e+01,-1.896635e+01,-1.891599e+01,-1.926832e+01,-1.902642e+01,-1.888969e+01,-1.812837e+01
1.475000e+01,-1.920229e+01,-1.897123e+01,-1.899237e+01,-1.893134e+01,-1.928920e+01,-1.905175e+01,-1.890932e+01,-1.811979e+01
1.525000e+01,-1.916933e+01,-1.899786e+01,-1.902243e+01,-1.894213e+01,-1.931437e+01,-1.908036e+01,-1.892601e+01,-1.810541e+01
1.575000e+01,-1.912643e+01,-1.901537e+01,-1.904975e+01,-1.895751e+01,-1.933588e+01,-1.910098e+01,-1.894475e+01,-1.809586e+01
1.625000e+01,-1.907328e+01,-1.902991e+01,-1.907110e+01,-1.897391e+01,-1.935943e+01,-1.911859e+01,-1.896421e+01,-1.809308e+01
1.675000e+01,-1.901768e+01,-1.903987e+01,-1.909632e+01,-1.898337e+01,-1.937307e+01,-1.913411e+01,-1.897597e+01,-1.807785e+01
1.725000e+01,-1.896154e+01,-1.905394e+01,-1.912010e+01,-1.898900e+01,-1.938284e+01,-1.915309e+01,-1.898317e+01,-1.806530e+01
1.775000e+01,-1.889524e+01,-1.906097e+01,-1.914126e+01,-1.899483e+01,-1.939375e+01,-1.916398e+01,-1.899350e+01,-1.804025e+01
1.825000e+01,-1.883269e+01,-1.906224e+01,-1.915909e+01,-1.900500e+01,-1.939502e+01,-1.917093e+01,-1.900674e+01,-1.800807e+01
1.875000e+01,-1.877508e+01,-1.906387e+01,-1.916936e+01,-1.900572e+01,-1.938455e+01,-1.917706e+01,-1.901055e+01,-1.796932e+01
1.925000e+01,-1.870599e+01,-1.906414e+01,-1.918197e+01,-1.900728e+01,-1.936808e+01,-1.918317e+01,-1.901409e+01,-1.792985e+01
1.975000e+01,-1.864407e+01,-1.905747e+01,-1.918908e+01,-1.900643e+01,-1.934843e+01,-1.918262e+01,-1.901473e+01,-1.789590e+01
2.025000e+01,-1.857753e+01,-1.904862e+01,-1.919835e+01,-1.900536e+01,-1.932686e+01,-1.918047e+01,-1.901544e+01,-1.785517e+01
2.075000e+01,-1.850700e+01,-1.903342e+01,-1.919757e+01,-1.899471e+01,-1.930703e+01,-1.917180e+01,-1.900648e+01,-1.781711e+01
