Time,U,B,V,R,I,gs,rs,is
7.500000e-01,-1.602688e+01,-1.543480e+01,-1.545524e+01,-1.543960e+01,-1.522261e+01,-1.553757e+01,-1.531895e+01,-1.498342e+01
1.250000e+00,-1.625802e+01,-1.593124e+01,-1.609132e+01,-1.606720e+01,-1.592670e+01,-1.610998e+01,-1.593458e+01,-1.565141e+01
1.750000e+00,-1.568253e+01,-1.578058e+01,-1.632069e+01,-1.634731e+01,-1.629798e+01,-1.613224e+01,-1.621196e+01,-1.594077e+01
2.250000e+00,-1.485488e+01,-1.515347e+01,-1.625963e+01,-1.644969e+01,-1.650064e+01,-1.570978e+01,-1.629906e+01,-1.607974e+01
2.750000e+00,-1.402413e+01,-1.424362e+01,-1.576222e+01,-1.634614e+01,-1.659691e+01,-1.491462e+01,-1.613555e+01,-1.617136e+01
3.250000e+00,-1.315670e+01,-1.352431e+01,-1.504335e+01,-1.592482e+01,-1.653185e+01,-1.417010e+01,-1.558449e+01,-1.613800e+01
3.750000e+00,-1.252306e+01,-1.305010e+01,-1.468048e+01,-1.562400e+01,-1.637223e+01,-1.375057e+01,-1.522364e+01,-1.597420e+01
4.250000e+00,-1.214694e+01,-1.286548e+01,-1.460834e+01,-1.559711e+01,-1.642406e+01,-1.362867e+01,-1.516740e+01,-1.600807e+01
4.750000e+00,-1.212647e+01,-1.289241e+01,-1.473465e+01,-1.574434e+01,-1.656569e+01,-1.369946e+01,-1.531249e+01,-1.615059e+01
5.250000e+00,-1.224391e+01,-1.307332e+01,-1.494204e+01,-1.598032e+01,-1.681589e+01,-1.388941e+01,-1.553251e+01,-1.640140e+01
5.750000e+00,-1.242688e+01,-1.327427e+01,-1.525025e+01,-1.627532e+01,-1.707802e+01,-1.415723e+01,-1.583923e+01,-1.666890e+01
6.250000e+00,-1.263628e+01,-1.354928e+01,-1.556890e+01,-1.655957e+01,-1.731960e+01,-1.445275e+01,-1.614456e+01,-1.691051e+01
6.750000e+00,-1.295436e+01,-1.382846e+01,-1.589111e+01,-1.683373e+01,-1.755452e+01,-1.475791e+01,-1.643649e+01,-1.714368e+01
7.250000e+00,-1.316467e+01,-1.408287e+01,-1.618455e+01,-1.709135e+01,-1.776603e+01,-1.503041e+01,-1.672214e+01,-1.734422e+01
7.750000e+00,-1.337170e+01,-1.433543e+01,-1.646583e+01,-1.732342e+01,-1.795083e+01,-1.530895e+01,-1.697838e+01,-1.751718e+01
8.250000e+00,-1.360714e+01,-1.455487e+01,-1.671908e+01,-1.752806e+01,-1.810825e+01,-1.555437e+01,-1.720522e+01,-1.766428e+01
8.750000e+00,-1.380716e+01,-1.476892e+01,-1.694554e+01,-1.771118e+01,-1.825107e+01,-1.577411e+01,-1.741247e+01,-1.779010e+01
9.250000e+00,-1.391301e+01,-1.491792e+01,-1.713137e+01,-1.785968e+01,-1.837144e+01,-1.594720e+01,-1.757645e+01,-1.789596e+01
9.750000e+00,-1.400012e+01,-1.504970e+01,-1.729867e+01,-1.799499e+01,-1.848174e+01,-1.610101e+01,-1.772647e+01,-1.799046e+01
1.025000e+01,-1.406229e+01,-1.516150e+01,-1.743560e+01,-1.810984e+01,-1.857301e+01,-1.622582e+01,-1.785345e+01,-1.807023e+01
1.075000e+01,-1.412320e+01,-1.525553e+01,-1.755724e+01,-1.820993e+01,-1.865973e+01,-1.633948e+01,-1.796520e+01,-1.814040e+01
1.125000e+01,-1.418233e+01,-1.533308e+01,-1.765216e+01,-1.828862e+01,-1.873178e+01,-1.642514e+01,-1.805109e+01,-1.819720e+01
1.175000e+01,-1.420464e+01,-1.539954e+01,-1.773848e+01,-1.836197e+01,-1.879341e+01,-1.650304e+01,-1.813119e+01,-1.824991e+01
1.225000e+01,-1.424705e+01,-1.546330e+01,-1.781790e+01,-1.842526e+01,-1.885525e+01,-1.657279e+01,-1.819717e+01,-1.830543e+01
1.275000e+01,-1.427145e+01,-1.550534e+01,-1.787947e+01,-1.847764e+01,-1.890802e+01,-1.662375e+01,-1.825523e+01,-1.834418e+01
1.325000e+01,-1.427030e+01,-1.554630e+01,-1.793785e+01,-1.852651e+01,-1.895404e+01,-1.667372e+01,-1.830851e+01,-1.837663e+01
1.375000e+01,-1.422404e+01,-1.556610e+01,-1.798608e+01,-1.856512e+01,-1.899085e+01,-1.670828e+01,-1.834983e+01,-1.840935e+01
1.425000e+01,-1.420224e+01,-1.558289e+01,-1.802808e+01,-1.859879e+01,-1.902770e+01,-1.673837e+01,-1.838624e+01,-1.843403e+01
1.475000e+01,-1.417528e+01,-1.559614e+01,-1.806595e+01,-1.862624e+01,-1.906107e+01,-1.676360e+01,-1.841582e+01,-1.845549e+01
1.525000e+01,-1.414696e+01,-1.561245e+01,-1.809952e+01,-1.864898e+01,-1.908941e+01,-1.678798e+01,-1.844101e+01,-1.847242e+01
1.575000e+01,-1.410619e+01,-1.562158e+01,-1.813000e+01,-1.866714e+01,-1.911309e+01,-1.680749e+01,-1.846289e+01,-1.848054e+01
1.625000e+01,-1.406793e+01,-1.562575e+01,-1.815782e+01,-1.868607e+01,-1.913328e+01,-1.682422e+01,-1.848534e+01,-1.848854e+01
1.675000e+01,-1.403348e+01,-1.563058e+01,-1.818333e+01,-1.870201e+01,-1.914996e+01,-1.683904e+01,-1.850475e+01,-1.849578e+01
1.725000e+01,-1.398334e+01,-1.563780e+01,-1.820700e+01,-1.871234e+01,-1.916372e+01,-1.685479e+01,-1.851823e+01,-1.849588e+01
1.775000e+01,-1.394094e+01,-1.564300e+01,-1.823194e+01,-1.872455e+01,-1.917834e+01,-1.687207e+01,-1.853588e+01,-1.849194e+01
1.825000e+01,-1.387093e+01,-1.564601e+01,-1.825229e+01,-1.873213e+01,-1.918489e+01,-1.688557e+01,-1.854685e+01,-1.848893e+01
1.875000e+01,-1.380643e+01,-1.564690e+01,-1.826682e+01,-1.873597e+01,-1.919121e+01,-1.689291e+01,-1.855475e+01,-1.848095e+01
1.925000e+01,-1.372139e+01,-1.564802e+01,-1.828595e+01,-1.873666e+01,-1.919169e+01,-1.690730e+01,-1.855961e+01,-1.846824e+01
1.975000e+01,-1.365374e+01,-1.564669e+01,-1.830348e+01,-1.873315e+01,-1.919082e+01,-1.692122e+01,-1.856065e+01,-1.844771e+01
2.025000e+01,-1.357858e+01,-1.564594e+01,-1.832325e+01,-1.873064e+01,-1.918745e+01,-1.693551e+01,-1.856317e+01,-1.842649e+01
2.075000e+01,-1.352270e+01,-1.564464e+01,-1.834220e+01,-1.872485e+01,-1.918377e+01,-1.694845e+01,-1.856175e+01,-1.840749e+01
