Time,U,B,V,R,I,gs,rs,is
7.500000e-01,,-4.026361e+00,-4.083255e+00,-6.078819e+00,-8.119110e+00,-4.220932e+00,-5.737446e+00,-6.418937e+00
1.250000e+00,5.036981e+00,-4.216055e+00,-5.745118e+00,-7.500822e+00,-9.325431e+00,-5.108271e+00,-7.248546e+00,-7.812142e+00
1.750000e+00,5.227127e+00,-4.870625e+00,-6.841790e+00,-8.843003e+00,-1.036704e+01,-5.833824e+00,-8.475092e+00,-9.286046e+00
2.250000e+00,4.923411e-01,-6.441991e+00,-8.250415e+00,-1.023398e+01,-1.162368e+01,-7.187944e+00,-9.801503e+00,-1.078677e+01
2.750000e+00,-4.348197e+00,-8.071130e+00,-9.830511e+00,-1.151971e+01,-1.282006e+01,-8.776456e+00,-1.110504e+01,-1.202192e+01
3.250000e+00,-7.414650e+00,-9.886524e+00,-1.128945e+01,-1.269767e+01,-1.374673e+01,-1.045175e+01,-1.237887e+01,-1.299131e+01
3.750000e+00,-1.022335e+01,-1.181846e+01,-1.283179e+01,-1.383345e+01,-1.457344e+01,-1.233273e+01,-1.362088e+01,-1.386265e+01
4.250000e+00,-1.216553e+01,-1.330705e+01,-1.396015e+01,-1.469014e+01,-1.524832e+01,-1.374562e+01,-1.449740e+01,-1.460027e+01
4.750000e+00,-1.346309e+01,-1.416921e+01,-1.480829e+01,-1.533315e+01,-1.576648e+01,-1.459435e+01,-1.514944e+01,-1.515746e+01
5.250000e+00,-1.426370e+01,-1.482106e+01,-1.545355e+01,-1.583316e+01,-1.619774e+01,-1.520333e+01,-1.566258e+01,-1.558787e+01
5.750000e+00,-1.484549e+01,-1.533894e+01,-1.590461e+01,-1.618209e+01,-1.655686e+01,-1.567734e+01,-1.602253e+01,-1.590651e+01
6.250000e+00,-1.533977e+01,-1.574000e+01,-1.624275e+01,-1.646212e+01,-1.687205e+01,-1.603916e+01,-1.630617e+01,-1.618981e+01
6.750000e+00,-1.573252e+01,-1.605193e+01,-1.650241e+01,-1.669270e+01,-1.713293e+01,-1.632964e+01,-1.654143e+01,-1.641181e+01
7.250000e+00,-1.605396e+01,-1.631372e+01,-1.671905e+01,-1.689477e+01,-1.736830e+01,-1.656852e+01,-1.674764e+01,-1.661247e+01
7.750000e+00,-1.629954e+01,-1.651444e+01,-1.688717e+01,-1.707091e+01,-1.756786e+01,-1.675610e+01,-1.692775e+01,-1.678465e+01
8.250000e+00,-1.650767e+01,-1.667953e+01,-1.702074e+01,-1.720726e+01,-1.774352e+01,-1.690645e+01,-1.706320e+01,-1.693416e+01
8.750000e+00,-1.667897e+01,-1.682440e+01,-1.714709e+01,-1.732279e+01,-1.788445e+01,-1.704189e+01,-1.718088e+01,-1.704693e+01
9.250000e+00,-1.680857e+01,-1.694047e+01,-1.724721e+01,-1.742452e+01,-1.800911e+01,-1.715062e+01,-1.728467e+01,-1.714694e+01
9.750000e+00,-1.691270e+01,-1.704238e+01,-1.733115e+01,-1.750834e+01,-1.811070e+01,-1.724613e+01,-1.737331e+01,-1.722241e+01
1.025000e+01,-1.699990e+01,-1.712081e+01,-1.740615e+01,-1.757393e+01,-1.819262e+01,-1.732420e+01,-1.743964e+01,-1.728489e+01
1.075000e+01,-1.706705e+01,-1.719009e+01,-1.747022e+01,-1.763301e+01,-1.826357e+01,-1.738933e+01,-1.749935e+01,-1.734335e+01
1.125000e+01,-1.710989e+01,-1.725207e+01,-1.753213e+01,-1.769221e+01,-1.832438e+01,-1.745255e+01,-1.756230e+01,-1.738533e+01
1.175000e+01,-1.714012e+01,-1.730438e+01,-1.758345e+01,-1.773685e+01,-1.836640e+01,-1.750618e+01,-1.761083e+01,-1.740870e+01
1.225000e+01,-1.715652e+01,-1.735355e+01,-1.762956e+01,-1.777761e+01,-1.840667e+01,-1.755645e+01,-1.765130e+01,-1.744623e+01
1.275000e+01,-1.715994e+01,-1.738988e+01,-1.766592e+01,-1.781245e+01,-1.843553e+01,-1.759446e+01,-1.769005e+01,-1.745866e+01
1.325000e+01,-1.714564e+01,-1.742015e+01,-1.769792e+01,-1.783328e+01,-1.845438e+01,-1.762851e+01,-1.771221e+01,-1.746682e+01
1.375000e+01,-1.711792e+01,-1.744230e+01,-1.773213e+01,-1.785779e+01,-1.846568e+01,-1.765605e+01,-1.774048e+01,-1.746696e+01
1.425000e+01,-1.707972e+01,-1.746250e+01,-1.776277e+01,-1.788315e+01,-1.847118e+01,-1.768183e+01,-1.776940e+01,-1.747143e+01
1.475000e+01,-1.703502e+01,-1.748083e+01,-1.779110e+01,-1.789649e+01,-1.846728e+01,-1.770699e+01,-1.778631e+01,-1.745795e+01
1.525000e+01,-1.697987e+01,-1.749299e+01,-1.780683e+01,-1.790627e+01,-1.846264e+01,-1.772534e+01,-1.779608e+01,-1.745155e+01
1.575000e+01,-1.691848e+01,-1.749478e+01,-1.782602e+01,-1.791237e+01,-1.845460e+01,-1.773698e+01,-1.780642e+01,-1.742946e+01
1.625000e+01,-1.685134e+01,-1.749828e+01,-1.784106e+01,-1.791687e+01,-1.844097e+01,-1.774732e+01,-1.781705e+01,-1.740222e+01
1.675000e+01,-1.677619e+01,-1.749517e+01,-1.785302e+01,-1.791462e+01,-1.842284e+01,-1.775436e+01,-1.781823e+01,-1.737047e+01
1.725000e+01,-1.668546e+01,-1.748607e+01,-1.786793e+01,-1.791276e+01,-1.840601e+01,-1.775600e+01,-1.782105e+01,-1.734316e+01
1.775000e+01,-1.658496e+01,-1.747289e+01,-1.787731e+01,-1.791651e+01,-1.838697e+01,-1.775143e+01,-1.783009e+01,-1.731573e+01
1.825000e+01,-1.648124e+01,-1.744965e+01,-1.788327e+01,-1.791306e+01,-1.836876e+01,-1.774056e+01,-1.783028e+01,-1.728580e+01
1.875000e+01,-1.636417e+01,-1.741865e+01,-1.787938e+01,-1.790326e+01,-1.834816e+01,-1.772166e+01,-1.782333e+01,-1.725581e+01
1.925000e+01,-1.622645e+01,-1.737665e+01,-1.787504e+01,-1.789771e+01,-1.832229e+01,-1.769482e+01,-1.782027e+01,-1.722462e+01
1.975000e+01,-1.609288e+01,-1.733116e+01,-1.786620e+01,-1.788417e+01,-1.830184e+01,-1.766560e+01,-1.780993e+01,-1.718965e+01
2.025000e+01,-1.596063e+01,-1.727627e+01,-1.785455e+01,-1.786737e+01,-1.828026e+01,-1.762763e+01,-1.779696e+01,-1.714954e+01
2.075000e+01,-1.582708e+01,-1.721261e+01,-1.784348e+01,-1.785670e+01,-1.826078e+01,-1.758116e+01,-1.778880e+01,-1.712354e+01
