Time,U,B,V,R,I,gs,rs,is
7.500000e-01,1.894734e+00,-5.126922e+00,-7.328757e+00,-7.012273e+00,-8.013615e+00,-6.770664e+00,-6.796481e+00,-6.982157e+00
1.250000e+00,-7.118664e-02,-5.852362e+00,-7.540551e+00,-8.906173e+00,-9.981498e+00,-6.766908e+00,-8.474883e+00,-9.328836e+00
1.750000e+00,-2.677829e+00,-7.662495e+00,-9.306102e+00,-1.040598e+01,-1.132153e+01,-8.445071e+00,-1.011503e+01,-1.065500e+01
2.250000e+00,-6.494567e+00,-9.566038e+00,-1.096982e+01,-1.189334e+01,-1.261206e+01,-1.018024e+01,-1.161892e+01,-1.201723e+01
2.750000e+00,-9.515237e+00,-1.127659e+01,-1.227834e+01,-1.312317e+01,-1.365751e+01,-1.168710e+01,-1.290037e+01,-1.312595e+01
3.250000e+00,-1.187040e+01,-1.275289e+01,-1.355007e+01,-1.416648e+01,-1.457261e+01,-1.307699e+01,-1.397762e+01,-1.405152e+01
3.750000e+00,-1.362632e+01,-1.388964e+01,-1.459640e+01,-1.496001e+01,-1.527455e+01,-1.418353e+01,-1.477485e+01,-1.479131e+01
4.250000e+00,-1.470436e+01,-1.473171e+01,-1.529672e+01,-1.555554e+01,-1.578560e+01,-1.497806e+01,-1.538886e+01,-1.529418e+01
4.750000e+00,-1.549641e+01,-1.537605e+01,-1.581435e+01,-1.600544e+01,-1.618439e+01,-1.559461e+01,-1.584969e+01,-1.568779e+01
5.250000e+00,-1.603478e+01,-1.583418e+01,-1.621749e+01,-1.638086e+01,-1.657911e+01,-1.604680e+01,-1.623087e+01,-1.604440e+01
5.750000e+00,-1.646068e+01,-1.621973e+01,-1.653112e+01,-1.669107e+01,-1.692117e+01,-1.641285e+01,-1.654387e+01,-1.635122e+01
6.250000e+00,-1.679725e+01,-1.650295e+01,-1.679781e+01,-1.695655e+01,-1.721317e+01,-1.669038e+01,-1.681647e+01,-1.660043e+01
6.750000e+00,-1.707208e+01,-1.674740e+01,-1.701362e+01,-1.717519e+01,-1.745096e+01,-1.692537e+01,-1.704023e+01,-1.680516e+01
7.250000e+00,-1.731018e+01,-1.695533e+01,-1.719240e+01,-1.735256e+01,-1.765922e+01,-1.712075e+01,-1.722039e+01,-1.699330e+01
7.750000e+00,-1.748789e+01,-1.711648e+01,-1.734900e+01,-1.750773e+01,-1.782669e+01,-1.727732e+01,-1.737961e+01,-1.713433e+01
8.250000e+00,-1.763826e+01,-1.726734e+01,-1.748319e+01,-1.765439e+01,-1.797624e+01,-1.741890e+01,-1.752976e+01,-1.727017e+01
8.750000e+00,-1.776314e+01,-1.739030e+01,-1.758982e+01,-1.776033e+01,-1.808911e+01,-1.754022e+01,-1.764090e+01,-1.736116e+01
9.250000e+00,-1.786072e+01,-1.749285e+01,-1.769161e+01,-1.784913e+01,-1.818446e+01,-1.764171e+01,-1.773119e+01,-1.744933e+01
9.750000e+00,-1.794589e+01,-1.758081e+01,-1.777237e+01,-1.793038e+01,-1.827521e+01,-1.772552e+01,-1.781484e+01,-1.752482e+01
1.025000e+01,-1.801746e+01,-1.765163e+01,-1.784082e+01,-1.799763e+01,-1.834573e+01,-1.779725e+01,-1.788701e+01,-1.757575e+01
1.075000e+01,-1.807080e+01,-1.771980e+01,-1.790524e+01,-1.804963e+01,-1.840482e+01,-1.786391e+01,-1.793919e+01,-1.762967e+01
1.125000e+01,-1.811436e+01,-1.777959e+01,-1.795444e+01,-1.809880e+01,-1.845881e+01,-1.792283e+01,-1.799042e+01,-1.766888e+01
1.175000e+01,-1.814482e+01,-1.783053e+01,-1.799669e+01,-1.813753e+01,-1.849043e+01,-1.797187e+01,-1.803272e+01,-1.768795e+01
1.225000e+01,-1.816957e+01,-1.786962e+01,-1.803775e+01,-1.817258e+01,-1.852553e+01,-1.801224e+01,-1.807104e+01,-1.770899e+01
1.275000e+01,-1.817945e+01,-1.790903e+01,-1.807634e+01,-1.819839e+01,-1.855853e+01,-1.805218e+01,-1.810027e+01,-1.772552e+01
1.325000e+01,-1.818905e+01,-1.794763e+01,-1.811185e+01,-1.822445e+01,-1.858340e+01,-1.809128e+01,-1.812780e+01,-1.773962e+01
1.375000e+01,-1.818389e+01,-1.798129e+01,-1.814567e+01,-1.824664e+01,-1.860156e+01,-1.812650e+01,-1.815505e+01,-1.773706e+01
1.425000e+01,-1.816218e+01,-1.800927e+01,-1.817393e+01,-1.826130e+01,-1.862044e+01,-1.815509e+01,-1.817191e+01,-1.774168e+01
1.475000e+01,-1.812974e+01,-1.803425e+01,-1.819829e+01,-1.827776e+01,-1.863777e+01,-1.818355e+01,-1.818840e+01,-1.775181e+01
1.525000e+01,-1.809188e+01,-1.806134e+01,-1.822457e+01,-1.828755e+01,-1.864699e+01,-1.821156e+01,-1.820080e+01,-1.774995e+01
1.575000e+01,-1.803715e+01,-1.807772e+01,-1.825075e+01,-1.830257e+01,-1.865181e+01,-1.823246e+01,-1.822253e+01,-1.773191e+01
1.625000e+01,-1.798058e+01,-1.809223e+01,-1.827035e+01,-1.830347e+01,-1.865594e+01,-1.825050e+01,-1.822720e+01,-1.771531e+01
1.675000e+01,-1.792384e+01,-1.810358e+01,-1.828779e+01,-1.830551e+01,-1.865861e+01,-1.826601e+01,-1.823276e+01,-1.770510e+01
1.725000e+01,-1.785894e+01,-1.810980e+01,-1.830497e+01,-1.830896e+01,-1.865322e+01,-1.827684e+01,-1.824089e+01,-1.768701e+01
1.775000e+01,-1.778281e+01,-1.811044e+01,-1.832144e+01,-1.830600e+01,-1.864905e+01,-1.828570e+01,-1.824222e+01,-1.765981e+01
1.825000e+01,-1.771592e+01,-1.810299e+01,-1.833136e+01,-1.830650e+01,-1.864094e+01,-1.828679e+01,-1.824612e+01,-1.763717e+01
1.875000e+01,-1.764313e+01,-1.809692e+01,-1.833919e+01,-1.830127e+01,-1.862837e+01,-1.828702e+01,-1.824616e+01,-1.760780e+01
1.925000e+01,-1.755376e+01,-1.808397e+01,-1.834650e+01,-1.829677e+01,-1.861246e+01,-1.828484e+01,-1.824606e+01,-1.756809e+01
1.975000e+01,-1.746250e+01,-1.806180e+01,-1.835295e+01,-1.828875e+01,-1.859353e+01,-1.827432e+01,-1.824183e+01,-1.753454e+01
2.025000e+01,-1.736330e+01,-1.803478e+01,-1.835089e+01,-1.828406e+01,-1.858269e+01,-1.825847e+01,-1.823889e+01,-1.751586e+01
2.075000e+01,-1.726413e+01,-1.800182e+01,-1.835102e+01,-1.827933e+01,-1.856578e+01,-1.823819e+01,-1.823752e+01,-1.748193e+01
