Time,U,B,V,R,I,gs,rs,is
7.500000e-01,-3.631227e+00,-6.546392e+00,-6.725576e+00,-8.588302e+00,-1.004725e+01,-6.960094e+00,-8.019550e+00,-9.391899e+00
1.250000e+00,-2.826973e+00,-8.139041e+00,-9.732033e+00,-1.052041e+01,-1.120223e+01,-8.839886e+00,-1.030309e+01,-1.057199e+01
1.750000e+00,-7.685140e+00,-1.053584e+01,-1.131497e+01,-1.214948e+01,-1.256303e+01,-1.083846e+01,-1.194767e+01,-1.205080e+01
2.250000e+00,-1.072566e+01,-1.233721e+01,-1.295146e+01,-1.348256e+01,-1.375495e+01,-1.251822e+01,-1.331696e+01,-1.326550e+01
2.750000e+00,-1.306385e+01,-1.378760e+01,-1.433116e+01,-1.459694e+01,-1.474934e+01,-1.395974e+01,-1.443919e+01,-1.431758e+01
3.250000e+00,-1.461899e+01,-1.478441e+01,-1.518057e+01,-1.536993e+01,-1.552981e+01,-1.494260e+01,-1.520294e+01,-1.508119e+01
3.750000e+00,-1.557970e+01,-1.549276e+01,-1.584032e+01,-1.599302e+01,-1.616742e+01,-1.566765e+01,-1.584517e+01,-1.564707e+01
4.250000e+00,-1.632328e+01,-1.602831e+01,-1.632843e+01,-1.647223e+01,-1.665366e+01,-1.620995e+01,-1.633900e+01,-1.608115e+01
4.750000e+00,-1.690324e+01,-1.645714e+01,-1.669949e+01,-1.684602e+01,-1.706673e+01,-1.662250e+01,-1.671323e+01,-1.647024e+01
5.250000e+00,-1.732207e+01,-1.681494e+01,-1.701450e+01,-1.716529e+01,-1.739027e+01,-1.696294e+01,-1.704294e+01,-1.677379e+01
5.750000e+00,-1.765755e+01,-1.709958e+01,-1.728383e+01,-1.743973e+01,-1.762360e+01,-1.723753e+01,-1.732929e+01,-1.702080e+01
6.250000e+00,-1.791968e+01,-1.734939e+01,-1.749500e+01,-1.766228e+01,-1.782399e+01,-1.747016e+01,-1.755579e+01,-1.723804e+01
6.750000e+00,-1.812920e+01,-1.755161e+01,-1.767832e+01,-1.785236e+01,-1.797740e+01,-1.766261e+01,-1.774917e+01,-1.741495e+01
7.250000e+00,-1.831420e+01,-1.772196e+01,-1.783848e+01,-1.799986e+01,-1.810575e+01,-1.782771e+01,-1.790506e+01,-1.754459e+01
7.750000e+00,-1.847246e+01,-1.786925e+01,-1.796684e+01,-1.812703e+01,-1.819745e+01,-1.796174e+01,-1.803941e+01,-1.763361e+01
8.250000e+00,-1.858969e+01,-1.798906e+01,-1.807056e+01,-1.823128e+01,-1.828467e+01,-1.807614e+01,-1.814847e+01,-1.772120e+01
8.750000e+00,-1.868678e+01,-1.809089e+01,-1.816410e+01,-1.831685e+01,-1.836521e+01,-1.817136e+01,-1.823819e+01,-1.779273e+01
9.250000e+00,-1.876516e+01,-1.817617e+01,-1.824324e+01,-1.838132e+01,-1.843621e+01,-1.825624e+01,-1.830264e+01,-1.785217e+01
9.750000e+00,-1.883007e+01,-1.825590e+01,-1.831214e+01,-1.845369e+01,-1.851960e+01,-1.833370e+01,-1.837817e+01,-1.791488e+01
1.025000e+01,-1.888078e+01,-1.832003e+01,-1.837309e+01,-1.850066e+01,-1.857869e+01,-1.839826e+01,-1.842799e+01,-1.796129e+01
1.075000e+01,-1.893365e+01,-1.837959e+01,-1.842754e+01,-1.854363e+01,-1.864542e+01,-1.845944e+01,-1.847151e+01,-1.799670e+01
1.125000e+01,-1.897302e+01,-1.843131e+01,-1.848090e+01,-1.857977e+01,-1.869360e+01,-1.851089e+01,-1.850994e+01,-1.802462e+01
1.175000e+01,-1.899850e+01,-1.847573e+01,-1.852321e+01,-1.861226e+01,-1.874704e+01,-1.855654e+01,-1.854037e+01,-1.806442e+01
1.225000e+01,-1.902105e+01,-1.851897e+01,-1.856423e+01,-1.864481e+01,-1.879714e+01,-1.860178e+01,-1.857956e+01,-1.806781e+01
1.275000e+01,-1.903653e+01,-1.855510e+01,-1.860046e+01,-1.866400e+01,-1.883763e+01,-1.863850e+01,-1.860272e+01,-1.806931e+01
1.325000e+01,-1.904472e+01,-1.859104e+01,-1.863525e+01,-1.867804e+01,-1.887222e+01,-1.867785e+01,-1.862096e+01,-1.806592e+01
1.375000e+01,-1.904106e+01,-1.862069e+01,-1.867113e+01,-1.869201e+01,-1.890470e+01,-1.871228e+01,-1.863993e+01,-1.806017e+01
1.425000e+01,-1.902738e+01,-1.864496e+01,-1.870011e+01,-1.870466e+01,-1.892945e+01,-1.873846e+01,-1.865654e+01,-1.804511e+01
1.475000e+01,-1.899871e+01,-1.866713e+01,-1.873109e+01,-1.871786e+01,-1.895540e+01,-1.876620e+01,-1.867253e+01,-1.803312e+01
1.525000e+01,-1.896955e+01,-1.869107e+01,-1.875490e+01,-1.873620e+01,-1.898099e+01,-1.879165e+01,-1.869489e+01,-1.802348e+01
1.575000e+01,-1.892913e+01,-1.871198e+01,-1.877680e+01,-1.874185e+01,-1.899833e+01,-1.881467e+01,-1.870562e+01,-1.799333e+01
1.625000e+01,-1.887849e+01,-1.872588e+01,-1.880675e+01,-1.874710e+01,-1.900624e+01,-1.883586e+01,-1.871495e+01,-1.796623e+01
1.675000e+01,-1.882506e+01,-1.874077e+01,-1.882406e+01,-1.875411e+01,-1.901497e+01,-1.885110e+01,-1.872422e+01,-1.794189e+01
1.725000e+01,-1.876106e+01,-1.875187e+01,-1.884050e+01,-1.876001e+01,-1.902318e+01,-1.886378e+01,-1.873355e+01,-1.792228e+01
1.775000e+01,-1.869379e+01,-1.876133e+01,-1.886250e+01,-1.876747e+01,-1.901840e+01,-1.887760e+01,-1.874672e+01,-1.788735e+01
1.825000e+01,-1.862816e+01,-1.876397e+01,-1.887461e+01,-1.877266e+01,-1.901593e+01,-1.888509e+01,-1.875452e+01,-1.785819e+01
1.875000e+01,-1.856393e+01,-1.876647e+01,-1.888917e+01,-1.877296e+01,-1.900818e+01,-1.889194e+01,-1.875774e+01,-1.782737e+01
1.925000e+01,-1.849437e+01,-1.876431e+01,-1.890368e+01,-1.877503e+01,-1.899892e+01,-1.889647e+01,-1.876308e+01,-1.779650e+01
1.975000e+01,-1.843010e+01,-1.875636e+01,-1.891260e+01,-1.877018e+01,-1.898533e+01,-1.889568e+01,-1.875947e+01,-1.776742e+01
2.025000e+01,-1.835846e+01,-1.874382e+01,-1.892073e+01,-1.876535e+01,-1.897521e+01,-1.888825e+01,-1.875702e+01,-1.774700e+01
2.075000e+01,-1.828896e+01,-1.873187e+01,-1.892800e+01,-1.876163e+01,-1.895881e+01,-1.888333e+01,-1.875600e+01,-1.771410e+01
