Time,U,B,V,R,I,gs,rs,is
7.500000e-01,-1.733346e+01,-1.612028e+01,-1.581264e+01,-1.527815e+01,-1.471635e+01,-1.616639e+01,-1.522989e+01,-1.448476e+01
1.250000e+00,-1.808216e+01,-1.685366e+01,-1.665527e+01,-1.613685e+01,-1.545120e+01,-1.690925e+01,-1.609637e+01,-1.524219e+01
1.750000e+00,-1.829855e+01,-1.726071e+01,-1.711668e+01,-1.683801e+01,-1.603108e+01,-1.728538e+01,-1.679173e+01,-1.592074e+01
2.250000e+00,-1.806161e+01,-1.738776e+01,-1.727648e+01,-1.718889e+01,-1.661377e+01,-1.742271e+01,-1.710320e+01,-1.649172e+01
2.750000e+00,-1.741498e+01,-1.721918e+01,-1.721986e+01,-1.718191e+01,-1.694461e+01,-1.732270e+01,-1.705879e+01,-1.670934e+01
3.250000e+00,-1.608738e+01,-1.659613e+01,-1.720315e+01,-1.715643e+01,-1.703875e+01,-1.700045e+01,-1.701675e+01,-1.674805e+01
3.750000e+00,-1.495895e+01,-1.556122e+01,-1.698004e+01,-1.725689e+01,-1.727601e+01,-1.623261e+01,-1.708816e+01,-1.695218e+01
4.250000e+00,-1.414570e+01,-1.468001e+01,-1.640865e+01,-1.718790e+01,-1.742547e+01,-1.540032e+01,-1.697438e+01,-1.708383e+01
4.750000e+00,-1.357312e+01,-1.423647e+01,-1.602125e+01,-1.700910e+01,-1.744802e+01,-1.498434e+01,-1.675222e+01,-1.707384e+01
5.250000e+00,-1.336080e+01,-1.415796e+01,-1.600819e+01,-1.702325e+01,-1.753599e+01,-1.494823e+01,-1.674272e+01,-1.714715e+01
5.750000e+00,-1.336556e+01,-1.424157e+01,-1.617786e+01,-1.717598e+01,-1.767174e+01,-1.508355e+01,-1.689522e+01,-1.728937e+01
6.250000e+00,-1.359202e+01,-1.444783e+01,-1.643984e+01,-1.738952e+01,-1.784773e+01,-1.531683e+01,-1.712370e+01,-1.745581e+01
6.750000e+00,-1.378624e+01,-1.470821e+01,-1.675261e+01,-1.762100e+01,-1.801923e+01,-1.561881e+01,-1.737474e+01,-1.762108e+01
7.250000e+00,-1.393958e+01,-1.493098e+01,-1.702763e+01,-1.783710e+01,-1.817706e+01,-1.587259e+01,-1.761197e+01,-1.776742e+01
7.750000e+00,-1.417657e+01,-1.517995e+01,-1.728262e+01,-1.802718e+01,-1.831198e+01,-1.612948e+01,-1.781925e+01,-1.789503e+01
8.250000e+00,-1.436812e+01,-1.538410e+01,-1.750952e+01,-1.819338e+01,-1.842848e+01,-1.635200e+01,-1.800269e+01,-1.799705e+01
8.750000e+00,-1.454266e+01,-1.558331e+01,-1.771388e+01,-1.833936e+01,-1.853333e+01,-1.655993e+01,-1.816153e+01,-1.808864e+01
9.250000e+00,-1.465648e+01,-1.573589e+01,-1.788213e+01,-1.846087e+01,-1.862684e+01,-1.672293e+01,-1.829311e+01,-1.817249e+01
9.750000e+00,-1.475434e+01,-1.585998e+01,-1.801959e+01,-1.856771e+01,-1.871621e+01,-1.685328e+01,-1.840848e+01,-1.824679e+01
1.025000e+01,-1.483906e+01,-1.596997e+01,-1.813878e+01,-1.865848e+01,-1.879425e+01,-1.697063e+01,-1.850623e+01,-1.831002e+01
1.075000e+01,-1.490454e+01,-1.606607e+01,-1.824771e+01,-1.874054e+01,-1.886200e+01,-1.707235e+01,-1.859434e+01,-1.835873e+01
1.125000e+01,-1.496570e+01,-1.613841e+01,-1.833407e+01,-1.881438e+01,-1.892663e+01,-1.714681e+01,-1.867385e+01,-1.841051e+01
1.175000e+01,-1.498604e+01,-1.619281e+01,-1.840433e+01,-1.887285e+01,-1.898343e+01,-1.720852e+01,-1.873625e+01,-1.845168e+01
1.225000e+01,-1.498189e+01,-1.622200e+01,-1.846476e+01,-1.892581e+01,-1.904539e+01,-1.725186e+01,-1.879193e+01,-1.849397e+01
1.275000e+01,-1.495485e+01,-1.624500e+01,-1.850924e+01,-1.896876e+01,-1.909434e+01,-1.728250e+01,-1.883741e+01,-1.852737e+01
1.325000e+01,-1.495235e+01,-1.626945e+01,-1.855152e+01,-1.900939e+01,-1.914703e+01,-1.731125e+01,-1.888124e+01,-1.855637e+01
1.375000e+01,-1.494888e+01,-1.628364e+01,-1.858920e+01,-1.904581e+01,-1.918475e+01,-1.733519e+01,-1.891884e+01,-1.858381e+01
1.425000e+01,-1.492185e+01,-1.628639e+01,-1.861892e+01,-1.907531e+01,-1.923054e+01,-1.734941e+01,-1.894879e+01,-1.861322e+01
1.475000e+01,-1.487398e+01,-1.628604e+01,-1.864418e+01,-1.910003e+01,-1.926952e+01,-1.735893e+01,-1.897396e+01,-1.863678e+01
1.525000e+01,-1.483328e+01,-1.627333e+01,-1.866557e+01,-1.912294e+01,-1.930465e+01,-1.736197e+01,-1.899692e+01,-1.865953e+01
1.575000e+01,-1.476463e+01,-1.625900e+01,-1.867594e+01,-1.913994e+01,-1.933517e+01,-1.735306e+01,-1.901543e+01,-1.867199e+01
1.625000e+01,-1.470471e+01,-1.623714e+01,-1.868193e+01,-1.915043e+01,-1.936258e+01,-1.734106e+01,-1.902398e+01,-1.868748e+01
1.675000e+01,-1.466389e+01,-1.621643e+01,-1.868654e+01,-1.915969e+01,-1.938382e+01,-1.732854e+01,-1.903156e+01,-1.870368e+01
1.725000e+01,-1.459195e+01,-1.619301e+01,-1.868705e+01,-1.916462e+01,-1.940423e+01,-1.731495e+01,-1.903425e+01,-1.871768e+01
1.775000e+01,-1.453701e+01,-1.616914e+01,-1.868596e+01,-1.916461e+01,-1.942507e+01,-1.729977e+01,-1.903157e+01,-1.872774e+01
1.825000e+01,-1.449008e+01,-1.614791e+01,-1.868470e+01,-1.916180e+01,-1.944173e+01,-1.728567e+01,-1.902660e+01,-1.873319e+01
1.875000e+01,-1.441571e+01,-1.612089e+01,-1.868127e+01,-1.915876e+01,-1.944948e+01,-1.726697e+01,-1.902331e+01,-1.873027e+01
1.925000e+01,-1.435833e+01,-1.609316e+01,-1.867615e+01,-1.915495e+01,-1.946036e+01,-1.724767e+01,-1.901850e+01,-1.873190e+01
1.975000e+01,-1.427405e+01,-1.605955e+01,-1.866611e+01,-1.914523e+01,-1.946546e+01,-1.722334e+01,-1.900787e+01,-1.872599e+01
2.025000e+01,-1.420037e+01,-1.603421e+01,-1.866116e+01,-1.913458e+01,-1.947121e+01,-1.720728e+01,-1.899576e+01,-1.872177e+01
2.075000e+01,-1.413468e+01,-1.601110e+01,-1.865552e+01,-1.912434e+01,-1.947137e+01,-1.718939e+01,-1.898623e+01,-1.870783e+01
