Time,U,B,V,R,I,gs,rs,is
7.500000e-01,-1.645704e+01,-1.550407e+01,-1.540536e+01,-1.521920e+01,-1.462520e+01,-1.555629e+01,-1.515396e+01,-1.445934e+01
1.250000e+00,-1.553306e+01,-1.524663e+01,-1.543932e+01,-1.538120e+01,-1.531387e+01,-1.542706e+01,-1.525102e+01,-1.496535e+01
1.750000e+00,-1.258871e+01,-1.298277e+01,-1.431045e+01,-1.487585e+01,-1.523098e+01,-1.355305e+01,-1.464873e+01,-1.482703e+01
2.250000e+00,-1.027599e+01,-1.114890e+01,-1.293403e+01,-1.386995e+01,-1.450028e+01,-1.190684e+01,-1.358022e+01,-1.399969e+01
2.750000e+00,-8.469114e+00,-9.717836e+00,-1.187467e+01,-1.317775e+01,-1.396215e+01,-1.055708e+01,-1.287483e+01,-1.335277e+01
3.250000e+00,-7.212016e+00,-8.916135e+00,-1.150496e+01,-1.320565e+01,-1.398044e+01,-9.825743e+00,-1.290780e+01,-1.336484e+01
3.750000e+00,-8.015362e+00,-9.678543e+00,-1.225037e+01,-1.389775e+01,-1.452015e+01,-1.056437e+01,-1.364846e+01,-1.392372e+01
4.250000e+00,-9.272923e+00,-1.092115e+01,-1.343152e+01,-1.473826e+01,-1.526034e+01,-1.189825e+01,-1.450972e+01,-1.469757e+01
4.750000e+00,-1.038314e+01,-1.219753e+01,-1.445918e+01,-1.540528e+01,-1.589061e+01,-1.322033e+01,-1.519230e+01,-1.531468e+01
5.250000e+00,-1.108551e+01,-1.312708e+01,-1.527988e+01,-1.591389e+01,-1.633200e+01,-1.418775e+01,-1.573304e+01,-1.571062e+01
5.750000e+00,-1.169196e+01,-1.382014e+01,-1.584946e+01,-1.629492e+01,-1.665989e+01,-1.483914e+01,-1.613238e+01,-1.601874e+01
6.250000e+00,-1.215537e+01,-1.429136e+01,-1.623853e+01,-1.661798e+01,-1.697114e+01,-1.526722e+01,-1.646609e+01,-1.629553e+01
6.750000e+00,-1.263770e+01,-1.466450e+01,-1.653584e+01,-1.687171e+01,-1.722417e+01,-1.560799e+01,-1.672448e+01,-1.653533e+01
7.250000e+00,-1.304372e+01,-1.495065e+01,-1.677795e+01,-1.708696e+01,-1.744282e+01,-1.586688e+01,-1.694389e+01,-1.673791e+01
7.750000e+00,-1.333305e+01,-1.519681e+01,-1.697434e+01,-1.726382e+01,-1.763647e+01,-1.609734e+01,-1.712789e+01,-1.690138e+01
8.250000e+00,-1.357711e+01,-1.540882e+01,-1.715050e+01,-1.741898e+01,-1.780498e+01,-1.629449e+01,-1.728719e+01,-1.704574e+01
8.750000e+00,-1.381263e+01,-1.559934e+01,-1.729984e+01,-1.754951e+01,-1.795887e+01,-1.646680e+01,-1.742042e+01,-1.717606e+01
9.250000e+00,-1.401118e+01,-1.576843e+01,-1.743135e+01,-1.766204e+01,-1.808707e+01,-1.662237e+01,-1.753557e+01,-1.728766e+01
9.750000e+00,-1.419117e+01,-1.591991e+01,-1.754883e+01,-1.775452e+01,-1.820041e+01,-1.676182e+01,-1.763268e+01,-1.737476e+01
1.025000e+01,-1.432912e+01,-1.605512e+01,-1.764537e+01,-1.783232e+01,-1.830568e+01,-1.688311e+01,-1.771305e+01,-1.745464e+01
1.075000e+01,-1.444877e+01,-1.618287e+01,-1.772229e+01,-1.789453e+01,-1.839667e+01,-1.699257e+01,-1.777713e+01,-1.752134e+01
1.125000e+01,-1.454782e+01,-1.629086e+01,-1.779080e+01,-1.794627e+01,-1.847412e+01,-1.708819e+01,-1.782951e+01,-1.757908e+01
1.175000e+01,-1.465383e+01,-1.638653e+01,-1.784786e+01,-1.798300e+01,-1.854522e+01,-1.716961e+01,-1.786621e+01,-1.762799e+01
1.225000e+01,-1.473556e+01,-1.648100e+01,-1.790321e+01,-1.801575e+01,-1.860434e+01,-1.725158e+01,-1.789904e+01,-1.767055e+01
1.275000e+01,-1.478314e+01,-1.655948e+01,-1.794433e+01,-1.803498e+01,-1.865678e+01,-1.731810e+01,-1.791645e+01,-1.770963e+01
1.325000e+01,-1.482366e+01,-1.663289e+01,-1.798148e+01,-1.805071e+01,-1.870652e+01,-1.738120e+01,-1.793224e+01,-1.774010e+01
1.375000e+01,-1.486191e+01,-1.669985e+01,-1.801442e+01,-1.806186e+01,-1.875172e+01,-1.743610e+01,-1.794442e+01,-1.776304e+01
1.425000e+01,-1.489205e+01,-1.675602e+01,-1.803421e+01,-1.807065e+01,-1.878367e+01,-1.747969e+01,-1.795297e+01,-1.777875e+01
1.475000e+01,-1.490413e+01,-1.680646e+01,-1.805417e+01,-1.806952e+01,-1.880815e+01,-1.751999e+01,-1.795130e+01,-1.778652e+01
1.525000e+01,-1.489949e+01,-1.684953e+01,-1.806786e+01,-1.806726e+01,-1.882823e+01,-1.755272e+01,-1.794901e+01,-1.779159e+01
1.575000e+01,-1.487497e+01,-1.688627e+01,-1.807470e+01,-1.806501e+01,-1.884112e+01,-1.757793e+01,-1.794802e+01,-1.779096e+01
1.625000e+01,-1.484352e+01,-1.691532e+01,-1.807630e+01,-1.805809e+01,-1.885102e+01,-1.759642e+01,-1.794063e+01,-1.778819e+01
1.675000e+01,-1.480353e+01,-1.693837e+01,-1.807411e+01,-1.804959e+01,-1.885515e+01,-1.760906e+01,-1.793374e+01,-1.777457e+01
1.725000e+01,-1.473937e+01,-1.695427e+01,-1.807183e+01,-1.803612e+01,-1.885393e+01,-1.761834e+01,-1.792327e+01,-1.775387e+01
1.775000e+01,-1.465126e+01,-1.696544e+01,-1.806048e+01,-1.802364e+01,-1.884423e+01,-1.762067e+01,-1.791344e+01,-1.772896e+01
1.825000e+01,-1.455265e+01,-1.696370e+01,-1.805152e+01,-1.801232e+01,-1.882786e+01,-1.761466e+01,-1.790419e+01,-1.770271e+01
1.875000e+01,-1.446128e+01,-1.695436e+01,-1.803843e+01,-1.799661e+01,-1.880829e+01,-1.760190e+01,-1.789017e+01,-1.767577e+01
1.925000e+01,-1.433582e+01,-1.693237e+01,-1.802427e+01,-1.797930e+01,-1.878726e+01,-1.757985e+01,-1.787684e+01,-1.764274e+01
1.975000e+01,-1.419641e+01,-1.690067e+01,-1.800940e+01,-1.796347e+01,-1.876073e+01,-1.755357e+01,-1.786484e+01,-1.760372e+01
2.025000e+01,-1.402885e+01,-1.684616e+01,-1.799297e+01,-1.795718e+01,-1.873289e+01,-1.751057e+01,-1.786234e+01,-1.757042e+01
2.075000e+01,-1.383873e+01,-1.676709e+01,-1.797392e+01,-1.794576e+01,-1.870337e+01,-1.745219e+01,-1.785426e+01,-1.753396e+01
