Time,U,B,V,R,I,gs,rs,is
7.500000e-01,,-3.101593e+00,-6.837329e+00,-6.755099e+00,-7.290330e+00,-5.319491e+00,-6.829365e+00,-5.709299e+00
1.250000e+00,,,-2.248059e+00,-5.473851e+00,-7.350260e+00,,-5.229917e+00,-5.906170e+00
1.750000e+00,,2.209707e+00,-4.526347e+00,-7.162969e+00,-8.992064e+00,-9.871561e-02,-6.791981e+00,-7.721075e+00
2.250000e+00,-1.536620e+00,-3.938263e+00,-7.510431e+00,-9.698434e+00,-1.136790e+01,-5.392165e+00,-9.184961e+00,-1.038777e+01
2.750000e+00,-6.454511e+00,-8.005321e+00,-1.045233e+01,-1.232484e+01,-1.352327e+01,-8.986795e+00,-1.170913e+01,-1.297943e+01
3.250000e+00,-9.080546e+00,-1.017697e+01,-1.280756e+01,-1.400019e+01,-1.487906e+01,-1.134658e+01,-1.346559e+01,-1.453191e+01
3.750000e+00,-1.045137e+01,-1.163627e+01,-1.457665e+01,-1.504994e+01,-1.567322e+01,-1.297211e+01,-1.468824e+01,-1.531184e+01
4.250000e+00,-1.131557e+01,-1.258224e+01,-1.549641e+01,-1.575534e+01,-1.622998e+01,-1.391946e+01,-1.547312e+01,-1.583581e+01
4.750000e+00,-1.200724e+01,-1.329562e+01,-1.611474e+01,-1.630144e+01,-1.667636e+01,-1.456331e+01,-1.605855e+01,-1.627731e+01
5.250000e+00,-1.280577e+01,-1.395088e+01,-1.660753e+01,-1.676805e+01,-1.707543e+01,-1.513689e+01,-1.655124e+01,-1.667599e+01
5.750000e+00,-1.346633e+01,-1.452703e+01,-1.701388e+01,-1.714166e+01,-1.743022e+01,-1.564848e+01,-1.694864e+01,-1.699125e+01
6.250000e+00,-1.406865e+01,-1.503300e+01,-1.735318e+01,-1.745354e+01,-1.772765e+01,-1.609813e+01,-1.728606e+01,-1.722940e+01
6.750000e+00,-1.462892e+01,-1.551987e+01,-1.763357e+01,-1.771056e+01,-1.799072e+01,-1.650673e+01,-1.756181e+01,-1.742853e+01
7.250000e+00,-1.512700e+01,-1.596245e+01,-1.786731e+01,-1.791163e+01,-1.821261e+01,-1.686910e+01,-1.777994e+01,-1.757818e+01
7.750000e+00,-1.552368e+01,-1.634327e+01,-1.805233e+01,-1.805169e+01,-1.839891e+01,-1.718095e+01,-1.792805e+01,-1.769594e+01
8.250000e+00,-1.583239e+01,-1.663827e+01,-1.820270e+01,-1.817702e+01,-1.856688e+01,-1.742522e+01,-1.805991e+01,-1.780793e+01
8.750000e+00,-1.606967e+01,-1.686506e+01,-1.832480e+01,-1.827435e+01,-1.870264e+01,-1.761639e+01,-1.816128e+01,-1.790081e+01
9.250000e+00,-1.623093e+01,-1.704334e+01,-1.843127e+01,-1.836175e+01,-1.881479e+01,-1.777361e+01,-1.825314e+01,-1.797650e+01
9.750000e+00,-1.635574e+01,-1.718612e+01,-1.852030e+01,-1.844324e+01,-1.891093e+01,-1.789954e+01,-1.833904e+01,-1.804251e+01
1.025000e+01,-1.642590e+01,-1.728235e+01,-1.859223e+01,-1.850629e+01,-1.899976e+01,-1.799364e+01,-1.840480e+01,-1.810413e+01
1.075000e+01,-1.644487e+01,-1.734970e+01,-1.866269e+01,-1.856674e+01,-1.907049e+01,-1.806516e+01,-1.846631e+01,-1.815762e+01
1.125000e+01,-1.645698e+01,-1.739271e+01,-1.871396e+01,-1.862364e+01,-1.913449e+01,-1.811339e+01,-1.852603e+01,-1.820170e+01
1.175000e+01,-1.645319e+01,-1.742445e+01,-1.876544e+01,-1.867742e+01,-1.918770e+01,-1.815736e+01,-1.858277e+01,-1.824568e+01
1.225000e+01,-1.643987e+01,-1.744869e+01,-1.881291e+01,-1.872216e+01,-1.923594e+01,-1.819176e+01,-1.863130e+01,-1.827983e+01
1.275000e+01,-1.640349e+01,-1.745788e+01,-1.885624e+01,-1.876438e+01,-1.927747e+01,-1.821687e+01,-1.867682e+01,-1.830424e+01
1.325000e+01,-1.635837e+01,-1.745544e+01,-1.889162e+01,-1.880592e+01,-1.931224e+01,-1.822960e+01,-1.872064e+01,-1.833027e+01
1.375000e+01,-1.632231e+01,-1.745511e+01,-1.892123e+01,-1.884479e+01,-1.934293e+01,-1.823976e+01,-1.876432e+01,-1.834858e+01
1.425000e+01,-1.628865e+01,-1.745290e+01,-1.894829e+01,-1.887438e+01,-1.936895e+01,-1.825072e+01,-1.879813e+01,-1.835868e+01
1.475000e+01,-1.625195e+01,-1.744286e+01,-1.897224e+01,-1.889839e+01,-1.939250e+01,-1.825455e+01,-1.882403e+01,-1.837393e+01
1.525000e+01,-1.619352e+01,-1.742769e+01,-1.899329e+01,-1.892549e+01,-1.941445e+01,-1.825268e+01,-1.885495e+01,-1.838598e+01
1.575000e+01,-1.614491e+01,-1.740798e+01,-1.900978e+01,-1.894758e+01,-1.943109e+01,-1.824588e+01,-1.888005e+01,-1.839132e+01
1.625000e+01,-1.609215e+01,-1.738588e+01,-1.902145e+01,-1.896615e+01,-1.944527e+01,-1.823469e+01,-1.890111e+01,-1.840007e+01
1.675000e+01,-1.603431e+01,-1.735683e+01,-1.903211e+01,-1.897964e+01,-1.945222e+01,-1.822060e+01,-1.891692e+01,-1.840365e+01
1.725000e+01,-1.596436e+01,-1.732689e+01,-1.903599e+01,-1.899094e+01,-1.945967e+01,-1.820159e+01,-1.893016e+01,-1.840519e+01
1.775000e+01,-1.589407e+01,-1.729699e+01,-1.903734e+01,-1.899470e+01,-1.946374e+01,-1.818386e+01,-1.893501e+01,-1.840651e+01
1.825000e+01,-1.582859e+01,-1.726420e+01,-1.903755e+01,-1.899749e+01,-1.946324e+01,-1.816225e+01,-1.894017e+01,-1.839623e+01
1.875000e+01,-1.576572e+01,-1.723220e+01,-1.903472e+01,-1.899912e+01,-1.946290e+01,-1.813863e+01,-1.894204e+01,-1.839024e+01
1.925000e+01,-1.569453e+01,-1.719685e+01,-1.903343e+01,-1.899656e+01,-1.945433e+01,-1.811460e+01,-1.894125e+01,-1.837953e+01
1.975000e+01,-1.562789e+01,-1.716448e+01,-1.902531e+01,-1.898829e+01,-1.944364e+01,-1.809187e+01,-1.893287e+01,-1.836633e+01
2.025000e+01,-1.556551e+01,-1.713520e+01,-1.901462e+01,-1.897328e+01,-1.943350e+01,-1.807004e+01,-1.891806e+01,-1.835239e+01
2.075000e+01,-1.548957e+01,-1.711027e+01,-1.900053e+01,-1.895381e+01,-1.942639e+01,-1.805004e+01,-1.889916e+01,-1.833296e+01
