Time,U,B,V,R,I,gs,rs,is
7.500000e-01,-6.377109e+00,-5.329040e+00,-8.143720e+00,-9.028020e+00,-1.017648e+01,-6.615890e+00,-8.542630e+00,-9.560294e+00
1.250000e+00,-3.585946e+00,-7.059547e+00,-9.280179e+00,-1.065295e+01,-1.152794e+01,-8.186733e+00,-1.020796e+01,-1.105289e+01
1.750000e+00,-9.017863e+00,-1.088265e+01,-1.198313e+01,-1.277835e+01,-1.329324e+01,-1.145457e+01,-1.255974e+01,-1.276124e+01
2.250000e+00,-1.196662e+01,-1.303445e+01,-1.387940e+01,-1.424529e+01,-1.454125e+01,-1.350821e+01,-1.407437e+01,-1.402598e+01
2.750000e+00,-1.361934e+01,-1.433367e+01,-1.504835e+01,-1.525055e+01,-1.548705e+01,-1.477322e+01,-1.509129e+01,-1.493757e+01
3.250000e+00,-1.490928e+01,-1.526818e+01,-1.583635e+01,-1.599033e+01,-1.623904e+01,-1.559909e+01,-1.584188e+01,-1.564410e+01
3.750000e+00,-1.591128e+01,-1.604557e+01,-1.636304e+01,-1.653658e+01,-1.686043e+01,-1.627150e+01,-1.638898e+01,-1.619286e+01
4.250000e+00,-1.671760e+01,-1.660523e+01,-1.678857e+01,-1.697214e+01,-1.733648e+01,-1.675609e+01,-1.683527e+01,-1.662880e+01
4.750000e+00,-1.734358e+01,-1.700823e+01,-1.712404e+01,-1.730176e+01,-1.771003e+01,-1.711730e+01,-1.716579e+01,-1.697814e+01
5.250000e+00,-1.779893e+01,-1.730281e+01,-1.741898e+01,-1.756962e+01,-1.797080e+01,-1.739362e+01,-1.744312e+01,-1.721671e+01
5.750000e+00,-1.811057e+01,-1.753906e+01,-1.763811e+01,-1.776637e+01,-1.815716e+01,-1.762105e+01,-1.765299e+01,-1.736519e+01
6.250000e+00,-1.834543e+01,-1.774424e+01,-1.782382e+01,-1.793292e+01,-1.832632e+01,-1.781472e+01,-1.782364e+01,-1.752949e+01
6.750000e+00,-1.852095e+01,-1.790880e+01,-1.796850e+01,-1.808771e+01,-1.844860e+01,-1.796995e+01,-1.798007e+01,-1.766103e+01
7.250000e+00,-1.867608e+01,-1.805002e+01,-1.810725e+01,-1.821625e+01,-1.856247e+01,-1.811080e+01,-1.811319e+01,-1.777579e+01
7.750000e+00,-1.879897e+01,-1.817952e+01,-1.821726e+01,-1.832614e+01,-1.867214e+01,-1.823293e+01,-1.822644e+01,-1.787860e+01
8.250000e+00,-1.889736e+01,-1.829103e+01,-1.830926e+01,-1.840921e+01,-1.876413e+01,-1.834168e+01,-1.831407e+01,-1.795102e+01
8.750000e+00,-1.897884e+01,-1.838826e+01,-1.840298e+01,-1.849231e+01,-1.884244e+01,-1.844017e+01,-1.840070e+01,-1.802051e+01
9.250000e+00,-1.905566e+01,-1.846779e+01,-1.848762e+01,-1.855919e+01,-1.891803e+01,-1.851840e+01,-1.847240e+01,-1.807632e+01
9.750000e+00,-1.911836e+01,-1.854295e+01,-1.855851e+01,-1.862765e+01,-1.899164e+01,-1.859576e+01,-1.854454e+01,-1.813246e+01
1.025000e+01,-1.917225e+01,-1.861181e+01,-1.861991e+01,-1.868405e+01,-1.906634e+01,-1.866440e+01,-1.860537e+01,-1.818167e+01
1.075000e+01,-1.921598e+01,-1.867799e+01,-1.868403e+01,-1.873577e+01,-1.912919e+01,-1.873325e+01,-1.866033e+01,-1.821995e+01
1.125000e+01,-1.924840e+01,-1.873486e+01,-1.873467e+01,-1.877609e+01,-1.918658e+01,-1.879148e+01,-1.870574e+01,-1.824855e+01
1.175000e+01,-1.927265e+01,-1.878128e+01,-1.878263e+01,-1.881031e+01,-1.923892e+01,-1.884207e+01,-1.874773e+01,-1.826569e+01
1.225000e+01,-1.929125e+01,-1.882399e+01,-1.882935e+01,-1.885541e+01,-1.929759e+01,-1.888655e+01,-1.879507e+01,-1.829639e+01
1.275000e+01,-1.929659e+01,-1.886410e+01,-1.886782e+01,-1.888029e+01,-1.935287e+01,-1.892858e+01,-1.882325e+01,-1.832174e+01
1.325000e+01,-1.929673e+01,-1.890394e+01,-1.890686e+01,-1.890159e+01,-1.940066e+01,-1.896979e+01,-1.885275e+01,-1.831991e+01
1.375000e+01,-1.929067e+01,-1.893758e+01,-1.894044e+01,-1.892263e+01,-1.944024e+01,-1.900490e+01,-1.888073e+01,-1.831337e+01
1.425000e+01,-1.927366e+01,-1.896630e+01,-1.896806e+01,-1.894659e+01,-1.947286e+01,-1.903222e+01,-1.890903e+01,-1.830916e+01
1.475000e+01,-1.924392e+01,-1.899318e+01,-1.900254e+01,-1.896564e+01,-1.950420e+01,-1.906280e+01,-1.893363e+01,-1.830602e+01
1.525000e+01,-1.920389e+01,-1.901649e+01,-1.903151e+01,-1.898073e+01,-1.952928e+01,-1.908906e+01,-1.895455e+01,-1.829111e+01
1.575000e+01,-1.915331e+01,-1.903464e+01,-1.905567e+01,-1.898975e+01,-1.954997e+01,-1.911147e+01,-1.896666e+01,-1.827756e+01
1.625000e+01,-1.910012e+01,-1.905298e+01,-1.907848e+01,-1.899839e+01,-1.956398e+01,-1.913391e+01,-1.897849e+01,-1.826218e+01
1.675000e+01,-1.904267e+01,-1.906422e+01,-1.910401e+01,-1.900765e+01,-1.957377e+01,-1.915211e+01,-1.899173e+01,-1.823557e+01
1.725000e+01,-1.897932e+01,-1.906901e+01,-1.912947e+01,-1.901543e+01,-1.957558e+01,-1.916398e+01,-1.900370e+01,-1.821010e+01
1.775000e+01,-1.891823e+01,-1.907402e+01,-1.914645e+01,-1.902269e+01,-1.957041e+01,-1.917442e+01,-1.901435e+01,-1.817965e+01
1.825000e+01,-1.885484e+01,-1.907527e+01,-1.915819e+01,-1.902105e+01,-1.955998e+01,-1.917995e+01,-1.901592e+01,-1.814237e+01
1.875000e+01,-1.879525e+01,-1.907443e+01,-1.917343e+01,-1.902520e+01,-1.954831e+01,-1.918297e+01,-1.902295e+01,-1.811132e+01
1.925000e+01,-1.872790e+01,-1.907235e+01,-1.918304e+01,-1.902628e+01,-1.953004e+01,-1.918649e+01,-1.902596e+01,-1.806899e+01
1.975000e+01,-1.866134e+01,-1.906296e+01,-1.919271e+01,-1.902227e+01,-1.950644e+01,-1.918650e+01,-1.902445e+01,-1.802328e+01
2.025000e+01,-1.859371e+01,-1.905242e+01,-1.920199e+01,-1.901643e+01,-1.947877e+01,-1.918478e+01,-1.902045e+01,-1.798084e+01
2.075000e+01,-1.852394e+01,-1.903661e+01,-1.920477e+01,-1.900374e+01,-1.944950e+01,-1.917739e+01,-1.901069e+01,-1.793305e+01
