Time,U,B,V,R,I,gs,rs,is
7.500000e-01,,-3.105182e+00,-4.570424e+00,-6.754671e+00,-8.520934e+00,-3.601163e+00,-6.411841e+00,-7.278250e+00
1.250000e+00,-1.507224e+00,-6.221001e+00,-7.731122e+00,-9.848313e+00,-1.141081e+01,-6.696242e+00,-9.133262e+00,-1.057795e+01
1.750000e+00,-7.531344e+00,-9.231164e+00,-1.191095e+01,-1.289315e+01,-1.369154e+01,-1.044864e+01,-1.243815e+01,-1.332081e+01
2.250000e+00,-1.012929e+01,-1.135173e+01,-1.426735e+01,-1.446632e+01,-1.496299e+01,-1.269798e+01,-1.416834e+01,-1.460411e+01
2.750000e+00,-1.176034e+01,-1.269349e+01,-1.540362e+01,-1.551534e+01,-1.582412e+01,-1.393422e+01,-1.529034e+01,-1.544573e+01
3.250000e+00,-1.315735e+01,-1.393387e+01,-1.626461e+01,-1.632792e+01,-1.653812e+01,-1.500037e+01,-1.614439e+01,-1.613644e+01
3.750000e+00,-1.476651e+01,-1.525723e+01,-1.689596e+01,-1.690428e+01,-1.715764e+01,-1.604595e+01,-1.674760e+01,-1.663625e+01
4.250000e+00,-1.620266e+01,-1.641690e+01,-1.733302e+01,-1.726205e+01,-1.764143e+01,-1.691742e+01,-1.712242e+01,-1.697833e+01
4.750000e+00,-1.714842e+01,-1.711080e+01,-1.759002e+01,-1.750993e+01,-1.798712e+01,-1.744294e+01,-1.737591e+01,-1.723366e+01
5.250000e+00,-1.773503e+01,-1.754181e+01,-1.776876e+01,-1.771585e+01,-1.821448e+01,-1.777464e+01,-1.758432e+01,-1.743069e+01
5.750000e+00,-1.811816e+01,-1.783338e+01,-1.793071e+01,-1.789796e+01,-1.842425e+01,-1.799768e+01,-1.777348e+01,-1.761182e+01
6.250000e+00,-1.840279e+01,-1.805395e+01,-1.806042e+01,-1.805280e+01,-1.858587e+01,-1.816972e+01,-1.792627e+01,-1.776951e+01
6.750000e+00,-1.859927e+01,-1.822123e+01,-1.818835e+01,-1.817677e+01,-1.872702e+01,-1.831396e+01,-1.805126e+01,-1.790368e+01
7.250000e+00,-1.876055e+01,-1.836073e+01,-1.830547e+01,-1.829089e+01,-1.884990e+01,-1.843689e+01,-1.817267e+01,-1.800803e+01
7.750000e+00,-1.889691e+01,-1.848632e+01,-1.841463e+01,-1.838763e+01,-1.896494e+01,-1.855145e+01,-1.827418e+01,-1.809877e+01
8.250000e+00,-1.899000e+01,-1.858909e+01,-1.851034e+01,-1.848914e+01,-1.906763e+01,-1.864800e+01,-1.838256e+01,-1.818057e+01
8.750000e+00,-1.906722e+01,-1.868081e+01,-1.859946e+01,-1.856461e+01,-1.916456e+01,-1.874181e+01,-1.846274e+01,-1.825609e+01
9.250000e+00,-1.912277e+01,-1.875750e+01,-1.867524e+01,-1.862854e+01,-1.924898e+01,-1.882275e+01,-1.852960e+01,-1.831175e+01
9.750000e+00,-1.916373e+01,-1.883213e+01,-1.874811e+01,-1.869026e+01,-1.933496e+01,-1.889875e+01,-1.859624e+01,-1.836749e+01
1.025000e+01,-1.918747e+01,-1.890305e+01,-1.882042e+01,-1.874699e+01,-1.940932e+01,-1.897746e+01,-1.865853e+01,-1.841490e+01
1.075000e+01,-1.918927e+01,-1.895285e+01,-1.888042e+01,-1.879855e+01,-1.948115e+01,-1.904095e+01,-1.871500e+01,-1.845385e+01
1.125000e+01,-1.918810e+01,-1.900049e+01,-1.893912e+01,-1.885049e+01,-1.954793e+01,-1.910241e+01,-1.877250e+01,-1.849457e+01
1.175000e+01,-1.916820e+01,-1.903797e+01,-1.899584e+01,-1.889387e+01,-1.960762e+01,-1.915725e+01,-1.882113e+01,-1.852184e+01
1.225000e+01,-1.913144e+01,-1.905893e+01,-1.905111e+01,-1.893779e+01,-1.967246e+01,-1.920162e+01,-1.886830e+01,-1.855699e+01
1.275000e+01,-1.909493e+01,-1.908099e+01,-1.909709e+01,-1.897403e+01,-1.972526e+01,-1.924488e+01,-1.891026e+01,-1.857919e+01
1.325000e+01,-1.904380e+01,-1.909268e+01,-1.915668e+01,-1.900859e+01,-1.977099e+01,-1.928353e+01,-1.895172e+01,-1.858845e+01
1.375000e+01,-1.897330e+01,-1.909498e+01,-1.920088e+01,-1.904888e+01,-1.981083e+01,-1.931078e+01,-1.899882e+01,-1.860027e+01
1.425000e+01,-1.889613e+01,-1.908737e+01,-1.924544e+01,-1.908151e+01,-1.985028e+01,-1.933543e+01,-1.903529e+01,-1.861041e+01
1.475000e+01,-1.881827e+01,-1.907958e+01,-1.928796e+01,-1.910609e+01,-1.988009e+01,-1.935687e+01,-1.906429e+01,-1.861038e+01
1.525000e+01,-1.873966e+01,-1.906758e+01,-1.933159e+01,-1.913825e+01,-1.990732e+01,-1.937449e+01,-1.910170e+01,-1.861487e+01
1.575000e+01,-1.864765e+01,-1.904977e+01,-1.937714e+01,-1.917130e+01,-1.992647e+01,-1.938755e+01,-1.914071e+01,-1.860893e+01
1.625000e+01,-1.854619e+01,-1.902749e+01,-1.941405e+01,-1.920118e+01,-1.994234e+01,-1.939540e+01,-1.917507e+01,-1.860059e+01
1.675000e+01,-1.843844e+01,-1.900014e+01,-1.945198e+01,-1.922418e+01,-1.995177e+01,-1.939917e+01,-1.920381e+01,-1.858807e+01
1.725000e+01,-1.833030e+01,-1.897234e+01,-1.948842e+01,-1.924852e+01,-1.995792e+01,-1.940043e+01,-1.923171e+01,-1.857876e+01
1.775000e+01,-1.820943e+01,-1.894033e+01,-1.952400e+01,-1.926826e+01,-1.995983e+01,-1.940076e+01,-1.925428e+01,-1.856304e+01
1.825000e+01,-1.808701e+01,-1.889758e+01,-1.955320e+01,-1.928282e+01,-1.996020e+01,-1.938851e+01,-1.927286e+01,-1.854663e+01
1.875000e+01,-1.796896e+01,-1.885355e+01,-1.957338e+01,-1.929396e+01,-1.995429e+01,-1.937159e+01,-1.928766e+01,-1.852523e+01
1.925000e+01,-1.783609e+01,-1.880696e+01,-1.959818e+01,-1.930585e+01,-1.994796e+01,-1.935447e+01,-1.930348e+01,-1.850624e+01
1.975000e+01,-1.771487e+01,-1.875532e+01,-1.961722e+01,-1.931364e+01,-1.994094e+01,-1.933121e+01,-1.931320e+01,-1.848840e+01
2.025000e+01,-1.760087e+01,-1.870068e+01,-1.962751e+01,-1.931909e+01,-1.993130e+01,-1.930255e+01,-1.932104e+01,-1.846885e+01
2.075000e+01,-1.749875e+01,-1.864328e+01,-1.963410e+01,-1.931846e+01,-1.992109e+01,-1.927068e+01,-1.932224e+01,-1.845070e+01
