Time,U,B,V,R,I,gs,rs,is
7.500000e-01,-1.391046e+01,-1.366931e+01,-1.456646e+01,-1.472548e+01,-1.481732e+01,-1.412010e+01,-1.456419e+01,-1.442526e+01
1.250000e+00,-1.488086e+01,-1.478711e+01,-1.575758e+01,-1.580856e+01,-1.586320e+01,-1.526118e+01,-1.565394e+01,-1.549416e+01
1.750000e+00,-1.588995e+01,-1.584226e+01,-1.660599e+01,-1.658733e+01,-1.665188e+01,-1.626368e+01,-1.642983e+01,-1.628725e+01
2.250000e+00,-1.691867e+01,-1.672942e+01,-1.719773e+01,-1.709250e+01,-1.720068e+01,-1.706126e+01,-1.693387e+01,-1.681213e+01
2.750000e+00,-1.771777e+01,-1.739132e+01,-1.762578e+01,-1.745244e+01,-1.758947e+01,-1.763989e+01,-1.729086e+01,-1.721898e+01
3.250000e+00,-1.825988e+01,-1.785642e+01,-1.793001e+01,-1.774038e+01,-1.788653e+01,-1.803700e+01,-1.757064e+01,-1.751550e+01
3.750000e+00,-1.866727e+01,-1.821823e+01,-1.816031e+01,-1.796240e+01,-1.810372e+01,-1.834607e+01,-1.779274e+01,-1.774989e+01
4.250000e+00,-1.896034e+01,-1.849349e+01,-1.834960e+01,-1.810646e+01,-1.825973e+01,-1.858934e+01,-1.793142e+01,-1.791786e+01
4.750000e+00,-1.920098e+01,-1.871911e+01,-1.852202e+01,-1.823433e+01,-1.838400e+01,-1.878523e+01,-1.806173e+01,-1.804569e+01
5.250000e+00,-1.940017e+01,-1.890674e+01,-1.863674e+01,-1.832770e+01,-1.846831e+01,-1.894994e+01,-1.816507e+01,-1.811344e+01
5.750000e+00,-1.956743e+01,-1.907136e+01,-1.876764e+01,-1.838693e+01,-1.850393e+01,-1.910606e+01,-1.822701e+01,-1.816549e+01
6.250000e+00,-1.969882e+01,-1.920701e+01,-1.886668e+01,-1.844789e+01,-1.855192e+01,-1.922481e+01,-1.829954e+01,-1.819616e+01
6.750000e+00,-1.981446e+01,-1.932379e+01,-1.896796e+01,-1.850788e+01,-1.857678e+01,-1.933347e+01,-1.837199e+01,-1.821396e+01
7.250000e+00,-1.991304e+01,-1.942937e+01,-1.905253e+01,-1.856396e+01,-1.860817e+01,-1.943026e+01,-1.844422e+01,-1.821326e+01
7.750000e+00,-2.000650e+01,-1.952644e+01,-1.913643e+01,-1.860397e+01,-1.862586e+01,-1.952088e+01,-1.850134e+01,-1.819360e+01
8.250000e+00,-2.008223e+01,-1.960587e+01,-1.920020e+01,-1.862657e+01,-1.864646e+01,-1.959598e+01,-1.854240e+01,-1.815607e+01
8.750000e+00,-2.015260e+01,-1.967896e+01,-1.927097e+01,-1.865036e+01,-1.863388e+01,-1.966854e+01,-1.859065e+01,-1.807300e+01
9.250000e+00,-2.021442e+01,-1.974481e+01,-1.933032e+01,-1.865712e+01,-1.863447e+01,-1.973426e+01,-1.861643e+01,-1.800969e+01
9.750000e+00,-2.026133e+01,-1.980062e+01,-1.938622e+01,-1.868542e+01,-1.864211e+01,-1.979184e+01,-1.866105e+01,-1.795511e+01
1.025000e+01,-2.029384e+01,-1.984722e+01,-1.944284e+01,-1.871437e+01,-1.866680e+01,-1.984538e+01,-1.870209e+01,-1.792674e+01
1.075000e+01,-2.031589e+01,-1.988879e+01,-1.950434e+01,-1.874572e+01,-1.872607e+01,-1.989683e+01,-1.874196e+01,-1.792310e+01
1.125000e+01,-2.031244e+01,-1.992256e+01,-1.956037e+01,-1.878518e+01,-1.879006e+01,-1.994323e+01,-1.879145e+01,-1.793317e+01
1.175000e+01,-2.029454e+01,-1.994757e+01,-1.961598e+01,-1.882679e+01,-1.886486e+01,-1.998612e+01,-1.883655e+01,-1.796588e+01
1.225000e+01,-2.025964e+01,-1.996403e+01,-1.967198e+01,-1.887614e+01,-1.895576e+01,-2.002430e+01,-1.888890e+01,-1.801904e+01
1.275000e+01,-2.021669e+01,-1.997366e+01,-1.972558e+01,-1.892334e+01,-1.905407e+01,-2.005922e+01,-1.893658e+01,-1.808510e+01
1.325000e+01,-2.015189e+01,-1.997491e+01,-1.978169e+01,-1.897472e+01,-1.915811e+01,-2.009109e+01,-1.898733e+01,-1.816473e+01
1.375000e+01,-2.007566e+01,-1.996604e+01,-1.983929e+01,-1.901861e+01,-1.926365e+01,-2.011571e+01,-1.903222e+01,-1.824587e+01
1.425000e+01,-1.999352e+01,-1.994944e+01,-1.988840e+01,-1.906135e+01,-1.936944e+01,-2.013345e+01,-1.907365e+01,-1.831148e+01
1.475000e+01,-1.989368e+01,-1.992462e+01,-1.993771e+01,-1.911261e+01,-1.946538e+01,-2.014620e+01,-1.912168e+01,-1.838730e+01
1.525000e+01,-1.977919e+01,-1.989366e+01,-1.998653e+01,-1.915755e+01,-1.956761e+01,-2.015590e+01,-1.916315e+01,-1.847771e+01
1.575000e+01,-1.965246e+01,-1.985569e+01,-2.003187e+01,-1.920746e+01,-1.966543e+01,-2.015930e+01,-1.920932e+01,-1.855826e+01
1.625000e+01,-1.950837e+01,-1.980727e+01,-2.007036e+01,-1.925155e+01,-1.975750e+01,-2.015378e+01,-1.924819e+01,-1.863406e+01
1.675000e+01,-1.935237e+01,-1.975001e+01,-2.010846e+01,-1.929192e+01,-1.984237e+01,-2.014122e+01,-1.928636e+01,-1.870235e+01
1.725000e+01,-1.918793e+01,-1.968227e+01,-2.014774e+01,-1.933934e+01,-1.991892e+01,-2.012076e+01,-1.933082e+01,-1.876482e+01
1.775000e+01,-1.900447e+01,-1.959729e+01,-2.019031e+01,-1.939991e+01,-1.998969e+01,-2.008925e+01,-1.938910e+01,-1.882880e+01
1.825000e+01,-1.881506e+01,-1.950376e+01,-2.022521e+01,-1.945058e+01,-2.004400e+01,-2.004960e+01,-1.943690e+01,-1.888100e+01
1.875000e+01,-1.862923e+01,-1.940456e+01,-2.025295e+01,-1.949795e+01,-2.008824e+01,-2.000333e+01,-1.948229e+01,-1.892529e+01
1.925000e+01,-1.842590e+01,-1.928231e+01,-2.027584e+01,-1.955178e+01,-2.013095e+01,-1.994001e+01,-1.953313e+01,-1.897459e+01
1.975000e+01,-1.824420e+01,-1.916167e+01,-2.029164e+01,-1.959723e+01,-2.016585e+01,-1.987633e+01,-1.957725e+01,-1.901435e+01
2.025000e+01,-1.806121e+01,-1.903609e+01,-2.030474e+01,-1.963770e+01,-2.019809e+01,-1.981022e+01,-1.961411e+01,-1.905391e+01
2.075000e+01,-1.789058e+01,-1.891002e+01,-2.031674e+01,-1.967858e+01,-2.021927e+01,-1.974400e+01,-1.965198e+01,-1.909205e+01
