Time,U,B,V,R,I,gs,rs,is
7.500000e-01,-1.721761e+00,-7.575038e+00,-8.856418e+00,-9.823615e+00,-1.074248e+01,-8.199526e+00,-9.564152e+00,-9.907897e+00
1.250000e+00,-7.338868e+00,-1.006099e+01,-1.126039e+01,-1.186628e+01,-1.226138e+01,-1.045012e+01,-1.173254e+01,-1.158747e+01
1.750000e+00,-1.101197e+01,-1.266938e+01,-1.308214e+01,-1.355084e+01,-1.369681e+01,-1.283600e+01,-1.337772e+01,-1.330410e+01
2.250000e+00,-1.353545e+01,-1.417062e+01,-1.453508e+01,-1.474293e+01,-1.486149e+01,-1.430917e+01,-1.457694e+01,-1.448213e+01
2.750000e+00,-1.498517e+01,-1.516451e+01,-1.548144e+01,-1.561608e+01,-1.575568e+01,-1.532147e+01,-1.547360e+01,-1.526126e+01
3.250000e+00,-1.609346e+01,-1.587950e+01,-1.613816e+01,-1.629860e+01,-1.643468e+01,-1.604260e+01,-1.616303e+01,-1.591930e+01
3.750000e+00,-1.687816e+01,-1.642578e+01,-1.665092e+01,-1.680207e+01,-1.695277e+01,-1.656947e+01,-1.666578e+01,-1.644882e+01
4.250000e+00,-1.742643e+01,-1.687282e+01,-1.704747e+01,-1.720351e+01,-1.730852e+01,-1.700430e+01,-1.708567e+01,-1.680336e+01
4.750000e+00,-1.785648e+01,-1.724284e+01,-1.735724e+01,-1.752119e+01,-1.756823e+01,-1.734990e+01,-1.741052e+01,-1.710435e+01
5.250000e+00,-1.818961e+01,-1.752966e+01,-1.762810e+01,-1.778378e+01,-1.777378e+01,-1.762429e+01,-1.768959e+01,-1.730708e+01
5.750000e+00,-1.846066e+01,-1.776516e+01,-1.784641e+01,-1.799844e+01,-1.792168e+01,-1.785077e+01,-1.791439e+01,-1.746897e+01
6.250000e+00,-1.867754e+01,-1.795111e+01,-1.803216e+01,-1.818267e+01,-1.806019e+01,-1.802995e+01,-1.810760e+01,-1.761635e+01
6.750000e+00,-1.885568e+01,-1.811528e+01,-1.817356e+01,-1.831608e+01,-1.817751e+01,-1.818377e+01,-1.824719e+01,-1.772341e+01
7.250000e+00,-1.899468e+01,-1.825080e+01,-1.830597e+01,-1.844139e+01,-1.829601e+01,-1.831887e+01,-1.837899e+01,-1.782730e+01
7.750000e+00,-1.910727e+01,-1.836873e+01,-1.840889e+01,-1.853686e+01,-1.838721e+01,-1.843213e+01,-1.847775e+01,-1.791162e+01
8.250000e+00,-1.921452e+01,-1.846834e+01,-1.849475e+01,-1.861910e+01,-1.845865e+01,-1.852682e+01,-1.856317e+01,-1.797127e+01
8.750000e+00,-1.930340e+01,-1.856154e+01,-1.859022e+01,-1.869843e+01,-1.854965e+01,-1.861944e+01,-1.864991e+01,-1.802401e+01
9.250000e+00,-1.937483e+01,-1.864472e+01,-1.866091e+01,-1.876027e+01,-1.860072e+01,-1.870060e+01,-1.871650e+01,-1.805388e+01
9.750000e+00,-1.944156e+01,-1.871660e+01,-1.873071e+01,-1.881361e+01,-1.865519e+01,-1.877192e+01,-1.877289e+01,-1.809298e+01
1.025000e+01,-1.949416e+01,-1.878908e+01,-1.879098e+01,-1.886023e+01,-1.871719e+01,-1.884222e+01,-1.882492e+01,-1.812017e+01
1.075000e+01,-1.953340e+01,-1.884976e+01,-1.884774e+01,-1.890100e+01,-1.876021e+01,-1.890383e+01,-1.887228e+01,-1.812161e+01
1.125000e+01,-1.956842e+01,-1.890484e+01,-1.888988e+01,-1.892270e+01,-1.879230e+01,-1.895585e+01,-1.889635e+01,-1.812419e+01
1.175000e+01,-1.959620e+01,-1.895646e+01,-1.893622e+01,-1.894097e+01,-1.882288e+01,-1.900749e+01,-1.891965e+01,-1.811926e+01
1.225000e+01,-1.961492e+01,-1.900765e+01,-1.897872e+01,-1.895660e+01,-1.884929e+01,-1.905900e+01,-1.893898e+01,-1.810767e+01
1.275000e+01,-1.962161e+01,-1.904652e+01,-1.901864e+01,-1.897229e+01,-1.887982e+01,-1.909769e+01,-1.895978e+01,-1.809995e+01
1.325000e+01,-1.961539e+01,-1.908667e+01,-1.905640e+01,-1.899252e+01,-1.890112e+01,-1.913725e+01,-1.898436e+01,-1.808433e+01
1.375000e+01,-1.959959e+01,-1.912195e+01,-1.909438e+01,-1.900966e+01,-1.891799e+01,-1.917422e+01,-1.900638e+01,-1.806229e+01
1.425000e+01,-1.957535e+01,-1.915086e+01,-1.912663e+01,-1.901738e+01,-1.894485e+01,-1.920572e+01,-1.901971e+01,-1.803926e+01
1.475000e+01,-1.954383e+01,-1.917476e+01,-1.915864e+01,-1.903302e+01,-1.897864e+01,-1.923153e+01,-1.903816e+01,-1.802458e+01
1.525000e+01,-1.950249e+01,-1.919987e+01,-1.918545e+01,-1.905040e+01,-1.901095e+01,-1.925721e+01,-1.905781e+01,-1.802598e+01
1.575000e+01,-1.945686e+01,-1.922189e+01,-1.921303e+01,-1.907003e+01,-1.903795e+01,-1.928264e+01,-1.908043e+01,-1.801646e+01
1.625000e+01,-1.940033e+01,-1.923681e+01,-1.923891e+01,-1.907949e+01,-1.907718e+01,-1.930239e+01,-1.909177e+01,-1.801832e+01
1.675000e+01,-1.934005e+01,-1.924436e+01,-1.926301e+01,-1.908725e+01,-1.911688e+01,-1.931526e+01,-1.910053e+01,-1.801805e+01
1.725000e+01,-1.928059e+01,-1.925472e+01,-1.928206e+01,-1.910240e+01,-1.915526e+01,-1.932958e+01,-1.911570e+01,-1.801255e+01
1.775000e+01,-1.921418e+01,-1.925942e+01,-1.930208e+01,-1.910677e+01,-1.919076e+01,-1.934165e+01,-1.912170e+01,-1.799845e+01
1.825000e+01,-1.914655e+01,-1.925996e+01,-1.932162e+01,-1.911296e+01,-1.921575e+01,-1.935032e+01,-1.912983e+01,-1.798690e+01
1.875000e+01,-1.908742e+01,-1.925869e+01,-1.933571e+01,-1.912471e+01,-1.923186e+01,-1.935466e+01,-1.914289e+01,-1.797024e+01
1.925000e+01,-1.901980e+01,-1.925065e+01,-1.935177e+01,-1.912494e+01,-1.924448e+01,-1.935772e+01,-1.914416e+01,-1.794769e+01
1.975000e+01,-1.896161e+01,-1.924486e+01,-1.936182e+01,-1.912393e+01,-1.925384e+01,-1.935927e+01,-1.914296e+01,-1.793223e+01
2.025000e+01,-1.890041e+01,-1.923227e+01,-1.936674e+01,-1.911794e+01,-1.925484e+01,-1.935444e+01,-1.913806e+01,-1.790579e+01
2.075000e+01,-1.883200e+01,-1.921540e+01,-1.936646e+01,-1.910803e+01,-1.925241e+01,-1.934561e+01,-1.912861e+01,-1.787844e+01
