Time,U,B,V,R,I,gs,rs,is
7.500000e-01,-1.063701e+01,-1.112761e+01,-1.266251e+01,-1.312763e+01,-1.368806e+01,-1.184040e+01,-1.281943e+01,-1.327740e+01
1.250000e+00,-1.123021e+01,-1.179779e+01,-1.336343e+01,-1.385197e+01,-1.453925e+01,-1.252558e+01,-1.348568e+01,-1.412450e+01
1.750000e+00,-1.185586e+01,-1.241797e+01,-1.430740e+01,-1.472957e+01,-1.529505e+01,-1.334734e+01,-1.439805e+01,-1.491396e+01
2.250000e+00,-1.316504e+01,-1.348313e+01,-1.545784e+01,-1.569893e+01,-1.614214e+01,-1.446775e+01,-1.539283e+01,-1.580717e+01
2.750000e+00,-1.438567e+01,-1.469071e+01,-1.649630e+01,-1.657671e+01,-1.677993e+01,-1.558666e+01,-1.635757e+01,-1.645566e+01
3.250000e+00,-1.550723e+01,-1.581714e+01,-1.718442e+01,-1.714585e+01,-1.732123e+01,-1.652098e+01,-1.697123e+01,-1.690842e+01
3.750000e+00,-1.654857e+01,-1.677772e+01,-1.759110e+01,-1.745688e+01,-1.770150e+01,-1.726799e+01,-1.730275e+01,-1.718459e+01
4.250000e+00,-1.743104e+01,-1.744209e+01,-1.786716e+01,-1.769458e+01,-1.795697e+01,-1.779370e+01,-1.753680e+01,-1.743894e+01
4.750000e+00,-1.807901e+01,-1.789808e+01,-1.805888e+01,-1.790540e+01,-1.816159e+01,-1.813604e+01,-1.774841e+01,-1.765795e+01
5.250000e+00,-1.851330e+01,-1.823463e+01,-1.821815e+01,-1.807449e+01,-1.831850e+01,-1.839299e+01,-1.792274e+01,-1.781481e+01
5.750000e+00,-1.883841e+01,-1.849183e+01,-1.836381e+01,-1.820966e+01,-1.843653e+01,-1.860068e+01,-1.806560e+01,-1.793640e+01
6.250000e+00,-1.909443e+01,-1.869075e+01,-1.850398e+01,-1.832355e+01,-1.853395e+01,-1.876479e+01,-1.819004e+01,-1.802982e+01
6.750000e+00,-1.930599e+01,-1.886501e+01,-1.861848e+01,-1.841398e+01,-1.860259e+01,-1.891330e+01,-1.829198e+01,-1.808177e+01
7.250000e+00,-1.948790e+01,-1.900585e+01,-1.873867e+01,-1.850399e+01,-1.865605e+01,-1.903673e+01,-1.839969e+01,-1.812839e+01
7.750000e+00,-1.962866e+01,-1.912976e+01,-1.884099e+01,-1.858667e+01,-1.869701e+01,-1.914433e+01,-1.849712e+01,-1.816004e+01
8.250000e+00,-1.974226e+01,-1.923200e+01,-1.893666e+01,-1.865095e+01,-1.872647e+01,-1.923968e+01,-1.857572e+01,-1.817140e+01
8.750000e+00,-1.984283e+01,-1.932241e+01,-1.902824e+01,-1.871000e+01,-1.875427e+01,-1.932586e+01,-1.864538e+01,-1.818754e+01
9.250000e+00,-1.991675e+01,-1.940055e+01,-1.910606e+01,-1.876031e+01,-1.877128e+01,-1.939754e+01,-1.871173e+01,-1.817977e+01
9.750000e+00,-1.996443e+01,-1.947143e+01,-1.918176e+01,-1.882141e+01,-1.878927e+01,-1.946976e+01,-1.878486e+01,-1.817437e+01
1.025000e+01,-1.999589e+01,-1.952777e+01,-1.925009e+01,-1.887071e+01,-1.881306e+01,-1.953038e+01,-1.884809e+01,-1.815849e+01
1.075000e+01,-2.001694e+01,-1.958488e+01,-1.931000e+01,-1.891346e+01,-1.883262e+01,-1.958978e+01,-1.890114e+01,-1.814281e+01
1.125000e+01,-2.001493e+01,-1.962914e+01,-1.937202e+01,-1.894562e+01,-1.885755e+01,-1.964249e+01,-1.894564e+01,-1.810692e+01
1.175000e+01,-2.000453e+01,-1.966213e+01,-1.942604e+01,-1.899449e+01,-1.887400e+01,-1.968661e+01,-1.900348e+01,-1.808056e+01
1.225000e+01,-1.998509e+01,-1.969638e+01,-1.947617e+01,-1.904082e+01,-1.891796e+01,-1.973405e+01,-1.905651e+01,-1.807960e+01
1.275000e+01,-1.994064e+01,-1.971542e+01,-1.952207e+01,-1.907996e+01,-1.898342e+01,-1.977222e+01,-1.909913e+01,-1.808886e+01
1.325000e+01,-1.987839e+01,-1.972754e+01,-1.956999e+01,-1.912190e+01,-1.906880e+01,-1.981148e+01,-1.914449e+01,-1.811984e+01
1.375000e+01,-1.979932e+01,-1.972571e+01,-1.961836e+01,-1.916491e+01,-1.915837e+01,-1.984147e+01,-1.918797e+01,-1.816163e+01
1.425000e+01,-1.970361e+01,-1.970875e+01,-1.966321e+01,-1.920382e+01,-1.925548e+01,-1.986142e+01,-1.922882e+01,-1.821455e+01
1.475000e+01,-1.960526e+01,-1.968662e+01,-1.971264e+01,-1.924600e+01,-1.935060e+01,-1.988057e+01,-1.927150e+01,-1.826943e+01
1.525000e+01,-1.950081e+01,-1.965826e+01,-1.975766e+01,-1.928946e+01,-1.944966e+01,-1.989157e+01,-1.931404e+01,-1.832800e+01
1.575000e+01,-1.937993e+01,-1.962434e+01,-1.979754e+01,-1.933019e+01,-1.955057e+01,-1.989767e+01,-1.935318e+01,-1.840059e+01
1.625000e+01,-1.924733e+01,-1.958568e+01,-1.984541e+01,-1.936910e+01,-1.964941e+01,-1.990186e+01,-1.939025e+01,-1.847573e+01
1.675000e+01,-1.909898e+01,-1.953882e+01,-1.989057e+01,-1.940708e+01,-1.974584e+01,-1.989904e+01,-1.942467e+01,-1.855182e+01
1.725000e+01,-1.893383e+01,-1.948185e+01,-1.993255e+01,-1.944311e+01,-1.983437e+01,-1.988889e+01,-1.945842e+01,-1.862442e+01
1.775000e+01,-1.875467e+01,-1.941218e+01,-1.997165e+01,-1.947977e+01,-1.991071e+01,-1.986746e+01,-1.949326e+01,-1.867321e+01
1.825000e+01,-1.856456e+01,-1.933764e+01,-2.000871e+01,-1.951366e+01,-1.998115e+01,-1.984128e+01,-1.952550e+01,-1.872160e+01
1.875000e+01,-1.837114e+01,-1.925802e+01,-2.003723e+01,-1.954466e+01,-2.003298e+01,-1.980819e+01,-1.955486e+01,-1.876071e+01
1.925000e+01,-1.814995e+01,-1.915830e+01,-2.006351e+01,-1.957135e+01,-2.008270e+01,-1.976194e+01,-1.958070e+01,-1.879295e+01
1.975000e+01,-1.795186e+01,-1.906035e+01,-2.007768e+01,-1.959281e+01,-2.011649e+01,-1.971157e+01,-1.960094e+01,-1.881026e+01
2.025000e+01,-1.775611e+01,-1.895472e+01,-2.009073e+01,-1.961078e+01,-2.014356e+01,-1.965676e+01,-1.961837e+01,-1.882558e+01
2.075000e+01,-1.757229e+01,-1.884451e+01,-2.009659e+01,-1.962937e+01,-2.016404e+01,-1.959541e+01,-1.963534e+01,-1.884195e+01
