Time,U,B,V,R,I,gs,rs,is
7.500000e-01,-1.735358e+01,-1.617526e+01,-1.584197e+01,-1.531103e+01,-1.462233e+01,-1.621847e+01,-1.527027e+01,-1.440381e+01
1.250000e+00,-1.811623e+01,-1.688278e+01,-1.667292e+01,-1.621599e+01,-1.551384e+01,-1.693499e+01,-1.617089e+01,-1.534038e+01
1.750000e+00,-1.843337e+01,-1.733008e+01,-1.719682e+01,-1.682698e+01,-1.605718e+01,-1.737510e+01,-1.678314e+01,-1.589441e+01
2.250000e+00,-1.838525e+01,-1.756462e+01,-1.741956e+01,-1.727371e+01,-1.660051e+01,-1.758182e+01,-1.720019e+01,-1.650210e+01
2.750000e+00,-1.805985e+01,-1.757630e+01,-1.747774e+01,-1.742464e+01,-1.697558e+01,-1.762351e+01,-1.732598e+01,-1.680972e+01
3.250000e+00,-1.735152e+01,-1.740686e+01,-1.749890e+01,-1.746010e+01,-1.725356e+01,-1.756636e+01,-1.733280e+01,-1.700096e+01
3.750000e+00,-1.641242e+01,-1.696909e+01,-1.761345e+01,-1.759516e+01,-1.747947e+01,-1.738869e+01,-1.744815e+01,-1.722725e+01
4.250000e+00,-1.595487e+01,-1.665382e+01,-1.774074e+01,-1.781825e+01,-1.772018e+01,-1.723358e+01,-1.767502e+01,-1.744364e+01
4.750000e+00,-1.587978e+01,-1.658790e+01,-1.783724e+01,-1.800364e+01,-1.792139e+01,-1.722136e+01,-1.785565e+01,-1.764505e+01
5.250000e+00,-1.604523e+01,-1.675567e+01,-1.801828e+01,-1.818044e+01,-1.809487e+01,-1.739802e+01,-1.803557e+01,-1.782250e+01
5.750000e+00,-1.624898e+01,-1.700487e+01,-1.822817e+01,-1.833413e+01,-1.824335e+01,-1.763888e+01,-1.819305e+01,-1.797043e+01
6.250000e+00,-1.647670e+01,-1.725425e+01,-1.842040e+01,-1.846765e+01,-1.837804e+01,-1.787606e+01,-1.832700e+01,-1.811317e+01
6.750000e+00,-1.674814e+01,-1.752811e+01,-1.859293e+01,-1.857847e+01,-1.849261e+01,-1.811288e+01,-1.844357e+01,-1.821750e+01
7.250000e+00,-1.692633e+01,-1.774064e+01,-1.874417e+01,-1.867673e+01,-1.857293e+01,-1.831351e+01,-1.855158e+01,-1.828766e+01
7.750000e+00,-1.715184e+01,-1.794077e+01,-1.887593e+01,-1.874566e+01,-1.863794e+01,-1.848855e+01,-1.863036e+01,-1.833967e+01
8.250000e+00,-1.735563e+01,-1.813483e+01,-1.899887e+01,-1.881496e+01,-1.868130e+01,-1.865810e+01,-1.870705e+01,-1.838097e+01
8.750000e+00,-1.751664e+01,-1.828831e+01,-1.910368e+01,-1.887631e+01,-1.871254e+01,-1.879801e+01,-1.877676e+01,-1.840992e+01
9.250000e+00,-1.766014e+01,-1.842514e+01,-1.920029e+01,-1.892763e+01,-1.873524e+01,-1.892390e+01,-1.884543e+01,-1.840273e+01
9.750000e+00,-1.776488e+01,-1.853628e+01,-1.928904e+01,-1.898005e+01,-1.874690e+01,-1.902923e+01,-1.890748e+01,-1.841070e+01
1.025000e+01,-1.787878e+01,-1.863538e+01,-1.937109e+01,-1.903375e+01,-1.875238e+01,-1.912452e+01,-1.897197e+01,-1.841466e+01
1.075000e+01,-1.796235e+01,-1.871940e+01,-1.944894e+01,-1.908040e+01,-1.876902e+01,-1.920695e+01,-1.903060e+01,-1.840870e+01
1.125000e+01,-1.801950e+01,-1.878757e+01,-1.951922e+01,-1.911966e+01,-1.875785e+01,-1.927801e+01,-1.907803e+01,-1.839855e+01
1.175000e+01,-1.806300e+01,-1.884256e+01,-1.958344e+01,-1.916136e+01,-1.876486e+01,-1.933873e+01,-1.913025e+01,-1.838881e+01
1.225000e+01,-1.809836e+01,-1.889005e+01,-1.965145e+01,-1.920154e+01,-1.876285e+01,-1.939576e+01,-1.918064e+01,-1.835967e+01
1.275000e+01,-1.809472e+01,-1.892148e+01,-1.971165e+01,-1.923765e+01,-1.875018e+01,-1.944130e+01,-1.922481e+01,-1.833677e+01
1.325000e+01,-1.806532e+01,-1.893299e+01,-1.976757e+01,-1.927947e+01,-1.875118e+01,-1.947058e+01,-1.927739e+01,-1.830719e+01
1.375000e+01,-1.804530e+01,-1.893440e+01,-1.981314e+01,-1.932676e+01,-1.875251e+01,-1.948839e+01,-1.933180e+01,-1.828210e+01
1.425000e+01,-1.801502e+01,-1.893252e+01,-1.985680e+01,-1.936541e+01,-1.876569e+01,-1.950426e+01,-1.937617e+01,-1.826484e+01
1.475000e+01,-1.795851e+01,-1.892003e+01,-1.990175e+01,-1.941457e+01,-1.879120e+01,-1.951264e+01,-1.943103e+01,-1.825210e+01
1.525000e+01,-1.788499e+01,-1.889516e+01,-1.993432e+01,-1.945846e+01,-1.882890e+01,-1.951077e+01,-1.947816e+01,-1.825341e+01
1.575000e+01,-1.780700e+01,-1.885794e+01,-1.996586e+01,-1.950085e+01,-1.888352e+01,-1.950081e+01,-1.952105e+01,-1.827343e+01
1.625000e+01,-1.771956e+01,-1.880865e+01,-1.999429e+01,-1.954674e+01,-1.894573e+01,-1.948113e+01,-1.956689e+01,-1.830280e+01
1.675000e+01,-1.761300e+01,-1.874726e+01,-2.001536e+01,-1.959375e+01,-1.902249e+01,-1.945096e+01,-1.961225e+01,-1.834660e+01
1.725000e+01,-1.749536e+01,-1.867464e+01,-2.003204e+01,-1.963786e+01,-1.910165e+01,-1.941147e+01,-1.965482e+01,-1.839811e+01
1.775000e+01,-1.736688e+01,-1.858919e+01,-2.004518e+01,-1.968333e+01,-1.919417e+01,-1.936166e+01,-1.969773e+01,-1.846316e+01
1.825000e+01,-1.723563e+01,-1.849717e+01,-2.005218e+01,-1.972600e+01,-1.928464e+01,-1.930624e+01,-1.973614e+01,-1.853301e+01
1.875000e+01,-1.711311e+01,-1.840456e+01,-2.005159e+01,-1.976358e+01,-1.936271e+01,-1.924610e+01,-1.977024e+01,-1.859522e+01
1.925000e+01,-1.697423e+01,-1.829359e+01,-2.004339e+01,-1.980055e+01,-1.944686e+01,-1.917220e+01,-1.980286e+01,-1.866424e+01
1.975000e+01,-1.683618e+01,-1.819023e+01,-2.003178e+01,-1.982956e+01,-1.952233e+01,-1.910171e+01,-1.982681e+01,-1.872147e+01
2.025000e+01,-1.669479e+01,-1.807573e+01,-2.001410e+01,-1.985818e+01,-1.959747e+01,-1.902161e+01,-1.984993e+01,-1.878455e+01
2.075000e+01,-1.655062e+01,-1.795939e+01,-1.998986e+01,-1.987977e+01,-1.965989e+01,-1.893702e+01,-1.986680e+01,-1.883941e+01
