Time,U,B,V,R,I,gs,rs,is
7.500000e-01,-1.635320e+01,-1.534839e+01,-1.536033e+01,-1.498400e+01,-1.450564e+01,-1.542930e+01,-1.492865e+01,-1.424328e+01
1.250000e+00,-1.569632e+01,-1.535730e+01,-1.551141e+01,-1.549445e+01,-1.562117e+01,-1.551471e+01,-1.533018e+01,-1.525654e+01
1.750000e+00,-1.473823e+01,-1.513521e+01,-1.592881e+01,-1.605772e+01,-1.619691e+01,-1.552972e+01,-1.589509e+01,-1.581549e+01
2.250000e+00,-1.583202e+01,-1.607888e+01,-1.662252e+01,-1.668784e+01,-1.677873e+01,-1.637005e+01,-1.654567e+01,-1.638355e+01
2.750000e+00,-1.711150e+01,-1.694192e+01,-1.715277e+01,-1.716175e+01,-1.721234e+01,-1.707854e+01,-1.704874e+01,-1.677626e+01
3.250000e+00,-1.796262e+01,-1.747294e+01,-1.753564e+01,-1.753206e+01,-1.752885e+01,-1.753765e+01,-1.741926e+01,-1.711368e+01
3.750000e+00,-1.852274e+01,-1.782628e+01,-1.782313e+01,-1.778731e+01,-1.775795e+01,-1.786399e+01,-1.768877e+01,-1.734853e+01
4.250000e+00,-1.890315e+01,-1.810842e+01,-1.806183e+01,-1.800080e+01,-1.795688e+01,-1.813224e+01,-1.791365e+01,-1.753537e+01
4.750000e+00,-1.920155e+01,-1.834180e+01,-1.827891e+01,-1.818358e+01,-1.812194e+01,-1.836151e+01,-1.810530e+01,-1.767971e+01
5.250000e+00,-1.941408e+01,-1.851919e+01,-1.845121e+01,-1.832543e+01,-1.823257e+01,-1.853318e+01,-1.825149e+01,-1.780079e+01
5.750000e+00,-1.960272e+01,-1.869525e+01,-1.859402e+01,-1.845853e+01,-1.833319e+01,-1.870115e+01,-1.839511e+01,-1.789921e+01
6.250000e+00,-1.975318e+01,-1.883789e+01,-1.871735e+01,-1.855896e+01,-1.841442e+01,-1.883543e+01,-1.850721e+01,-1.795142e+01
6.750000e+00,-1.987898e+01,-1.897039e+01,-1.882424e+01,-1.864234e+01,-1.846500e+01,-1.895834e+01,-1.860187e+01,-1.798150e+01
7.250000e+00,-1.998803e+01,-1.908114e+01,-1.893350e+01,-1.872543e+01,-1.848904e+01,-1.906629e+01,-1.869853e+01,-1.797970e+01
7.750000e+00,-2.008397e+01,-1.918712e+01,-1.901264e+01,-1.880173e+01,-1.851343e+01,-1.916305e+01,-1.878474e+01,-1.798079e+01
8.250000e+00,-2.016090e+01,-1.928242e+01,-1.909317e+01,-1.885868e+01,-1.852796e+01,-1.925532e+01,-1.885459e+01,-1.795657e+01
8.750000e+00,-2.022973e+01,-1.936654e+01,-1.918155e+01,-1.892612e+01,-1.853795e+01,-1.934134e+01,-1.893171e+01,-1.794133e+01
9.250000e+00,-2.028706e+01,-1.944212e+01,-1.925233e+01,-1.898107e+01,-1.854776e+01,-1.941232e+01,-1.899742e+01,-1.792090e+01
9.750000e+00,-2.033530e+01,-1.951344e+01,-1.931732e+01,-1.903248e+01,-1.857472e+01,-1.948097e+01,-1.905471e+01,-1.790693e+01
1.025000e+01,-2.037406e+01,-1.957844e+01,-1.938036e+01,-1.908667e+01,-1.860793e+01,-1.954547e+01,-1.911516e+01,-1.790602e+01
1.075000e+01,-2.039186e+01,-1.963256e+01,-1.943539e+01,-1.914312e+01,-1.862925e+01,-1.960144e+01,-1.917841e+01,-1.788948e+01
1.125000e+01,-2.040698e+01,-1.967953e+01,-1.949040e+01,-1.919702e+01,-1.867555e+01,-1.965182e+01,-1.923778e+01,-1.788360e+01
1.175000e+01,-2.040514e+01,-1.972656e+01,-1.954502e+01,-1.923834e+01,-1.872960e+01,-1.970367e+01,-1.928418e+01,-1.787896e+01
1.225000e+01,-2.039010e+01,-1.976961e+01,-1.959212e+01,-1.928811e+01,-1.878563e+01,-1.975263e+01,-1.933602e+01,-1.789270e+01
1.275000e+01,-2.035810e+01,-1.980294e+01,-1.963672e+01,-1.933005e+01,-1.884950e+01,-1.979474e+01,-1.937972e+01,-1.791462e+01
1.325000e+01,-2.031878e+01,-1.983051e+01,-1.968899e+01,-1.937641e+01,-1.892490e+01,-1.983641e+01,-1.942948e+01,-1.794111e+01
1.375000e+01,-2.027454e+01,-1.985565e+01,-1.973386e+01,-1.942122e+01,-1.900691e+01,-1.987198e+01,-1.947592e+01,-1.799361e+01
1.425000e+01,-2.021355e+01,-1.987387e+01,-1.977253e+01,-1.945617e+01,-1.909115e+01,-1.990169e+01,-1.951111e+01,-1.804277e+01
1.475000e+01,-2.014213e+01,-1.988681e+01,-1.980816e+01,-1.949191e+01,-1.918189e+01,-1.993118e+01,-1.954703e+01,-1.808612e+01
1.525000e+01,-2.006112e+01,-1.989104e+01,-1.984326e+01,-1.951203e+01,-1.927421e+01,-1.995742e+01,-1.956863e+01,-1.812915e+01
1.575000e+01,-1.997178e+01,-1.988544e+01,-1.987300e+01,-1.952595e+01,-1.935720e+01,-1.997366e+01,-1.958080e+01,-1.818401e+01
1.625000e+01,-1.987939e+01,-1.987320e+01,-1.990036e+01,-1.954029e+01,-1.943784e+01,-1.998305e+01,-1.959399e+01,-1.823597e+01
1.675000e+01,-1.978226e+01,-1.985286e+01,-1.992766e+01,-1.955226e+01,-1.950784e+01,-1.998759e+01,-1.960520e+01,-1.828143e+01
1.725000e+01,-1.968507e+01,-1.982650e+01,-1.994902e+01,-1.956212e+01,-1.956772e+01,-1.998830e+01,-1.961467e+01,-1.831102e+01
1.775000e+01,-1.957755e+01,-1.979381e+01,-1.996639e+01,-1.956257e+01,-1.962111e+01,-1.998785e+01,-1.961463e+01,-1.832808e+01
1.825000e+01,-1.948013e+01,-1.975892e+01,-1.998018e+01,-1.956307e+01,-1.966091e+01,-1.998488e+01,-1.961444e+01,-1.833886e+01
1.875000e+01,-1.938374e+01,-1.972113e+01,-1.998902e+01,-1.956333e+01,-1.969372e+01,-1.997733e+01,-1.961309e+01,-1.835470e+01
1.925000e+01,-1.927764e+01,-1.967800e+01,-1.999291e+01,-1.955263e+01,-1.972376e+01,-1.997018e+01,-1.959843e+01,-1.837943e+01
1.975000e+01,-1.918117e+01,-1.963499e+01,-1.999540e+01,-1.953992e+01,-1.974923e+01,-1.996074e+01,-1.958263e+01,-1.839182e+01
2.025000e+01,-1.908349e+01,-1.959024e+01,-1.999346e+01,-1.952505e+01,-1.977132e+01,-1.994854e+01,-1.956407e+01,-1.840315e+01
2.075000e+01,-1.898568e+01,-1.954357e+01,-1.999318e+01,-1.951349e+01,-1.978865e+01,-1.993230e+01,-1.954968e+01,-1.841373e+01
