Time,U,B,V,R,I,gs,rs,is
7.500000e-01,5.551499e+00,-5.104714e+00,-7.041325e+00,-8.512773e+00,-9.905983e+00,-5.992459e+00,-8.160654e+00,-9.034063e+00
1.250000e+00,-1.355735e+00,-6.946269e+00,-8.613747e+00,-9.788487e+00,-1.109551e+01,-7.774529e+00,-9.471707e+00,-1.019879e+01
1.750000e+00,-5.866497e+00,-9.354641e+00,-1.044635e+01,-1.161041e+01,-1.261882e+01,-9.868077e+00,-1.130973e+01,-1.190818e+01
2.250000e+00,-1.029609e+01,-1.164501e+01,-1.236030e+01,-1.323596e+01,-1.390134e+01,-1.200431e+01,-1.298084e+01,-1.335819e+01
2.750000e+00,-1.307994e+01,-1.350319e+01,-1.410377e+01,-1.460667e+01,-1.495566e+01,-1.381486e+01,-1.441663e+01,-1.446806e+01
3.250000e+00,-1.464069e+01,-1.475161e+01,-1.519235e+01,-1.549384e+01,-1.564267e+01,-1.500872e+01,-1.533055e+01,-1.520568e+01
3.750000e+00,-1.561301e+01,-1.554429e+01,-1.591187e+01,-1.610910e+01,-1.620060e+01,-1.576538e+01,-1.595883e+01,-1.575422e+01
4.250000e+00,-1.629336e+01,-1.611620e+01,-1.640094e+01,-1.657352e+01,-1.670092e+01,-1.630752e+01,-1.643174e+01,-1.620295e+01
4.750000e+00,-1.685022e+01,-1.657327e+01,-1.680064e+01,-1.696914e+01,-1.713777e+01,-1.673671e+01,-1.683360e+01,-1.659319e+01
5.250000e+00,-1.726936e+01,-1.691483e+01,-1.711956e+01,-1.726951e+01,-1.747117e+01,-1.706590e+01,-1.714168e+01,-1.688934e+01
5.750000e+00,-1.759524e+01,-1.719641e+01,-1.737870e+01,-1.754292e+01,-1.773127e+01,-1.733217e+01,-1.742287e+01,-1.713961e+01
6.250000e+00,-1.785872e+01,-1.743535e+01,-1.759428e+01,-1.776360e+01,-1.796017e+01,-1.756102e+01,-1.765330e+01,-1.733049e+01
6.750000e+00,-1.807943e+01,-1.763409e+01,-1.777023e+01,-1.793596e+01,-1.813281e+01,-1.774907e+01,-1.783358e+01,-1.747248e+01
7.250000e+00,-1.826533e+01,-1.779958e+01,-1.792135e+01,-1.808975e+01,-1.828693e+01,-1.790704e+01,-1.799376e+01,-1.760138e+01
7.750000e+00,-1.840853e+01,-1.793049e+01,-1.805049e+01,-1.820606e+01,-1.841456e+01,-1.803624e+01,-1.811562e+01,-1.770378e+01
8.250000e+00,-1.853083e+01,-1.804657e+01,-1.814936e+01,-1.830888e+01,-1.852860e+01,-1.814807e+01,-1.822184e+01,-1.779564e+01
8.750000e+00,-1.864032e+01,-1.814714e+01,-1.823370e+01,-1.838964e+01,-1.863026e+01,-1.824293e+01,-1.830362e+01,-1.788572e+01
9.250000e+00,-1.872204e+01,-1.823629e+01,-1.831577e+01,-1.846954e+01,-1.871320e+01,-1.832720e+01,-1.839024e+01,-1.793761e+01
9.750000e+00,-1.878857e+01,-1.830961e+01,-1.838582e+01,-1.854051e+01,-1.879668e+01,-1.840043e+01,-1.846434e+01,-1.799749e+01
1.025000e+01,-1.884566e+01,-1.838229e+01,-1.845658e+01,-1.859553e+01,-1.886029e+01,-1.847249e+01,-1.852129e+01,-1.804894e+01
1.075000e+01,-1.889534e+01,-1.845118e+01,-1.851551e+01,-1.863569e+01,-1.891740e+01,-1.853657e+01,-1.856462e+01,-1.807673e+01
1.125000e+01,-1.892674e+01,-1.850494e+01,-1.856285e+01,-1.867857e+01,-1.896723e+01,-1.858952e+01,-1.861273e+01,-1.809984e+01
1.175000e+01,-1.895508e+01,-1.855476e+01,-1.860600e+01,-1.871701e+01,-1.900735e+01,-1.863844e+01,-1.865389e+01,-1.812329e+01
1.225000e+01,-1.897601e+01,-1.860042e+01,-1.864869e+01,-1.874292e+01,-1.904492e+01,-1.868647e+01,-1.868410e+01,-1.813650e+01
1.275000e+01,-1.898519e+01,-1.864229e+01,-1.868086e+01,-1.876034e+01,-1.907784e+01,-1.872531e+01,-1.870358e+01,-1.814402e+01
1.325000e+01,-1.898415e+01,-1.867822e+01,-1.871823e+01,-1.877753e+01,-1.910559e+01,-1.876278e+01,-1.872403e+01,-1.814576e+01
1.375000e+01,-1.897729e+01,-1.871224e+01,-1.874638e+01,-1.879212e+01,-1.913126e+01,-1.879650e+01,-1.874293e+01,-1.814203e+01
1.425000e+01,-1.896412e+01,-1.874188e+01,-1.877717e+01,-1.880191e+01,-1.915880e+01,-1.882822e+01,-1.875603e+01,-1.813817e+01
1.475000e+01,-1.894270e+01,-1.876735e+01,-1.881109e+01,-1.881107e+01,-1.917889e+01,-1.885575e+01,-1.877014e+01,-1.812376e+01
1.525000e+01,-1.891516e+01,-1.879389e+01,-1.884173e+01,-1.882060e+01,-1.919359e+01,-1.888462e+01,-1.878506e+01,-1.810594e+01
1.575000e+01,-1.887728e+01,-1.881473e+01,-1.886526e+01,-1.883350e+01,-1.920420e+01,-1.890596e+01,-1.880485e+01,-1.807620e+01
1.625000e+01,-1.883305e+01,-1.883262e+01,-1.888228e+01,-1.883436e+01,-1.921137e+01,-1.892637e+01,-1.880764e+01,-1.805758e+01
1.675000e+01,-1.878265e+01,-1.884271e+01,-1.890233e+01,-1.883885e+01,-1.921756e+01,-1.893999e+01,-1.881449e+01,-1.804266e+01
1.725000e+01,-1.873013e+01,-1.885210e+01,-1.892544e+01,-1.884403e+01,-1.921650e+01,-1.895405e+01,-1.882437e+01,-1.801011e+01
1.775000e+01,-1.867358e+01,-1.885952e+01,-1.893878e+01,-1.884805e+01,-1.920597e+01,-1.896677e+01,-1.883186e+01,-1.797404e+01
1.825000e+01,-1.861273e+01,-1.886301e+01,-1.896176e+01,-1.884869e+01,-1.919334e+01,-1.897517e+01,-1.883562e+01,-1.794564e+01
1.875000e+01,-1.855356e+01,-1.886145e+01,-1.897548e+01,-1.885403e+01,-1.918241e+01,-1.897947e+01,-1.884358e+01,-1.792090e+01
1.925000e+01,-1.849073e+01,-1.885398e+01,-1.898361e+01,-1.885125e+01,-1.916978e+01,-1.897911e+01,-1.884292e+01,-1.788308e+01
1.975000e+01,-1.842218e+01,-1.884555e+01,-1.899067e+01,-1.884953e+01,-1.915092e+01,-1.897831e+01,-1.884454e+01,-1.784916e+01
2.025000e+01,-1.834804e+01,-1.883378e+01,-1.899743e+01,-1.884494e+01,-1.913225e+01,-1.897502e+01,-1.884172e+01,-1.781319e+01
2.075000e+01,-1.827404e+01,-1.881361e+01,-1.900319e+01,-1.883806e+01,-1.911206e+01,-1.896563e+01,-1.883705e+01,-1.777787e+01
