Time,U,B,V,R,I,gs,rs,is
7.500000e-01,-6.291934e+00,-7.978574e+00,-1.015972e+01,-1.102316e+01,-1.206594e+01,-8.868116e+00,-1.057984e+01,-1.149880e+01
1.250000e+00,-9.308225e+00,-1.044883e+01,-1.264798e+01,-1.313307e+01,-1.378723e+01,-1.148469e+01,-1.270310e+01,-1.349024e+01
1.750000e+00,-1.111233e+01,-1.196744e+01,-1.445959e+01,-1.455964e+01,-1.493031e+01,-1.311684e+01,-1.430630e+01,-1.458244e+01
2.250000e+00,-1.301826e+01,-1.344724e+01,-1.564179e+01,-1.567363e+01,-1.592806e+01,-1.443778e+01,-1.547206e+01,-1.554884e+01
2.750000e+00,-1.491810e+01,-1.511220e+01,-1.651799e+01,-1.652806e+01,-1.676529e+01,-1.577471e+01,-1.637511e+01,-1.624600e+01
3.250000e+00,-1.657838e+01,-1.646301e+01,-1.704747e+01,-1.702147e+01,-1.731257e+01,-1.681593e+01,-1.688405e+01,-1.669982e+01
3.750000e+00,-1.751818e+01,-1.717794e+01,-1.735977e+01,-1.735101e+01,-1.770098e+01,-1.736438e+01,-1.722067e+01,-1.703242e+01
4.250000e+00,-1.810342e+01,-1.759226e+01,-1.761340e+01,-1.763591e+01,-1.799138e+01,-1.768551e+01,-1.751174e+01,-1.730489e+01
4.750000e+00,-1.852209e+01,-1.790774e+01,-1.783904e+01,-1.785116e+01,-1.820917e+01,-1.794227e+01,-1.773958e+01,-1.750943e+01
5.250000e+00,-1.880187e+01,-1.812867e+01,-1.801853e+01,-1.801206e+01,-1.836328e+01,-1.814246e+01,-1.789720e+01,-1.767296e+01
5.750000e+00,-1.903263e+01,-1.831104e+01,-1.818854e+01,-1.816341e+01,-1.850496e+01,-1.831543e+01,-1.805049e+01,-1.782403e+01
6.250000e+00,-1.921546e+01,-1.847563e+01,-1.834440e+01,-1.830403e+01,-1.860575e+01,-1.846602e+01,-1.820219e+01,-1.793046e+01
6.750000e+00,-1.936193e+01,-1.861357e+01,-1.848405e+01,-1.841650e+01,-1.871526e+01,-1.860410e+01,-1.832039e+01,-1.802771e+01
7.250000e+00,-1.948674e+01,-1.874220e+01,-1.859143e+01,-1.850690e+01,-1.880188e+01,-1.872158e+01,-1.841715e+01,-1.809659e+01
7.750000e+00,-1.958836e+01,-1.885667e+01,-1.869213e+01,-1.858840e+01,-1.888674e+01,-1.883783e+01,-1.850648e+01,-1.816873e+01
8.250000e+00,-1.968015e+01,-1.895947e+01,-1.879647e+01,-1.867893e+01,-1.895095e+01,-1.893932e+01,-1.861016e+01,-1.819722e+01
8.750000e+00,-1.975222e+01,-1.905302e+01,-1.887020e+01,-1.874139e+01,-1.903073e+01,-1.902868e+01,-1.867858e+01,-1.825096e+01
9.250000e+00,-1.981226e+01,-1.913665e+01,-1.894843e+01,-1.880269e+01,-1.910604e+01,-1.911384e+01,-1.874732e+01,-1.828432e+01
9.750000e+00,-1.985247e+01,-1.920813e+01,-1.901980e+01,-1.885053e+01,-1.916437e+01,-1.918713e+01,-1.880407e+01,-1.830065e+01
1.025000e+01,-1.988245e+01,-1.927615e+01,-1.908253e+01,-1.891307e+01,-1.923407e+01,-1.925491e+01,-1.887311e+01,-1.833280e+01
1.075000e+01,-1.990221e+01,-1.933498e+01,-1.914533e+01,-1.896324e+01,-1.930330e+01,-1.931984e+01,-1.893234e+01,-1.835366e+01
1.125000e+01,-1.991841e+01,-1.939000e+01,-1.920655e+01,-1.901217e+01,-1.936375e+01,-1.937799e+01,-1.898973e+01,-1.836441e+01
1.175000e+01,-1.991162e+01,-1.944099e+01,-1.925803e+01,-1.905920e+01,-1.943640e+01,-1.943378e+01,-1.904050e+01,-1.840236e+01
1.225000e+01,-1.988213e+01,-1.947906e+01,-1.930565e+01,-1.910128e+01,-1.951758e+01,-1.948276e+01,-1.908623e+01,-1.844166e+01
1.275000e+01,-1.984814e+01,-1.950879e+01,-1.935084e+01,-1.913476e+01,-1.958863e+01,-1.952716e+01,-1.912393e+01,-1.847114e+01
1.325000e+01,-1.979893e+01,-1.953096e+01,-1.940015e+01,-1.917586e+01,-1.966575e+01,-1.956662e+01,-1.916799e+01,-1.850820e+01
1.375000e+01,-1.973660e+01,-1.954413e+01,-1.944602e+01,-1.921896e+01,-1.972755e+01,-1.960001e+01,-1.921465e+01,-1.852916e+01
1.425000e+01,-1.966342e+01,-1.954548e+01,-1.948987e+01,-1.925861e+01,-1.978785e+01,-1.962646e+01,-1.925645e+01,-1.855918e+01
1.475000e+01,-1.958704e+01,-1.953976e+01,-1.952586e+01,-1.929631e+01,-1.984244e+01,-1.964878e+01,-1.929570e+01,-1.859133e+01
1.525000e+01,-1.950432e+01,-1.952785e+01,-1.956159e+01,-1.933029e+01,-1.989540e+01,-1.966811e+01,-1.933169e+01,-1.862226e+01
1.575000e+01,-1.941145e+01,-1.950866e+01,-1.960018e+01,-1.936073e+01,-1.994303e+01,-1.968347e+01,-1.936254e+01,-1.864866e+01
1.625000e+01,-1.931196e+01,-1.947941e+01,-1.963562e+01,-1.938696e+01,-1.997920e+01,-1.969109e+01,-1.939044e+01,-1.865641e+01
1.675000e+01,-1.920660e+01,-1.944665e+01,-1.966251e+01,-1.940775e+01,-2.000953e+01,-1.969609e+01,-1.941331e+01,-1.866416e+01
1.725000e+01,-1.909916e+01,-1.940967e+01,-1.968785e+01,-1.942631e+01,-2.002808e+01,-1.969647e+01,-1.943341e+01,-1.866811e+01
1.775000e+01,-1.897935e+01,-1.936532e+01,-1.971316e+01,-1.944271e+01,-2.004821e+01,-1.969177e+01,-1.945072e+01,-1.866976e+01
1.825000e+01,-1.886914e+01,-1.932468e+01,-1.973970e+01,-1.945369e+01,-2.006576e+01,-1.968645e+01,-1.946347e+01,-1.867288e+01
1.875000e+01,-1.876173e+01,-1.928840e+01,-1.976227e+01,-1.945916e+01,-2.007535e+01,-1.968078e+01,-1.947057e+01,-1.866832e+01
1.925000e+01,-1.863739e+01,-1.924326e+01,-1.977998e+01,-1.945988e+01,-2.007883e+01,-1.966761e+01,-1.947320e+01,-1.865454e+01
1.975000e+01,-1.852740e+01,-1.920293e+01,-1.979588e+01,-1.945805e+01,-2.007712e+01,-1.965640e+01,-1.947238e+01,-1.863767e+01
2.025000e+01,-1.841143e+01,-1.916185e+01,-1.980829e+01,-1.944986e+01,-2.007588e+01,-1.964455e+01,-1.946395e+01,-1.862751e+01
2.075000e+01,-1.828832e+01,-1.911431e+01,-1.982009e+01,-1.944235e+01,-2.007698e+01,-1.962632e+01,-1.945596e+01,-1.861491e+01
