Time,U,B,V,R,I,gs,rs,is
7.500000e-01,-1.727346e+01,-1.603474e+01,-1.570677e+01,-1.505195e+01,-1.436968e+01,-1.602897e+01,-1.502411e+01,-1.413910e+01
1.250000e+00,-1.794048e+01,-1.673004e+01,-1.658243e+01,-1.601494e+01,-1.514669e+01,-1.676357e+01,-1.599913e+01,-1.494807e+01
1.750000e+00,-1.811318e+01,-1.712830e+01,-1.707361e+01,-1.667304e+01,-1.573221e+01,-1.717727e+01,-1.664983e+01,-1.558143e+01
2.250000e+00,-1.797170e+01,-1.723520e+01,-1.714837e+01,-1.697985e+01,-1.643218e+01,-1.727030e+01,-1.691029e+01,-1.622803e+01
2.750000e+00,-1.754472e+01,-1.718211e+01,-1.713044e+01,-1.705353e+01,-1.687257e+01,-1.725520e+01,-1.694676e+01,-1.654939e+01
3.250000e+00,-1.673208e+01,-1.699534e+01,-1.723476e+01,-1.713043e+01,-1.713989e+01,-1.722794e+01,-1.699566e+01,-1.677502e+01
3.750000e+00,-1.600091e+01,-1.666121e+01,-1.743554e+01,-1.734001e+01,-1.740771e+01,-1.711829e+01,-1.719395e+01,-1.705762e+01
4.250000e+00,-1.581141e+01,-1.656959e+01,-1.762529e+01,-1.758297e+01,-1.764291e+01,-1.712673e+01,-1.743800e+01,-1.730174e+01
4.750000e+00,-1.595205e+01,-1.674432e+01,-1.785577e+01,-1.781125e+01,-1.781190e+01,-1.732458e+01,-1.768399e+01,-1.746509e+01
5.250000e+00,-1.621228e+01,-1.700356e+01,-1.807150e+01,-1.799057e+01,-1.797031e+01,-1.756729e+01,-1.787209e+01,-1.761853e+01
5.750000e+00,-1.654020e+01,-1.728705e+01,-1.827227e+01,-1.813964e+01,-1.808401e+01,-1.782658e+01,-1.803011e+01,-1.772936e+01
6.250000e+00,-1.690919e+01,-1.758529e+01,-1.845333e+01,-1.827062e+01,-1.820479e+01,-1.807730e+01,-1.816352e+01,-1.786324e+01
6.750000e+00,-1.718063e+01,-1.782851e+01,-1.861163e+01,-1.839204e+01,-1.831472e+01,-1.828583e+01,-1.829554e+01,-1.795336e+01
7.250000e+00,-1.742572e+01,-1.802895e+01,-1.873955e+01,-1.849180e+01,-1.838610e+01,-1.845967e+01,-1.840314e+01,-1.801616e+01
7.750000e+00,-1.763273e+01,-1.818998e+01,-1.885753e+01,-1.859053e+01,-1.845711e+01,-1.860234e+01,-1.850614e+01,-1.809581e+01
8.250000e+00,-1.784935e+01,-1.834713e+01,-1.896248e+01,-1.867600e+01,-1.853537e+01,-1.873931e+01,-1.859743e+01,-1.816229e+01
8.750000e+00,-1.796738e+01,-1.847130e+01,-1.905955e+01,-1.875518e+01,-1.859183e+01,-1.885508e+01,-1.868361e+01,-1.821186e+01
9.250000e+00,-1.806484e+01,-1.855461e+01,-1.914092e+01,-1.881005e+01,-1.864167e+01,-1.893851e+01,-1.874633e+01,-1.824177e+01
9.750000e+00,-1.815940e+01,-1.863103e+01,-1.921796e+01,-1.887320e+01,-1.869418e+01,-1.901454e+01,-1.881764e+01,-1.827216e+01
1.025000e+01,-1.824582e+01,-1.870708e+01,-1.928390e+01,-1.892775e+01,-1.873332e+01,-1.908724e+01,-1.888086e+01,-1.828543e+01
1.075000e+01,-1.829362e+01,-1.876881e+01,-1.934473e+01,-1.897685e+01,-1.876766e+01,-1.915348e+01,-1.893655e+01,-1.829553e+01
1.125000e+01,-1.832111e+01,-1.881284e+01,-1.941344e+01,-1.902481e+01,-1.880197e+01,-1.920929e+01,-1.899259e+01,-1.829819e+01
1.175000e+01,-1.831251e+01,-1.884213e+01,-1.946357e+01,-1.906664e+01,-1.881680e+01,-1.925322e+01,-1.904332e+01,-1.828260e+01
1.225000e+01,-1.830712e+01,-1.886306e+01,-1.951814e+01,-1.910608e+01,-1.884420e+01,-1.929334e+01,-1.909062e+01,-1.827936e+01
1.275000e+01,-1.828302e+01,-1.887988e+01,-1.956556e+01,-1.914707e+01,-1.886726e+01,-1.932822e+01,-1.913685e+01,-1.827156e+01
1.325000e+01,-1.824518e+01,-1.888214e+01,-1.960776e+01,-1.918493e+01,-1.888683e+01,-1.935180e+01,-1.918100e+01,-1.825658e+01
1.375000e+01,-1.820713e+01,-1.888302e+01,-1.964956e+01,-1.922432e+01,-1.891985e+01,-1.937245e+01,-1.922567e+01,-1.825157e+01
1.425000e+01,-1.815467e+01,-1.887737e+01,-1.968722e+01,-1.926386e+01,-1.894632e+01,-1.938990e+01,-1.926942e+01,-1.824390e+01
1.475000e+01,-1.808330e+01,-1.886150e+01,-1.972519e+01,-1.929847e+01,-1.897463e+01,-1.940013e+01,-1.930808e+01,-1.823911e+01
1.525000e+01,-1.800183e+01,-1.883634e+01,-1.975777e+01,-1.933492e+01,-1.900508e+01,-1.939922e+01,-1.934800e+01,-1.823997e+01
1.575000e+01,-1.792528e+01,-1.881213e+01,-1.978985e+01,-1.937818e+01,-1.904258e+01,-1.939779e+01,-1.939348e+01,-1.824510e+01
1.625000e+01,-1.784368e+01,-1.878311e+01,-1.981875e+01,-1.941820e+01,-1.907936e+01,-1.939143e+01,-1.943466e+01,-1.826319e+01
1.675000e+01,-1.776277e+01,-1.874924e+01,-1.984260e+01,-1.945500e+01,-1.911943e+01,-1.937906e+01,-1.947165e+01,-1.828530e+01
1.725000e+01,-1.767836e+01,-1.871352e+01,-1.986253e+01,-1.948872e+01,-1.915757e+01,-1.936202e+01,-1.950731e+01,-1.830034e+01
1.775000e+01,-1.759268e+01,-1.866945e+01,-1.987805e+01,-1.952213e+01,-1.919893e+01,-1.933771e+01,-1.954122e+01,-1.832138e+01
1.825000e+01,-1.750473e+01,-1.862491e+01,-1.988829e+01,-1.955079e+01,-1.924959e+01,-1.931069e+01,-1.956838e+01,-1.835550e+01
1.875000e+01,-1.741957e+01,-1.857573e+01,-1.989363e+01,-1.957573e+01,-1.929663e+01,-1.927909e+01,-1.959177e+01,-1.839357e+01
1.925000e+01,-1.732452e+01,-1.851540e+01,-1.989648e+01,-1.960401e+01,-1.934490e+01,-1.923692e+01,-1.961874e+01,-1.842875e+01
1.975000e+01,-1.723486e+01,-1.845511e+01,-1.989398e+01,-1.962752e+01,-1.938580e+01,-1.919206e+01,-1.964117e+01,-1.846543e+01
2.025000e+01,-1.713630e+01,-1.839085e+01,-1.988553e+01,-1.964451e+01,-1.942444e+01,-1.914487e+01,-1.965735e+01,-1.849273e+01
2.075000e+01,-1.704610e+01,-1.832854e+01,-1.987582e+01,-1.965592e+01,-1.946265e+01,-1.909917e+01,-1.966604e+01,-1.852746e+01
