Time,U,B,V,R,I,gs,rs,is
7.500000e-01,-1.663981e+01,-1.562631e+01,-1.559494e+01,-1.526072e+01,-1.457992e+01,-1.567509e+01,-1.521266e+01,-1.441678e+01
1.250000e+00,-1.720040e+01,-1.629453e+01,-1.623739e+01,-1.605393e+01,-1.526061e+01,-1.634072e+01,-1.599286e+01,-1.520003e+01
1.750000e+00,-1.744344e+01,-1.665078e+01,-1.658788e+01,-1.646081e+01,-1.588758e+01,-1.669046e+01,-1.639579e+01,-1.569261e+01
2.250000e+00,-1.741634e+01,-1.687212e+01,-1.681533e+01,-1.670868e+01,-1.628320e+01,-1.692235e+01,-1.661558e+01,-1.609670e+01
2.750000e+00,-1.726242e+01,-1.708424e+01,-1.707520e+01,-1.698458e+01,-1.678794e+01,-1.717829e+01,-1.687833e+01,-1.648802e+01
3.250000e+00,-1.736213e+01,-1.736113e+01,-1.738951e+01,-1.728824e+01,-1.709053e+01,-1.748390e+01,-1.718780e+01,-1.677461e+01
3.750000e+00,-1.767451e+01,-1.766840e+01,-1.770248e+01,-1.752124e+01,-1.735266e+01,-1.779312e+01,-1.741694e+01,-1.703900e+01
4.250000e+00,-1.808492e+01,-1.796787e+01,-1.793334e+01,-1.777347e+01,-1.757202e+01,-1.806097e+01,-1.767038e+01,-1.725419e+01
4.750000e+00,-1.850011e+01,-1.823933e+01,-1.813146e+01,-1.796017e+01,-1.781677e+01,-1.829599e+01,-1.785347e+01,-1.748876e+01
5.250000e+00,-1.885350e+01,-1.847987e+01,-1.826413e+01,-1.809774e+01,-1.799358e+01,-1.850138e+01,-1.798419e+01,-1.766594e+01
5.750000e+00,-1.912608e+01,-1.865913e+01,-1.838914e+01,-1.819660e+01,-1.813854e+01,-1.866549e+01,-1.808299e+01,-1.778668e+01
6.250000e+00,-1.936568e+01,-1.884414e+01,-1.849771e+01,-1.830851e+01,-1.822254e+01,-1.882840e+01,-1.819671e+01,-1.788971e+01
6.750000e+00,-1.956892e+01,-1.898925e+01,-1.859730e+01,-1.837074e+01,-1.829354e+01,-1.896192e+01,-1.826260e+01,-1.795153e+01
7.250000e+00,-1.973419e+01,-1.911275e+01,-1.871719e+01,-1.843685e+01,-1.836395e+01,-1.908050e+01,-1.833691e+01,-1.801438e+01
7.750000e+00,-1.987037e+01,-1.922163e+01,-1.881762e+01,-1.851456e+01,-1.841170e+01,-1.918908e+01,-1.842425e+01,-1.805348e+01
8.250000e+00,-2.000752e+01,-1.931881e+01,-1.889786e+01,-1.857250e+01,-1.842641e+01,-1.928304e+01,-1.848729e+01,-1.807815e+01
8.750000e+00,-2.012040e+01,-1.940798e+01,-1.899878e+01,-1.861329e+01,-1.840365e+01,-1.937350e+01,-1.854953e+01,-1.804553e+01
9.250000e+00,-2.021533e+01,-1.948709e+01,-1.909164e+01,-1.866587e+01,-1.836419e+01,-1.945506e+01,-1.861841e+01,-1.798450e+01
9.750000e+00,-2.030756e+01,-1.955357e+01,-1.917194e+01,-1.871120e+01,-1.830522e+01,-1.952656e+01,-1.868010e+01,-1.793311e+01
1.025000e+01,-2.038982e+01,-1.962057e+01,-1.925042e+01,-1.875724e+01,-1.825188e+01,-1.959674e+01,-1.873841e+01,-1.788416e+01
1.075000e+01,-2.045442e+01,-1.967058e+01,-1.933188e+01,-1.879605e+01,-1.817040e+01,-1.965550e+01,-1.879338e+01,-1.780637e+01
1.125000e+01,-2.051553e+01,-1.971432e+01,-1.940620e+01,-1.884281e+01,-1.811219e+01,-1.970306e+01,-1.885197e+01,-1.776886e+01
1.175000e+01,-2.056157e+01,-1.975606e+01,-1.947678e+01,-1.890338e+01,-1.808970e+01,-1.974786e+01,-1.891969e+01,-1.775242e+01
1.225000e+01,-2.058681e+01,-1.979344e+01,-1.954651e+01,-1.895114e+01,-1.807154e+01,-1.979349e+01,-1.897787e+01,-1.771840e+01
1.275000e+01,-2.059869e+01,-1.982381e+01,-1.960698e+01,-1.899044e+01,-1.806114e+01,-1.983483e+01,-1.902686e+01,-1.767818e+01
1.325000e+01,-2.059638e+01,-1.984992e+01,-1.967370e+01,-1.904629e+01,-1.807561e+01,-1.987147e+01,-1.908957e+01,-1.766570e+01
1.375000e+01,-2.057561e+01,-1.987724e+01,-1.972305e+01,-1.909819e+01,-1.808533e+01,-1.990528e+01,-1.914355e+01,-1.766632e+01
1.425000e+01,-2.054263e+01,-1.990074e+01,-1.976299e+01,-1.913552e+01,-1.810450e+01,-1.993695e+01,-1.918399e+01,-1.765055e+01
1.475000e+01,-2.049256e+01,-1.992062e+01,-1.980068e+01,-1.916651e+01,-1.815344e+01,-1.996765e+01,-1.922256e+01,-1.761041e+01
1.525000e+01,-2.042134e+01,-1.993809e+01,-1.984397e+01,-1.919386e+01,-1.821078e+01,-2.000035e+01,-1.925340e+01,-1.759098e+01
1.575000e+01,-2.032921e+01,-1.994718e+01,-1.988634e+01,-1.922963e+01,-1.828081e+01,-2.002980e+01,-1.929069e+01,-1.759592e+01
1.625000e+01,-2.021548e+01,-1.994813e+01,-1.992541e+01,-1.926215e+01,-1.834788e+01,-2.005536e+01,-1.932435e+01,-1.760150e+01
1.675000e+01,-2.008299e+01,-1.993048e+01,-1.996186e+01,-1.929670e+01,-1.843239e+01,-2.006973e+01,-1.935948e+01,-1.761605e+01
1.725000e+01,-1.994198e+01,-1.990016e+01,-1.999190e+01,-1.933019e+01,-1.849891e+01,-2.007544e+01,-1.939248e+01,-1.763671e+01
1.775000e+01,-1.979222e+01,-1.986228e+01,-2.002642e+01,-1.936681e+01,-1.857331e+01,-2.007881e+01,-1.942727e+01,-1.766983e+01
1.825000e+01,-1.963459e+01,-1.981057e+01,-2.005556e+01,-1.939017e+01,-1.864268e+01,-2.007450e+01,-1.945038e+01,-1.769918e+01
1.875000e+01,-1.948177e+01,-1.975056e+01,-2.008166e+01,-1.940735e+01,-1.870405e+01,-2.006159e+01,-1.946748e+01,-1.772697e+01
1.925000e+01,-1.931301e+01,-1.967997e+01,-2.010760e+01,-1.942665e+01,-1.878561e+01,-2.004348e+01,-1.948497e+01,-1.778864e+01
1.975000e+01,-1.916291e+01,-1.961281e+01,-2.012707e+01,-1.944680e+01,-1.885311e+01,-2.002126e+01,-1.950226e+01,-1.784363e+01
2.025000e+01,-1.900575e+01,-1.953938e+01,-2.014366e+01,-1.946387e+01,-1.892641e+01,-1.999410e+01,-1.951811e+01,-1.789190e+01
2.075000e+01,-1.884933e+01,-1.946444e+01,-2.015416e+01,-1.948214e+01,-1.899955e+01,-1.996198e+01,-1.953413e+01,-1.794459e+01
