Time,U,B,V,R,I,gs,rs,is
7.500000e-01,-9.017712e+00,-1.009369e+01,-1.131094e+01,-1.195614e+01,-1.237250e+01,-1.073552e+01,-1.176545e+01,-1.173365e+01
1.250000e+00,-1.136810e+01,-1.244100e+01,-1.354227e+01,-1.373684e+01,-1.395168e+01,-1.302981e+01,-1.357619e+01,-1.344680e+01
1.750000e+00,-1.338943e+01,-1.399192e+01,-1.479888e+01,-1.493647e+01,-1.498852e+01,-1.444502e+01,-1.477423e+01,-1.459132e+01
2.250000e+00,-1.512912e+01,-1.533337e+01,-1.574394e+01,-1.590087e+01,-1.596002e+01,-1.560677e+01,-1.577225e+01,-1.546304e+01
2.750000e+00,-1.640228e+01,-1.625635e+01,-1.639979e+01,-1.657192e+01,-1.676298e+01,-1.638080e+01,-1.645156e+01,-1.615820e+01
3.250000e+00,-1.734855e+01,-1.683222e+01,-1.688202e+01,-1.704626e+01,-1.728112e+01,-1.688781e+01,-1.692470e+01,-1.666194e+01
3.750000e+00,-1.792473e+01,-1.723653e+01,-1.725104e+01,-1.735846e+01,-1.756976e+01,-1.726930e+01,-1.724403e+01,-1.696049e+01
4.250000e+00,-1.833943e+01,-1.757089e+01,-1.753789e+01,-1.762078e+01,-1.778626e+01,-1.758182e+01,-1.750921e+01,-1.722259e+01
4.750000e+00,-1.862719e+01,-1.784455e+01,-1.780694e+01,-1.784511e+01,-1.796359e+01,-1.785019e+01,-1.773632e+01,-1.743663e+01
5.250000e+00,-1.886171e+01,-1.807033e+01,-1.799158e+01,-1.800440e+01,-1.810653e+01,-1.806704e+01,-1.789999e+01,-1.759650e+01
5.750000e+00,-1.905011e+01,-1.825740e+01,-1.816823e+01,-1.816567e+01,-1.825160e+01,-1.824791e+01,-1.806709e+01,-1.774194e+01
6.250000e+00,-1.922161e+01,-1.842575e+01,-1.831671e+01,-1.828678e+01,-1.835792e+01,-1.841455e+01,-1.819215e+01,-1.784949e+01
6.750000e+00,-1.935917e+01,-1.856332e+01,-1.845097e+01,-1.841146e+01,-1.846125e+01,-1.855193e+01,-1.832587e+01,-1.794231e+01
7.250000e+00,-1.947280e+01,-1.868691e+01,-1.857528e+01,-1.851089e+01,-1.854442e+01,-1.867377e+01,-1.843706e+01,-1.799322e+01
7.750000e+00,-1.957264e+01,-1.880246e+01,-1.867623e+01,-1.858827e+01,-1.861877e+01,-1.878850e+01,-1.852023e+01,-1.804297e+01
8.250000e+00,-1.965504e+01,-1.890532e+01,-1.878096e+01,-1.867418e+01,-1.868640e+01,-1.889334e+01,-1.861069e+01,-1.810509e+01
8.750000e+00,-1.973277e+01,-1.899657e+01,-1.885707e+01,-1.873028e+01,-1.872813e+01,-1.898133e+01,-1.867653e+01,-1.811927e+01
9.250000e+00,-1.979430e+01,-1.907583e+01,-1.892811e+01,-1.879454e+01,-1.877180e+01,-1.905799e+01,-1.875496e+01,-1.811427e+01
9.750000e+00,-1.984317e+01,-1.914839e+01,-1.900025e+01,-1.884563e+01,-1.881655e+01,-1.913306e+01,-1.881246e+01,-1.812150e+01
1.025000e+01,-1.988165e+01,-1.921425e+01,-1.906386e+01,-1.888641e+01,-1.884350e+01,-1.920157e+01,-1.886429e+01,-1.809161e+01
1.075000e+01,-1.991359e+01,-1.927294e+01,-1.912618e+01,-1.893023e+01,-1.888865e+01,-1.926297e+01,-1.891610e+01,-1.809727e+01
1.125000e+01,-1.992966e+01,-1.932696e+01,-1.918600e+01,-1.897602e+01,-1.892000e+01,-1.931998e+01,-1.897023e+01,-1.807774e+01
1.175000e+01,-1.993774e+01,-1.937253e+01,-1.923450e+01,-1.901440e+01,-1.895746e+01,-1.936698e+01,-1.901660e+01,-1.807454e+01
1.225000e+01,-1.993957e+01,-1.941452e+01,-1.928404e+01,-1.905366e+01,-1.901086e+01,-1.941391e+01,-1.906235e+01,-1.807575e+01
1.275000e+01,-1.993422e+01,-1.944857e+01,-1.932979e+01,-1.908828e+01,-1.907374e+01,-1.945265e+01,-1.910071e+01,-1.808834e+01
1.325000e+01,-1.992405e+01,-1.948105e+01,-1.936887e+01,-1.912665e+01,-1.913559e+01,-1.948912e+01,-1.914175e+01,-1.810519e+01
1.375000e+01,-1.990168e+01,-1.950726e+01,-1.940615e+01,-1.916364e+01,-1.918860e+01,-1.951908e+01,-1.918332e+01,-1.811044e+01
1.425000e+01,-1.986746e+01,-1.953028e+01,-1.944575e+01,-1.919636e+01,-1.925591e+01,-1.954987e+01,-1.921897e+01,-1.813647e+01
1.475000e+01,-1.982831e+01,-1.955031e+01,-1.948184e+01,-1.922847e+01,-1.932282e+01,-1.957640e+01,-1.925478e+01,-1.815200e+01
1.525000e+01,-1.978764e+01,-1.956358e+01,-1.951522e+01,-1.925335e+01,-1.939240e+01,-1.959996e+01,-1.927946e+01,-1.818252e+01
1.575000e+01,-1.973853e+01,-1.957439e+01,-1.954349e+01,-1.927972e+01,-1.945801e+01,-1.961805e+01,-1.930445e+01,-1.822630e+01
1.625000e+01,-1.968702e+01,-1.958446e+01,-1.956449e+01,-1.929880e+01,-1.951917e+01,-1.963493e+01,-1.932308e+01,-1.825691e+01
1.675000e+01,-1.963016e+01,-1.959305e+01,-1.958852e+01,-1.931334e+01,-1.956912e+01,-1.964942e+01,-1.933955e+01,-1.827241e+01
1.725000e+01,-1.956945e+01,-1.959869e+01,-1.960998e+01,-1.933030e+01,-1.960930e+01,-1.966143e+01,-1.935742e+01,-1.828436e+01
1.775000e+01,-1.950321e+01,-1.959964e+01,-1.962808e+01,-1.934399e+01,-1.963429e+01,-1.967173e+01,-1.937192e+01,-1.827958e+01
1.825000e+01,-1.943389e+01,-1.959900e+01,-1.964296e+01,-1.934954e+01,-1.965844e+01,-1.968038e+01,-1.937836e+01,-1.826982e+01
1.875000e+01,-1.936784e+01,-1.959231e+01,-1.965471e+01,-1.935027e+01,-1.967069e+01,-1.968427e+01,-1.937986e+01,-1.824277e+01
1.925000e+01,-1.929411e+01,-1.958205e+01,-1.966814e+01,-1.934779e+01,-1.966913e+01,-1.968650e+01,-1.937797e+01,-1.821062e+01
1.975000e+01,-1.922410e+01,-1.957085e+01,-1.967476e+01,-1.934287e+01,-1.966030e+01,-1.968674e+01,-1.937348e+01,-1.817921e+01
2.025000e+01,-1.915130e+01,-1.955212e+01,-1.967925e+01,-1.933348e+01,-1.964470e+01,-1.968385e+01,-1.936517e+01,-1.814345e+01
2.075000e+01,-1.907455e+01,-1.953051e+01,-1.967757e+01,-1.932332e+01,-1.963219e+01,-1.967588e+01,-1.935422e+01,-1.811404e+01
