Time,U,B,V,R,I,gs,rs,is
7.500000e-01,-1.672006e+01,-1.592908e+01,-1.579257e+01,-1.571030e+01,-1.531449e+01,-1.598162e+01,-1.558493e+01,-1.523571e+01
1.250000e+00,-1.728812e+01,-1.667494e+01,-1.657024e+01,-1.648813e+01,-1.622782e+01,-1.674160e+01,-1.636154e+01,-1.604599e+01
1.750000e+00,-1.726682e+01,-1.691087e+01,-1.690583e+01,-1.688764e+01,-1.674621e+01,-1.702020e+01,-1.674341e+01,-1.652480e+01
2.250000e+00,-1.694722e+01,-1.686901e+01,-1.709555e+01,-1.707287e+01,-1.700488e+01,-1.709890e+01,-1.692453e+01,-1.672312e+01
2.750000e+00,-1.634114e+01,-1.663349e+01,-1.720352e+01,-1.719400e+01,-1.720931e+01,-1.702251e+01,-1.705169e+01,-1.682631e+01
3.250000e+00,-1.589141e+01,-1.629377e+01,-1.726287e+01,-1.735624e+01,-1.736985e+01,-1.682519e+01,-1.721382e+01,-1.694893e+01
3.750000e+00,-1.562416e+01,-1.601492e+01,-1.728615e+01,-1.752475e+01,-1.756681e+01,-1.665213e+01,-1.737129e+01,-1.713834e+01
4.250000e+00,-1.554883e+01,-1.589959e+01,-1.735785e+01,-1.769817e+01,-1.775055e+01,-1.661070e+01,-1.753597e+01,-1.732851e+01
4.750000e+00,-1.566223e+01,-1.605257e+01,-1.752364e+01,-1.789309e+01,-1.794242e+01,-1.677295e+01,-1.772883e+01,-1.753024e+01
5.250000e+00,-1.587332e+01,-1.630705e+01,-1.776482e+01,-1.807807e+01,-1.813546e+01,-1.703067e+01,-1.791580e+01,-1.771213e+01
5.750000e+00,-1.611880e+01,-1.659335e+01,-1.800185e+01,-1.824920e+01,-1.829632e+01,-1.730416e+01,-1.810098e+01,-1.784485e+01
6.250000e+00,-1.632855e+01,-1.687287e+01,-1.822197e+01,-1.840900e+01,-1.842045e+01,-1.756930e+01,-1.827218e+01,-1.796602e+01
6.750000e+00,-1.651298e+01,-1.712492e+01,-1.842041e+01,-1.853739e+01,-1.853912e+01,-1.780712e+01,-1.841216e+01,-1.806888e+01
7.250000e+00,-1.668019e+01,-1.733696e+01,-1.857945e+01,-1.864556e+01,-1.864711e+01,-1.799953e+01,-1.853189e+01,-1.814608e+01
7.750000e+00,-1.685452e+01,-1.753619e+01,-1.872332e+01,-1.874346e+01,-1.872454e+01,-1.818246e+01,-1.863702e+01,-1.821780e+01
8.250000e+00,-1.698907e+01,-1.770914e+01,-1.885009e+01,-1.882726e+01,-1.881167e+01,-1.834051e+01,-1.873124e+01,-1.828302e+01
8.750000e+00,-1.709849e+01,-1.783927e+01,-1.896120e+01,-1.890685e+01,-1.889868e+01,-1.846375e+01,-1.881814e+01,-1.834471e+01
9.250000e+00,-1.719805e+01,-1.794840e+01,-1.905700e+01,-1.897526e+01,-1.896161e+01,-1.856736e+01,-1.889522e+01,-1.838974e+01
9.750000e+00,-1.724885e+01,-1.804460e+01,-1.914659e+01,-1.904422e+01,-1.902413e+01,-1.866325e+01,-1.897212e+01,-1.842631e+01
1.025000e+01,-1.729298e+01,-1.810364e+01,-1.923011e+01,-1.911346e+01,-1.908749e+01,-1.873248e+01,-1.904786e+01,-1.846376e+01
1.075000e+01,-1.732039e+01,-1.814988e+01,-1.929585e+01,-1.916757e+01,-1.914144e+01,-1.878485e+01,-1.911029e+01,-1.848662e+01
1.125000e+01,-1.732788e+01,-1.817979e+01,-1.935379e+01,-1.922112e+01,-1.919638e+01,-1.882533e+01,-1.916954e+01,-1.851398e+01
1.175000e+01,-1.734525e+01,-1.820597e+01,-1.940858e+01,-1.927397e+01,-1.924577e+01,-1.886127e+01,-1.922554e+01,-1.854578e+01
1.225000e+01,-1.733607e+01,-1.821979e+01,-1.946318e+01,-1.932152e+01,-1.929728e+01,-1.889381e+01,-1.927608e+01,-1.857613e+01
1.275000e+01,-1.730364e+01,-1.821111e+01,-1.950573e+01,-1.936131e+01,-1.935020e+01,-1.890682e+01,-1.932105e+01,-1.859806e+01
1.325000e+01,-1.724417e+01,-1.818449e+01,-1.954979e+01,-1.940918e+01,-1.940961e+01,-1.890908e+01,-1.937227e+01,-1.862229e+01
1.375000e+01,-1.718308e+01,-1.813993e+01,-1.958155e+01,-1.945630e+01,-1.946361e+01,-1.889394e+01,-1.942032e+01,-1.865036e+01
1.425000e+01,-1.711893e+01,-1.808900e+01,-1.960949e+01,-1.950364e+01,-1.951894e+01,-1.887531e+01,-1.946845e+01,-1.868755e+01
1.475000e+01,-1.702554e+01,-1.802419e+01,-1.963474e+01,-1.955335e+01,-1.957305e+01,-1.884858e+01,-1.951975e+01,-1.872115e+01
1.525000e+01,-1.691807e+01,-1.794035e+01,-1.964695e+01,-1.959587e+01,-1.962078e+01,-1.880549e+01,-1.956237e+01,-1.875083e+01
1.575000e+01,-1.681393e+01,-1.785173e+01,-1.965497e+01,-1.963200e+01,-1.966802e+01,-1.875934e+01,-1.959643e+01,-1.878547e+01
1.625000e+01,-1.670101e+01,-1.777192e+01,-1.966282e+01,-1.966402e+01,-1.970936e+01,-1.872029e+01,-1.962448e+01,-1.882320e+01
1.675000e+01,-1.659756e+01,-1.768548e+01,-1.966368e+01,-1.969271e+01,-1.975028e+01,-1.867449e+01,-1.964976e+01,-1.886267e+01
1.725000e+01,-1.649166e+01,-1.760025e+01,-1.965980e+01,-1.971642e+01,-1.979118e+01,-1.862670e+01,-1.966872e+01,-1.890264e+01
1.775000e+01,-1.635860e+01,-1.750607e+01,-1.965120e+01,-1.973573e+01,-1.982740e+01,-1.857317e+01,-1.968156e+01,-1.894766e+01
1.825000e+01,-1.623939e+01,-1.741770e+01,-1.963975e+01,-1.975180e+01,-1.985490e+01,-1.852112e+01,-1.969220e+01,-1.898372e+01
1.875000e+01,-1.613280e+01,-1.733530e+01,-1.962367e+01,-1.976046e+01,-1.987809e+01,-1.847147e+01,-1.969503e+01,-1.901527e+01
1.925000e+01,-1.600449e+01,-1.724156e+01,-1.959954e+01,-1.976487e+01,-1.990128e+01,-1.840964e+01,-1.969273e+01,-1.904927e+01
1.975000e+01,-1.588969e+01,-1.715933e+01,-1.957015e+01,-1.976239e+01,-1.991905e+01,-1.835140e+01,-1.968249e+01,-1.908090e+01
2.025000e+01,-1.578702e+01,-1.708109e+01,-1.953672e+01,-1.975296e+01,-1.993452e+01,-1.829591e+01,-1.966307e+01,-1.911172e+01
2.075000e+01,-1.566261e+01,-1.700514e+01,-1.950139e+01,-1.974159e+01,-1.994269e+01,-1.823783e+01,-1.964227e+01,-1.914055e+01
