Time,U,B,V,R,I,gs,rs,is
7.500000e-01,-1.492739e+01,-1.468746e+01,-1.499997e+01,-1.498363e+01,-1.494920e+01,-1.494191e+01,-1.481921e+01,-1.470147e+01
1.250000e+00,-1.522849e+01,-1.522816e+01,-1.571382e+01,-1.572187e+01,-1.569620e+01,-1.555802e+01,-1.559340e+01,-1.533941e+01
1.750000e+00,-1.496187e+01,-1.529705e+01,-1.609194e+01,-1.615592e+01,-1.616421e+01,-1.575592e+01,-1.603215e+01,-1.573519e+01
2.250000e+00,-1.484686e+01,-1.523978e+01,-1.638513e+01,-1.651691e+01,-1.653813e+01,-1.582737e+01,-1.637514e+01,-1.609708e+01
2.750000e+00,-1.497998e+01,-1.546456e+01,-1.672014e+01,-1.693145e+01,-1.693240e+01,-1.610094e+01,-1.678466e+01,-1.650414e+01
3.250000e+00,-1.544178e+01,-1.608889e+01,-1.717413e+01,-1.731327e+01,-1.726726e+01,-1.668717e+01,-1.717799e+01,-1.686465e+01
3.750000e+00,-1.605322e+01,-1.675476e+01,-1.756914e+01,-1.760118e+01,-1.757517e+01,-1.726050e+01,-1.746129e+01,-1.719352e+01
4.250000e+00,-1.678008e+01,-1.734031e+01,-1.787253e+01,-1.784043e+01,-1.781071e+01,-1.774288e+01,-1.770546e+01,-1.744813e+01
4.750000e+00,-1.743343e+01,-1.781284e+01,-1.810245e+01,-1.801975e+01,-1.801183e+01,-1.811538e+01,-1.787716e+01,-1.767576e+01
5.250000e+00,-1.791680e+01,-1.815428e+01,-1.826209e+01,-1.815880e+01,-1.817023e+01,-1.838440e+01,-1.801302e+01,-1.784891e+01
5.750000e+00,-1.833365e+01,-1.843750e+01,-1.841602e+01,-1.828376e+01,-1.830900e+01,-1.860104e+01,-1.814150e+01,-1.797957e+01
6.250000e+00,-1.865860e+01,-1.866008e+01,-1.854187e+01,-1.839976e+01,-1.840468e+01,-1.877818e+01,-1.826138e+01,-1.808321e+01
6.750000e+00,-1.896515e+01,-1.885900e+01,-1.866431e+01,-1.848865e+01,-1.846952e+01,-1.893591e+01,-1.836640e+01,-1.813058e+01
7.250000e+00,-1.917873e+01,-1.901430e+01,-1.877279e+01,-1.855495e+01,-1.850216e+01,-1.906802e+01,-1.844819e+01,-1.814743e+01
7.750000e+00,-1.936662e+01,-1.914318e+01,-1.886807e+01,-1.863113e+01,-1.855608e+01,-1.917694e+01,-1.853462e+01,-1.819402e+01
8.250000e+00,-1.953218e+01,-1.925693e+01,-1.896539e+01,-1.869746e+01,-1.854890e+01,-1.927882e+01,-1.862119e+01,-1.816977e+01
8.750000e+00,-1.965781e+01,-1.935151e+01,-1.904538e+01,-1.874849e+01,-1.855454e+01,-1.936715e+01,-1.868520e+01,-1.816216e+01
9.250000e+00,-1.977557e+01,-1.943440e+01,-1.913272e+01,-1.879702e+01,-1.855450e+01,-1.944411e+01,-1.874782e+01,-1.815323e+01
9.750000e+00,-1.987296e+01,-1.950802e+01,-1.921309e+01,-1.884026e+01,-1.854663e+01,-1.951315e+01,-1.880390e+01,-1.813522e+01
1.025000e+01,-1.993570e+01,-1.957121e+01,-1.928629e+01,-1.888219e+01,-1.853336e+01,-1.957587e+01,-1.886188e+01,-1.808765e+01
1.075000e+01,-1.997940e+01,-1.962592e+01,-1.935771e+01,-1.892992e+01,-1.850626e+01,-1.963443e+01,-1.892324e+01,-1.804217e+01
1.125000e+01,-2.000649e+01,-1.967756e+01,-1.942399e+01,-1.898361e+01,-1.849247e+01,-1.968882e+01,-1.899149e+01,-1.799126e+01
1.175000e+01,-2.000577e+01,-1.972003e+01,-1.948419e+01,-1.902355e+01,-1.847530e+01,-1.973637e+01,-1.904052e+01,-1.794090e+01
1.225000e+01,-1.998240e+01,-1.975392e+01,-1.953435e+01,-1.906419e+01,-1.846723e+01,-1.977818e+01,-1.909287e+01,-1.788121e+01
1.275000e+01,-1.995077e+01,-1.978427e+01,-1.957839e+01,-1.909681e+01,-1.847536e+01,-1.981983e+01,-1.913237e+01,-1.783979e+01
1.325000e+01,-1.989512e+01,-1.980288e+01,-1.962189e+01,-1.914273e+01,-1.849744e+01,-1.985489e+01,-1.918284e+01,-1.781161e+01
1.375000e+01,-1.981363e+01,-1.981296e+01,-1.966310e+01,-1.918129e+01,-1.854069e+01,-1.988842e+01,-1.922710e+01,-1.779660e+01
1.425000e+01,-1.971726e+01,-1.980738e+01,-1.970602e+01,-1.923067e+01,-1.858413e+01,-1.991377e+01,-1.927812e+01,-1.778604e+01
1.475000e+01,-1.960930e+01,-1.979279e+01,-1.974480e+01,-1.927414e+01,-1.865050e+01,-1.993319e+01,-1.932318e+01,-1.780195e+01
1.525000e+01,-1.947750e+01,-1.976899e+01,-1.979101e+01,-1.932143e+01,-1.873399e+01,-1.995129e+01,-1.937080e+01,-1.784163e+01
1.575000e+01,-1.932699e+01,-1.973386e+01,-1.983330e+01,-1.935922e+01,-1.883076e+01,-1.996331e+01,-1.940962e+01,-1.788076e+01
1.625000e+01,-1.916736e+01,-1.969085e+01,-1.987782e+01,-1.940505e+01,-1.892885e+01,-1.997051e+01,-1.945488e+01,-1.794081e+01
1.675000e+01,-1.899860e+01,-1.964334e+01,-1.992135e+01,-1.944725e+01,-1.903612e+01,-1.997205e+01,-1.949542e+01,-1.800969e+01
1.725000e+01,-1.882455e+01,-1.959210e+01,-1.996370e+01,-1.949363e+01,-1.914467e+01,-1.996813e+01,-1.953916e+01,-1.809068e+01
1.775000e+01,-1.863746e+01,-1.953083e+01,-2.000532e+01,-1.953740e+01,-1.926516e+01,-1.995499e+01,-1.957985e+01,-1.818178e+01
1.825000e+01,-1.844895e+01,-1.946321e+01,-2.004516e+01,-1.957815e+01,-1.937506e+01,-1.993570e+01,-1.961864e+01,-1.827022e+01
1.875000e+01,-1.826466e+01,-1.938925e+01,-2.007850e+01,-1.961354e+01,-1.947822e+01,-1.990955e+01,-1.965130e+01,-1.836050e+01
1.925000e+01,-1.806136e+01,-1.930011e+01,-2.010937e+01,-1.965046e+01,-1.958654e+01,-1.987107e+01,-1.968219e+01,-1.846091e+01
1.975000e+01,-1.787610e+01,-1.920761e+01,-2.013409e+01,-1.969021e+01,-1.967980e+01,-1.982711e+01,-1.971685e+01,-1.854546e+01
2.025000e+01,-1.768155e+01,-1.909868e+01,-2.015155e+01,-1.972501e+01,-1.977056e+01,-1.976919e+01,-1.974743e+01,-1.862387e+01
2.075000e+01,-1.749392e+01,-1.897807e+01,-2.016125e+01,-1.975424e+01,-1.984993e+01,-1.970075e+01,-1.977296e+01,-1.868702e+01
