Time,U,B,V,R,I,gs,rs,is
7.500000e-01,-1.139188e+01,-1.156603e+01,-1.285770e+01,-1.336897e+01,-1.399388e+01,-1.216810e+01,-1.307996e+01,-1.350838e+01
1.250000e+00,-1.094865e+01,-1.132024e+01,-1.299604e+01,-1.361894e+01,-1.431202e+01,-1.208402e+01,-1.331347e+01,-1.382566e+01
1.750000e+00,-1.075442e+01,-1.140533e+01,-1.337135e+01,-1.405680e+01,-1.480546e+01,-1.233379e+01,-1.367075e+01,-1.438728e+01
2.250000e+00,-1.189173e+01,-1.251035e+01,-1.444675e+01,-1.499509e+01,-1.562752e+01,-1.345336e+01,-1.464447e+01,-1.523403e+01
2.750000e+00,-1.341785e+01,-1.378520e+01,-1.562406e+01,-1.597569e+01,-1.650473e+01,-1.470118e+01,-1.565900e+01,-1.612960e+01
3.250000e+00,-1.455828e+01,-1.484441e+01,-1.663348e+01,-1.679831e+01,-1.709196e+01,-1.571649e+01,-1.656110e+01,-1.674096e+01
3.750000e+00,-1.553829e+01,-1.579712e+01,-1.733626e+01,-1.737425e+01,-1.756683e+01,-1.654521e+01,-1.720492e+01,-1.713386e+01
4.250000e+00,-1.643910e+01,-1.666719e+01,-1.781513e+01,-1.774880e+01,-1.794772e+01,-1.725673e+01,-1.760519e+01,-1.744239e+01
4.750000e+00,-1.726143e+01,-1.737292e+01,-1.812051e+01,-1.795967e+01,-1.819486e+01,-1.781428e+01,-1.783592e+01,-1.761302e+01
5.250000e+00,-1.777756e+01,-1.781001e+01,-1.831938e+01,-1.812189e+01,-1.838438e+01,-1.817335e+01,-1.800795e+01,-1.776868e+01
5.750000e+00,-1.821431e+01,-1.812787e+01,-1.847036e+01,-1.826179e+01,-1.854724e+01,-1.842390e+01,-1.815385e+01,-1.789347e+01
6.250000e+00,-1.855628e+01,-1.838552e+01,-1.860182e+01,-1.839127e+01,-1.866083e+01,-1.862875e+01,-1.829208e+01,-1.800374e+01
6.750000e+00,-1.880438e+01,-1.858998e+01,-1.871099e+01,-1.849727e+01,-1.876956e+01,-1.879743e+01,-1.840015e+01,-1.810996e+01
7.250000e+00,-1.897095e+01,-1.873770e+01,-1.880810e+01,-1.858542e+01,-1.885349e+01,-1.892426e+01,-1.849817e+01,-1.817639e+01
7.750000e+00,-1.910924e+01,-1.886736e+01,-1.889922e+01,-1.866917e+01,-1.893985e+01,-1.903383e+01,-1.858942e+01,-1.823474e+01
8.250000e+00,-1.921970e+01,-1.897892e+01,-1.898625e+01,-1.873653e+01,-1.899336e+01,-1.913600e+01,-1.866875e+01,-1.826728e+01
8.750000e+00,-1.929153e+01,-1.906606e+01,-1.906793e+01,-1.880401e+01,-1.905381e+01,-1.922025e+01,-1.874727e+01,-1.829678e+01
9.250000e+00,-1.934533e+01,-1.914120e+01,-1.913554e+01,-1.886382e+01,-1.911747e+01,-1.929411e+01,-1.881348e+01,-1.833506e+01
9.750000e+00,-1.938285e+01,-1.920856e+01,-1.920306e+01,-1.891931e+01,-1.917697e+01,-1.936687e+01,-1.887562e+01,-1.836548e+01
1.025000e+01,-1.940938e+01,-1.927109e+01,-1.927121e+01,-1.896432e+01,-1.922733e+01,-1.943643e+01,-1.892837e+01,-1.838083e+01
1.075000e+01,-1.939452e+01,-1.931113e+01,-1.933119e+01,-1.901042e+01,-1.929136e+01,-1.949263e+01,-1.898202e+01,-1.840028e+01
1.125000e+01,-1.935674e+01,-1.933098e+01,-1.939291e+01,-1.905653e+01,-1.935255e+01,-1.953432e+01,-1.903457e+01,-1.842067e+01
1.175000e+01,-1.932585e+01,-1.935146e+01,-1.945107e+01,-1.910176e+01,-1.941951e+01,-1.957424e+01,-1.908613e+01,-1.844871e+01
1.225000e+01,-1.928071e+01,-1.936939e+01,-1.951463e+01,-1.916047e+01,-1.948118e+01,-1.961708e+01,-1.914919e+01,-1.847809e+01
1.275000e+01,-1.921683e+01,-1.937056e+01,-1.957290e+01,-1.920962e+01,-1.954193e+01,-1.964603e+01,-1.920397e+01,-1.850285e+01
1.325000e+01,-1.912373e+01,-1.936480e+01,-1.963369e+01,-1.925252e+01,-1.961023e+01,-1.967130e+01,-1.925157e+01,-1.853040e+01
1.375000e+01,-1.901698e+01,-1.933944e+01,-1.967975e+01,-1.929628e+01,-1.967487e+01,-1.968009e+01,-1.929665e+01,-1.856917e+01
1.425000e+01,-1.891802e+01,-1.930554e+01,-1.973219e+01,-1.934826e+01,-1.973928e+01,-1.968251e+01,-1.934782e+01,-1.861817e+01
1.475000e+01,-1.881321e+01,-1.927406e+01,-1.978764e+01,-1.939913e+01,-1.980480e+01,-1.968728e+01,-1.939920e+01,-1.866958e+01
1.525000e+01,-1.868119e+01,-1.922978e+01,-1.983532e+01,-1.944290e+01,-1.986520e+01,-1.968181e+01,-1.944329e+01,-1.871333e+01
1.575000e+01,-1.852701e+01,-1.916798e+01,-1.987789e+01,-1.948782e+01,-1.992273e+01,-1.966376e+01,-1.948881e+01,-1.874821e+01
1.625000e+01,-1.837045e+01,-1.909255e+01,-1.991711e+01,-1.952921e+01,-1.997146e+01,-1.963351e+01,-1.953106e+01,-1.878289e+01
1.675000e+01,-1.821723e+01,-1.901136e+01,-1.995138e+01,-1.957106e+01,-2.001459e+01,-1.959828e+01,-1.957320e+01,-1.881814e+01
1.725000e+01,-1.806141e+01,-1.892425e+01,-1.998373e+01,-1.961107e+01,-2.005255e+01,-1.955998e+01,-1.961231e+01,-1.885152e+01
1.775000e+01,-1.790112e+01,-1.882342e+01,-2.000871e+01,-1.964893e+01,-2.008506e+01,-1.950935e+01,-1.964959e+01,-1.888833e+01
1.825000e+01,-1.774313e+01,-1.872096e+01,-2.002797e+01,-1.967880e+01,-2.011025e+01,-1.945624e+01,-1.967844e+01,-1.891510e+01
1.875000e+01,-1.759239e+01,-1.861932e+01,-2.003728e+01,-1.970410e+01,-2.012992e+01,-1.939972e+01,-1.970236e+01,-1.893794e+01
1.925000e+01,-1.744501e+01,-1.850160e+01,-2.004378e+01,-1.972906e+01,-2.014698e+01,-1.933578e+01,-1.972508e+01,-1.896437e+01
1.975000e+01,-1.730640e+01,-1.839357e+01,-2.004753e+01,-1.975122e+01,-2.016141e+01,-1.927558e+01,-1.974446e+01,-1.899232e+01
2.025000e+01,-1.715856e+01,-1.828236e+01,-2.004211e+01,-1.976725e+01,-2.016997e+01,-1.920852e+01,-1.975721e+01,-1.901499e+01
2.075000e+01,-1.700993e+01,-1.817649e+01,-2.003458e+01,-1.977717e+01,-2.017525e+01,-1.914878e+01,-1.976192e+01,-1.904251e+01
