Time,U,B,V,R,I,gs,rs,is
7.500000e-01,-1.556958e+01,-1.482604e+01,-1.492173e+01,-1.498587e+01,-1.492383e+01,-1.489833e+01,-1.486315e+01,-1.457820e+01
1.250000e+00,-1.653129e+01,-1.589423e+01,-1.591401e+01,-1.590728e+01,-1.585000e+01,-1.596129e+01,-1.579100e+01,-1.553141e+01
1.750000e+00,-1.740079e+01,-1.669212e+01,-1.667662e+01,-1.664547e+01,-1.647008e+01,-1.673396e+01,-1.654831e+01,-1.615249e+01
2.250000e+00,-1.805447e+01,-1.727790e+01,-1.721126e+01,-1.704229e+01,-1.695420e+01,-1.730370e+01,-1.695556e+01,-1.656353e+01
2.750000e+00,-1.857742e+01,-1.771418e+01,-1.762763e+01,-1.739763e+01,-1.720916e+01,-1.774109e+01,-1.732432e+01,-1.685507e+01
3.250000e+00,-1.897724e+01,-1.807200e+01,-1.792427e+01,-1.765077e+01,-1.737718e+01,-1.808147e+01,-1.758802e+01,-1.704669e+01
3.750000e+00,-1.929290e+01,-1.834160e+01,-1.818279e+01,-1.785180e+01,-1.751390e+01,-1.834177e+01,-1.779708e+01,-1.717296e+01
4.250000e+00,-1.954426e+01,-1.856987e+01,-1.837502e+01,-1.800824e+01,-1.755540e+01,-1.855728e+01,-1.796990e+01,-1.723848e+01
4.750000e+00,-1.975327e+01,-1.875796e+01,-1.854110e+01,-1.811235e+01,-1.759724e+01,-1.873915e+01,-1.808925e+01,-1.725778e+01
5.250000e+00,-1.991925e+01,-1.891895e+01,-1.867747e+01,-1.819898e+01,-1.760417e+01,-1.888824e+01,-1.818336e+01,-1.728335e+01
5.750000e+00,-2.007539e+01,-1.906035e+01,-1.877530e+01,-1.824578e+01,-1.758667e+01,-1.902201e+01,-1.823566e+01,-1.730127e+01
6.250000e+00,-2.020710e+01,-1.918731e+01,-1.888703e+01,-1.831166e+01,-1.760136e+01,-1.914365e+01,-1.831679e+01,-1.726890e+01
6.750000e+00,-2.032653e+01,-1.929377e+01,-1.898035e+01,-1.836902e+01,-1.758933e+01,-1.924632e+01,-1.838247e+01,-1.724805e+01
7.250000e+00,-2.041611e+01,-1.938962e+01,-1.906526e+01,-1.842011e+01,-1.755603e+01,-1.934000e+01,-1.844355e+01,-1.721255e+01
7.750000e+00,-2.049572e+01,-1.946644e+01,-1.914943e+01,-1.847339e+01,-1.751491e+01,-1.942175e+01,-1.850785e+01,-1.718721e+01
8.250000e+00,-2.057062e+01,-1.953742e+01,-1.922966e+01,-1.852030e+01,-1.751219e+01,-1.949327e+01,-1.855928e+01,-1.717133e+01
8.750000e+00,-2.063157e+01,-1.959482e+01,-1.930659e+01,-1.857865e+01,-1.751730e+01,-1.955674e+01,-1.862326e+01,-1.717866e+01
9.250000e+00,-2.067656e+01,-1.964464e+01,-1.936071e+01,-1.862152e+01,-1.753861e+01,-1.960824e+01,-1.866748e+01,-1.718707e+01
9.750000e+00,-2.071520e+01,-1.968853e+01,-1.941637e+01,-1.865463e+01,-1.751936e+01,-1.965817e+01,-1.870754e+01,-1.716314e+01
1.025000e+01,-2.075180e+01,-1.973515e+01,-1.948056e+01,-1.869585e+01,-1.748968e+01,-1.971053e+01,-1.875508e+01,-1.711466e+01
1.075000e+01,-2.077818e+01,-1.977848e+01,-1.953031e+01,-1.873021e+01,-1.746940e+01,-1.975826e+01,-1.879206e+01,-1.709293e+01
1.125000e+01,-2.079969e+01,-1.982302e+01,-1.957385e+01,-1.876667e+01,-1.749072e+01,-1.980645e+01,-1.882744e+01,-1.711507e+01
1.175000e+01,-2.081371e+01,-1.986123e+01,-1.962290e+01,-1.879907e+01,-1.750585e+01,-1.984760e+01,-1.886341e+01,-1.711087e+01
1.225000e+01,-2.081803e+01,-1.990168e+01,-1.965969e+01,-1.882929e+01,-1.753258e+01,-1.989035e+01,-1.889295e+01,-1.714139e+01
1.275000e+01,-2.081680e+01,-1.993516e+01,-1.969688e+01,-1.886000e+01,-1.756269e+01,-1.993112e+01,-1.892490e+01,-1.714850e+01
1.325000e+01,-2.081269e+01,-1.996343e+01,-1.973580e+01,-1.889241e+01,-1.757177e+01,-1.996815e+01,-1.896048e+01,-1.712195e+01
1.375000e+01,-2.080431e+01,-1.999879e+01,-1.977239e+01,-1.892325e+01,-1.761425e+01,-2.000754e+01,-1.899116e+01,-1.714179e+01
1.425000e+01,-2.078681e+01,-2.002913e+01,-1.980392e+01,-1.895859e+01,-1.766919e+01,-2.004376e+01,-1.902508e+01,-1.716036e+01
1.475000e+01,-2.075920e+01,-2.005447e+01,-1.983900e+01,-1.898896e+01,-1.768906e+01,-2.008031e+01,-1.905588e+01,-1.716692e+01
1.525000e+01,-2.072786e+01,-2.007601e+01,-1.987245e+01,-1.901628e+01,-1.773282e+01,-2.011461e+01,-1.908248e+01,-1.718492e+01
1.575000e+01,-2.068677e+01,-2.009481e+01,-1.990947e+01,-1.904499e+01,-1.778661e+01,-2.014773e+01,-1.911051e+01,-1.720005e+01
1.625000e+01,-2.063646e+01,-2.010516e+01,-1.994238e+01,-1.907758e+01,-1.785723e+01,-2.017610e+01,-1.914211e+01,-1.723873e+01
1.675000e+01,-2.057341e+01,-2.010834e+01,-1.997444e+01,-1.910868e+01,-1.791318e+01,-2.020008e+01,-1.917045e+01,-1.728142e+01
1.725000e+01,-2.050694e+01,-2.010207e+01,-2.000438e+01,-1.913353e+01,-1.797090e+01,-2.021665e+01,-1.919187e+01,-1.732641e+01
1.775000e+01,-2.043081e+01,-2.009101e+01,-2.003605e+01,-1.916312e+01,-1.805026e+01,-2.022892e+01,-1.921890e+01,-1.738380e+01
1.825000e+01,-2.034565e+01,-2.007101e+01,-2.006212e+01,-1.917732e+01,-1.810988e+01,-2.023395e+01,-1.923304e+01,-1.740332e+01
1.875000e+01,-2.025867e+01,-2.004349e+01,-2.008518e+01,-1.919739e+01,-1.816286e+01,-2.023170e+01,-1.925171e+01,-1.744301e+01
1.925000e+01,-2.016231e+01,-2.000950e+01,-2.010768e+01,-1.921455e+01,-1.824366e+01,-2.022610e+01,-1.926706e+01,-1.750809e+01
1.975000e+01,-2.007011e+01,-1.997291e+01,-2.012702e+01,-1.922983e+01,-1.832599e+01,-2.021655e+01,-1.927681e+01,-1.758138e+01
2.025000e+01,-1.997305e+01,-1.992993e+01,-2.014298e+01,-1.924529e+01,-1.839657e+01,-2.020006e+01,-1.929122e+01,-1.762687e+01
2.075000e+01,-1.987517e+01,-1.988543e+01,-2.015293e+01,-1.926237e+01,-1.847013e+01,-2.017955e+01,-1.930585e+01,-1.767659e+01
