Time,U,B,V,R,I,gs,rs,is
7.500000e-01,-1.727278e+01,-1.609057e+01,-1.571085e+01,-1.520375e+01,-1.471375e+01,-1.608304e+01,-1.514238e+01,-1.448279e+01
1.250000e+00,-1.704584e+01,-1.630064e+01,-1.626320e+01,-1.611816e+01,-1.590427e+01,-1.637267e+01,-1.601827e+01,-1.558810e+01
1.750000e+00,-1.626332e+01,-1.610728e+01,-1.637386e+01,-1.630134e+01,-1.632720e+01,-1.630551e+01,-1.617107e+01,-1.594207e+01
2.250000e+00,-1.588504e+01,-1.611609e+01,-1.673377e+01,-1.681082e+01,-1.684264e+01,-1.644903e+01,-1.667334e+01,-1.647304e+01
2.750000e+00,-1.663205e+01,-1.676510e+01,-1.722094e+01,-1.722185e+01,-1.724784e+01,-1.703077e+01,-1.710023e+01,-1.685095e+01
3.250000e+00,-1.743685e+01,-1.735326e+01,-1.761279e+01,-1.757270e+01,-1.754722e+01,-1.753028e+01,-1.746792e+01,-1.715059e+01
3.750000e+00,-1.809480e+01,-1.780546e+01,-1.791749e+01,-1.782637e+01,-1.777112e+01,-1.791722e+01,-1.772800e+01,-1.738380e+01
4.250000e+00,-1.862604e+01,-1.814470e+01,-1.814954e+01,-1.802284e+01,-1.796036e+01,-1.821593e+01,-1.793464e+01,-1.756392e+01
4.750000e+00,-1.899437e+01,-1.839837e+01,-1.834569e+01,-1.820278e+01,-1.812343e+01,-1.843845e+01,-1.812287e+01,-1.771500e+01
5.250000e+00,-1.927193e+01,-1.859903e+01,-1.850358e+01,-1.833865e+01,-1.823711e+01,-1.862273e+01,-1.826494e+01,-1.783018e+01
5.750000e+00,-1.949198e+01,-1.876665e+01,-1.864909e+01,-1.844790e+01,-1.833067e+01,-1.878179e+01,-1.838358e+01,-1.790399e+01
6.250000e+00,-1.967405e+01,-1.891935e+01,-1.877595e+01,-1.856431e+01,-1.839793e+01,-1.892334e+01,-1.851037e+01,-1.796913e+01
6.750000e+00,-1.982251e+01,-1.904403e+01,-1.888021e+01,-1.864267e+01,-1.842106e+01,-1.903836e+01,-1.859918e+01,-1.798366e+01
7.250000e+00,-1.993171e+01,-1.915693e+01,-1.897817e+01,-1.871338e+01,-1.846518e+01,-1.914365e+01,-1.868150e+01,-1.800808e+01
7.750000e+00,-2.003708e+01,-1.925839e+01,-1.907301e+01,-1.878034e+01,-1.846896e+01,-1.924274e+01,-1.876326e+01,-1.798220e+01
8.250000e+00,-2.012164e+01,-1.935342e+01,-1.915497e+01,-1.883716e+01,-1.848120e+01,-1.933426e+01,-1.882941e+01,-1.796846e+01
8.750000e+00,-2.018245e+01,-1.944450e+01,-1.923522e+01,-1.889990e+01,-1.849616e+01,-1.942450e+01,-1.890398e+01,-1.794945e+01
9.250000e+00,-2.022954e+01,-1.952356e+01,-1.930723e+01,-1.895047e+01,-1.847676e+01,-1.950174e+01,-1.896654e+01,-1.790105e+01
9.750000e+00,-2.026007e+01,-1.959208e+01,-1.937786e+01,-1.901718e+01,-1.847600e+01,-1.957232e+01,-1.903798e+01,-1.789175e+01
1.025000e+01,-2.027373e+01,-1.964780e+01,-1.944239e+01,-1.906988e+01,-1.850199e+01,-1.963351e+01,-1.909885e+01,-1.788476e+01
1.075000e+01,-2.028310e+01,-1.970392e+01,-1.950638e+01,-1.911316e+01,-1.851031e+01,-1.969610e+01,-1.915169e+01,-1.782646e+01
1.125000e+01,-2.028137e+01,-1.975710e+01,-1.956916e+01,-1.916901e+01,-1.853474e+01,-1.975765e+01,-1.921270e+01,-1.781490e+01
1.175000e+01,-2.025783e+01,-1.979375e+01,-1.962395e+01,-1.922720e+01,-1.857493e+01,-1.980547e+01,-1.927515e+01,-1.782071e+01
1.225000e+01,-2.021847e+01,-1.982757e+01,-1.968205e+01,-1.928220e+01,-1.862201e+01,-1.985594e+01,-1.933364e+01,-1.782383e+01
1.275000e+01,-2.016352e+01,-1.984582e+01,-1.973409e+01,-1.932788e+01,-1.869562e+01,-1.989429e+01,-1.938053e+01,-1.785608e+01
1.325000e+01,-2.009212e+01,-1.985591e+01,-1.979123e+01,-1.937459e+01,-1.876947e+01,-1.992860e+01,-1.942978e+01,-1.788734e+01
1.375000e+01,-2.001272e+01,-1.986472e+01,-1.984581e+01,-1.942358e+01,-1.883828e+01,-1.996216e+01,-1.948000e+01,-1.792052e+01
1.425000e+01,-1.990802e+01,-1.985730e+01,-1.989591e+01,-1.947070e+01,-1.892300e+01,-1.998511e+01,-1.952771e+01,-1.797017e+01
1.475000e+01,-1.979484e+01,-1.983540e+01,-1.993923e+01,-1.951061e+01,-1.900671e+01,-1.999735e+01,-1.956895e+01,-1.800687e+01
1.525000e+01,-1.968041e+01,-1.980774e+01,-1.998403e+01,-1.954654e+01,-1.909163e+01,-2.000432e+01,-1.960688e+01,-1.804947e+01
1.575000e+01,-1.956633e+01,-1.977915e+01,-2.002395e+01,-1.957691e+01,-1.917507e+01,-2.001206e+01,-1.963750e+01,-1.810001e+01
1.625000e+01,-1.944845e+01,-1.974132e+01,-2.005636e+01,-1.960070e+01,-1.925939e+01,-2.001115e+01,-1.965992e+01,-1.815879e+01
1.675000e+01,-1.932774e+01,-1.969517e+01,-2.008657e+01,-1.962315e+01,-1.934865e+01,-2.000413e+01,-1.968087e+01,-1.822301e+01
1.725000e+01,-1.921189e+01,-1.964665e+01,-2.011141e+01,-1.964597e+01,-1.942656e+01,-1.999377e+01,-1.970535e+01,-1.826613e+01
1.775000e+01,-1.908786e+01,-1.959558e+01,-2.012843e+01,-1.966423e+01,-1.950164e+01,-1.998242e+01,-1.972129e+01,-1.831166e+01
1.825000e+01,-1.897614e+01,-1.954753e+01,-2.014377e+01,-1.967130e+01,-1.956306e+01,-1.996928e+01,-1.972767e+01,-1.834822e+01
1.875000e+01,-1.887706e+01,-1.950632e+01,-2.015347e+01,-1.967658e+01,-1.962515e+01,-1.995750e+01,-1.973050e+01,-1.839194e+01
1.925000e+01,-1.876767e+01,-1.946276e+01,-2.016207e+01,-1.967494e+01,-1.968320e+01,-1.994465e+01,-1.972660e+01,-1.842723e+01
1.975000e+01,-1.867353e+01,-1.942288e+01,-2.016551e+01,-1.967227e+01,-1.972405e+01,-1.993022e+01,-1.972169e+01,-1.845162e+01
2.025000e+01,-1.857944e+01,-1.938297e+01,-2.016435e+01,-1.966139e+01,-1.976597e+01,-1.991325e+01,-1.970867e+01,-1.847769e+01
2.075000e+01,-1.848548e+01,-1.934654e+01,-2.016324e+01,-1.965154e+01,-1.980032e+01,-1.989800e+01,-1.969671e+01,-1.849362e+01
