0.000231481 day
# index velocity (km/s) density (g/cm^3) 56ni_mass_fraction 52fe_mass_fraction 48cr_mass_fraction
0.000000e+00 2.000000e+02 3.829225e+02 9.891197e-01 9.891197e-03 9.891197e-04
1.000000e+00 4.000000e+02 3.573624e+02 9.891197e-01 9.891197e-03 9.891197e-04
2.000000e+00 6.000000e+02 3.335085e+02 9.891197e-01 9.891197e-03 9.891197e-04
3.000000e+00 8.000000e+02 3.112468e+02 9.891197e-01 9.891197e-03 9.891197e-04
4.000000e+00 1.000000e+03 2.904711e+02 9.891197e-01 9.891197e-03 9.891197e-04
5.000000e+00 1.200000e+03 2.710822e+02 9.891197e-01 9.891197e-03 9.891197e-04
6.000000e+00 1.400000e+03 2.529875e+02 9.891197e-01 9.891197e-03 9.891197e-04
7.000000e+00 1.600000e+03 2.361005e+02 9.891197e-01 9.891197e-03 9.891197e-04
8.000000e+00 1.800000e+03 2.203409e+02 9.891197e-01 9.891197e-03 9.891197e-04
9.000000e+00 2.000000e+03 2.056331e+02 9.891197e-01 9.891197e-03 9.891197e-04
1.000000e+01 2.200000e+03 1.919071e+02 9.891197e-01 9.891197e-03 9.891197e-04
1.100000e+01 2.400000e+03 1.790973e+02 9.891197e-01 9.891197e-03 9.891197e-04
1.200000e+01 2.600000e+03 1.671426e+02 9.891197e-01 9.891197e-03 9.891197e-04
1.300000e+01 2.800000e+03 1.559858e+02 9.891197e-01 9.891197e-03 9.891197e-04
1.400000e+01 3.000000e+03 1.455738e+02 9.891197e-01 9.891197e-03 9.891197e-04
1.500000e+01 3.200000e+03 1.358567e+02 9.891197e-01 9.891197e-03 9.891197e-04
1.600000e+01 3.400000e+03 1.267883e+02 9.891197e-01 9.891197e-03 9.891197e-04
1.700000e+01 3.600000e+03 1.183251e+02 9.891197e-01 9.891197e-03 9.891197e-04
1.800000e+01 3.800000e+03 1.104269e+02 9.891197e-01 9.891197e-03 9.891197e-04
1.900000e+01 4.000000e+03 1.030560e+02 9.790067e-01 9.790067e-03 9.790067e-04
2.000000e+01 4.200000e+03 9.617699e+01 9.595681e-01 9.595681e-03 9.595681e-04
2.100000e+01 4.400000e+03 8.975718e+01 9.326495e-01 9.326495e-03 9.326495e-04
2.200000e+01 4.600000e+03 8.376589e+01 8.959645e-01 8.959645e-03 8.959645e-04
2.300000e+01 4.800000e+03 7.817454e+01 8.471746e-01 8.471746e-03 8.471746e-04
2.400000e+01 5.000000e+03 7.295638e+01 7.844878e-01 7.844878e-03 7.844878e-04
2.500000e+01 5.200000e+03 6.808653e+01 7.075601e-01 7.075601e-03 7.075601e-04
2.600000e+01 5.400000e+03 6.354175e+01 6.184200e-01 6.184200e-03 6.184200e-04
2.700000e+01 5.600000e+03 5.930035e+01 5.218295e-01 5.218295e-03 5.218295e-04
2.800000e+01 5.800000e+03 5.534205e+01 4.245322e-01 4.245322e-03 4.245322e-04
2.900000e+01 6.000000e+03 5.164797e+01 3.334813e-01 3.334813e-03 3.334813e-04
3.000000e+01 6.200000e+03 4.820047e+01 2.539494e-01 2.539494e-03 2.539494e-04
3.100000e+01 6.400000e+03 4.498309e+01 1.885251e-01 1.885251e-03 1.885251e-04
3.200000e+01 6.600000e+03 4.198047e+01 1.372762e-01 1.372762e-03 1.372762e-04
3.300000e+01 6.800000e+03 3.917827e+01 9.861376e-02 9.861376e-04 9.861376e-05
3.400000e+01 7.000000e+03 3.656312e+01 7.023538e-02 7.023538e-04 7.023538e-05
3.500000e+01 7.200000e+03 3.412254e+01 4.979606e-02 4.979606e-04 4.979606e-05
3.600000e+01 7.400000e+03 3.184486e+01 3.525395e-02 3.525395e-04 3.525395e-05
3.700000e+01 7.600000e+03 2.971921e+01 2.498154e-02 2.498154e-04 2.498154e-05
3.800000e+01 7.800000e+03 2.773546e+01 1.774990e-02 1.774990e-04 1.774990e-05
3.900000e+01 8.000000e+03 2.588412e+01 1.266222e-02 1.266222e-04 1.266222e-05
4.000000e+01 8.200000e+03 2.415635e+01 9.077940e-03 9.077940e-05 9.077940e-06
4.100000e+01 8.400000e+03 2.254391e+01 6.545586e-03 6.545586e-05 6.545586e-06
4.200000e+01 8.600000e+03 2.103911e+01 4.749352e-03 4.749352e-05 4.749352e-06
4.300000e+01 8.800000e+03 1.963475e+01 3.469179e-03 3.469179e-05 3.469179e-06
4.400000e+01 9.000000e+03 1.832413e+01 2.551896e-03 2.551896e-05 2.551896e-06
4.500000e+01 9.200000e+03 1.710100e+01 1.890800e-03 1.890800e-05 1.890800e-06
4.600000e+01 9.400000e+03 1.595950e+01 1.411401e-03 1.411401e-05 1.411401e-06
4.700000e+01 9.600000e+03 1.489421e+01 1.061525e-03 1.061525e-05 1.061525e-06
4.800000e+01 9.800000e+03 1.390002e+01 8.044900e-04 8.044900e-06 8.044900e-07
4.900000e+01 1.000000e+04 1.297219e+01 6.143865e-04 6.143865e-06 6.143865e-07
5.000000e+01 1.020000e+04 1.210630e+01 4.728249e-04 4.728249e-06 4.728249e-07
5.100000e+01 1.040000e+04 1.129821e+01 3.666846e-04 3.666846e-06 3.666846e-07
5.200000e+01 1.060000e+04 1.054405e+01 2.865530e-04 2.865530e-06 2.865530e-07
5.300000e+01 1.080000e+04 9.840235e+00 2.256394e-04 2.256394e-06 2.256394e-07
5.400000e+01 1.100000e+04 9.183402e+00 1.790164e-04 1.790164e-06 1.790164e-07
5.500000e+01 1.120000e+04 8.570412e+00 1.430878e-04 1.430878e-06 1.430878e-07
5.600000e+01 1.140000e+04 7.998332e+00 1.152132e-04 1.152132e-06 1.152132e-07
5.700000e+01 1.160000e+04 7.464443e+00 9.344258e-05 9.344258e-07 9.344258e-08
5.800000e+01 1.180000e+04 6.966195e+00 7.632714e-05 7.632714e-07 7.632714e-08
5.900000e+01 1.200000e+04 6.501201e+00 6.278410e-05 6.278410e-07 6.278410e-08
6.000000e+01 1.220000e+04 6.067246e+00 5.199940e-05 5.199940e-07 5.199940e-08
6.100000e+01 1.240000e+04 5.662257e+00 4.335746e-05 4.335746e-07 4.335746e-08
6.200000e+01 1.260000e+04 5.284302e+00 3.639004e-05 3.639004e-07 3.639004e-08
6.300000e+01 1.280000e+04 4.931575e+00 3.073895e-05 3.073895e-07 3.073895e-08
6.400000e+01 1.300000e+04 4.602392e+00 2.612860e-05 2.612860e-07 2.612860e-08
6.500000e+01 1.320000e+04 4.295182e+00 2.234579e-05 2.234579e-07 2.234579e-08
6.600000e+01 1.340000e+04 4.008479e+00 1.922466e-05 1.922466e-07 1.922466e-08
6.700000e+01 1.360000e+04 3.740913e+00 1.663547e-05 1.663547e-07 1.663547e-08
6.800000e+01 1.380000e+04 3.491208e+00 1.447620e-05 1.447620e-07 1.447620e-08
6.900000e+01 1.400000e+04 3.258169e+00 1.266623e-05 1.266623e-07 1.266623e-08
7.000000e+01 1.420000e+04 3.040687e+00 1.114148e-05 1.114148e-07 1.114148e-08
7.100000e+01 1.440000e+04 2.837721e+00 9.850799e-06 9.850801e-08 9.850817e-09
7.200000e+01 1.460000e+04 2.648303e+00 8.753134e-06 8.753985e-08 8.758917e-09
7.300000e+01 1.480000e+04 2.471529e+00 7.815471e-06 7.929560e-08 8.590519e-09
7.400000e+01 1.500000e+04 2.306554e+00 7.016175e-06 1.423254e-07 5.603948e-08
7.500000e+01 1.520000e+04 2.152592e+00 6.492675e-06 2.392811e-06 1.587906e-06
7.600000e+01 1.540000e+04 2.008907e+00 8.816979e-06 4.124915e-05 2.797092e-05
7.700000e+01 1.560000e+04 1.874813e+00 3.732486e-05 4.270339e-04 2.898829e-04
7.800000e+01 1.580000e+04 1.749668e+00 2.126647e-04 2.763302e-03 1.875976e-03
7.900000e+01 1.600000e+04 1.632878e+00 8.958519e-04 1.184802e-02 8.043583e-03
8.000000e+01 1.620000e+04 1.523884e+00 2.684092e-03 3.561804e-02 2.418103e-02
8.100000e+01 1.640000e+04 1.422164e+00 5.970043e-03 7.929180e-02 5.383112e-02
8.200000e+01 1.660000e+04 1.327235e+00 1.037760e-02 1.378711e-01 9.360054e-02
8.300000e+01 1.680000e+04 1.238642e+00 1.484596e-02 1.972579e-01 1.339182e-01
8.400000e+01 1.700000e+04 1.155963e+00 1.837232e-02 2.441255e-01 1.657366e-01
8.500000e+01 1.720000e+04 1.078802e+00 2.058273e-02 2.735039e-01 1.856815e-01
8.600000e+01 1.740000e+04 1.006792e+00 2.167821e-02 2.880649e-01 1.955670e-01
8.700000e+01 1.760000e+04 9.395891e-01 2.206504e-02 2.932078e-01 1.990585e-01
8.800000e+01 1.780000e+04 8.768714e-01 2.208316e-02 2.934505e-01 1.992233e-01
8.900000e+01 1.800000e+04 8.183404e-01 2.193396e-02 2.914694e-01 1.978783e-01
9.000000e+01 1.820000e+04 7.637160e-01 2.171390e-02 2.885463e-01 1.958939e-01
9.100000e+01 1.840000e+04 7.127380e-01 2.146341e-02 2.852187e-01 1.936347e-01
9.200000e+01 1.860000e+04 6.651628e-01 2.119871e-02 2.817021e-01 1.912473e-01
9.300000e+01 1.880000e+04 6.207632e-01 2.092687e-02 2.780905e-01 1.887954e-01
9.400000e+01 1.900000e+04 5.793273e-01 2.065170e-02 2.744345e-01 1.863134e-01
9.500000e+01 1.920000e+04 5.406572e-01 2.037578e-02 2.707685e-01 1.838245e-01
9.600000e+01 1.940000e+04 5.045683e-01 2.010110e-02 2.671189e-01 1.813468e-01
9.700000e+01 1.960000e+04 4.708884e-01 1.982927e-02 2.635072e-01 1.788949e-01
9.800000e+01 1.980000e+04 4.394566e-01 1.956163e-02 2.599510e-01 1.764805e-01
9.900000e+01 2.000000e+04 4.101229e-01 1.929924e-02 2.564646e-01 1.741136e-01
1.000000e+02 2.020000e+04 3.827472e-01 1.904296e-02 2.530593e-01 1.718018e-01
1.010000e+02 2.040000e+04 3.571989e-01 1.879347e-02 2.497442e-01 1.695511e-01
1.020000e+02 2.060000e+04 3.333558e-01 1.855129e-02 2.465261e-01 1.673663e-01
1.030000e+02 2.080000e+04 3.111044e-01 1.831677e-02 2.434099e-01 1.652508e-01
1.040000e+02 2.100000e+04 2.903381e-01 1.809020e-02 2.403993e-01 1.632069e-01
1.050000e+02 2.120000e+04 2.709581e-01 1.787173e-02 2.374963e-01 1.612360e-01
1.060000e+02 2.140000e+04 2.528717e-01 1.766144e-02 2.347019e-01 1.593390e-01
1.070000e+02 2.160000e+04 2.359924e-01 1.745934e-02 2.320164e-01 1.575157e-01
1.080000e+02 2.180000e+04 2.202400e-01 1.726538e-02 2.294390e-01 1.557660e-01
1.090000e+02 2.200000e+04 2.055390e-01 1.707947e-02 2.269686e-01 1.540888e-01
1.100000e+02 2.220000e+04 1.918192e-01 1.690146e-02 2.246032e-01 1.524829e-01
1.110000e+02 2.240000e+04 1.790153e-01 1.673120e-02 2.223408e-01 1.509470e-01
1.120000e+02 2.260000e+04 1.670660e-01 1.656850e-02 2.201787e-01 1.494792e-01
1.130000e+02 2.280000e+04 1.559144e-01 1.641315e-02 2.181144e-01 1.480777e-01
1.140000e+02 2.300000e+04 1.455071e-01 1.626493e-02 2.161447e-01 1.467405e-01
1.150000e+02 2.320000e+04 1.357945e-01 1.612360e-02 2.142667e-01 1.454655e-01
1.160000e+02 2.340000e+04 1.267302e-01 1.598893e-02 2.124771e-01 1.442505e-01
1.170000e+02 2.360000e+04 1.182710e-01 1.586067e-02 2.107728e-01 1.430935e-01
1.180000e+02 2.380000e+04 1.103764e-01 1.573859e-02 2.091505e-01 1.419921e-01
1.190000e+02 2.400000e+04 1.030088e-01 1.562244e-02 2.076070e-01 1.409442e-01
1.200000e+02 2.420000e+04 9.613296e-02 1.551198e-02 2.061392e-01 1.399477e-01
1.210000e+02 2.440000e+04 8.971606e-02 1.540697e-02 2.047437e-01 1.390004e-01
1.220000e+02 2.460000e+04 8.372754e-02 1.530718e-02 2.034177e-01 1.381001e-01
1.230000e+02 2.480000e+04 7.813870e-02 1.521238e-02 2.021579e-01 1.372449e-01
1.240000e+02 2.500000e+04 7.292296e-02 1.512235e-02 2.009616e-01 1.364327e-01
1.250000e+02 2.520000e+04 6.805536e-02 1.503688e-02 1.998258e-01 1.356616e-01
1.260000e+02 2.540000e+04 6.351266e-02 1.495575e-02 1.987477e-01 1.349297e-01
1.270000e+02 2.560000e+04 5.927319e-02 1.487877e-02 1.977247e-01 1.342352e-01
1.280000e+02 2.580000e+04 5.531671e-02 1.480574e-02 1.967542e-01 1.335763e-01
1.290000e+02 2.600000e+04 5.162432e-02 1.473647e-02 1.958338e-01 1.329514e-01
1.300000e+02 2.620000e+04 4.817840e-02 1.467078e-02 1.949609e-01 1.323588e-01
1.310000e+02 2.640000e+04 4.496249e-02 1.460850e-02 1.941333e-01 1.317969e-01
1.320000e+02 2.660000e+04 4.196125e-02 1.454947e-02 1.933488e-01 1.312643e-01
1.330000e+02 2.680000e+04 3.916033e-02 1.449352e-02 1.926053e-01 1.307596e-01
1.340000e+02 2.700000e+04 3.654639e-02 1.444050e-02 1.919007e-01 1.302812e-01
1.350000e+02 2.720000e+04 3.410691e-02 1.439027e-02 1.912332e-01 1.298281e-01
1.360000e+02 2.740000e+04 3.183028e-02 1.434268e-02 1.906008e-01 1.293988e-01
1.370000e+02 2.760000e+04 2.970561e-02 1.429761e-02 1.900019e-01 1.289921e-01
1.380000e+02 2.780000e+04 2.772276e-02 1.425492e-02 1.894347e-01 1.286070e-01
1.390000e+02 2.800000e+04 2.587227e-02 1.421450e-02 1.888975e-01 1.282424e-01
1.400000e+02 2.820000e+04 2.414529e-02 1.417623e-02 1.883890e-01 1.278971e-01
1.410000e+02 2.840000e+04 2.253360e-02 1.414001e-02 1.879076e-01 1.275703e-01
1.420000e+02 2.860000e+04 2.102948e-02 1.410571e-02 1.874519e-01 1.272609e-01
1.430000e+02 2.880000e+04 1.962576e-02 1.407326e-02 1.870206e-01 1.269681e-01
1.440000e+02 2.900000e+04 1.831574e-02 1.404254e-02 1.866124e-01 1.266910e-01
1.450000e+02 2.920000e+04 1.709317e-02 1.401348e-02 1.862262e-01 1.264288e-01
1.460000e+02 2.940000e+04 1.595220e-02 1.398598e-02 1.858608e-01 1.261807e-01
1.470000e+02 2.960000e+04 1.488739e-02 1.395996e-02 1.855150e-01 1.259460e-01
1.480000e+02 2.980000e+04 1.389366e-02 1.393535e-02 1.851880e-01 1.257240e-01
1.490000e+02 3.000000e+04 1.296626e-02 1.391208e-02 1.848787e-01 1.255140e-01