0.000231481 day
# index velocity (km/s) density (g/cm^3) 56ni_mass_fraction 52fe_mass_fraction 48cr_mass_fraction
0.000000e+00 2.000000e+02 3.829225e+02 9.891197e-01 9.891197e-03 9.891197e-04
1.000000e+00 4.000000e+02 3.573624e+02 9.891197e-01 9.891197e-03 9.891197e-04
2.000000e+00 6.000000e+02 3.335085e+02 9.891197e-01 9.891197e-03 9.891197e-04
3.000000e+00 8.000000e+02 3.112468e+02 9.891197e-01 9.891197e-03 9.891197e-04
4.000000e+00 1.000000e+03 2.904711e+02 9.891197e-01 9.891197e-03 9.891197e-04
5.000000e+00 1.200000e+03 2.710822e+02 9.891197e-01 9.891197e-03 9.891197e-04
6.000000e+00 1.400000e+03 2.529875e+02 9.891197e-01 9.891197e-03 9.891197e-04
7.000000e+00 1.600000e+03 2.361005e+02 9.891197e-01 9.891197e-03 9.891197e-04
8.000000e+00 1.800000e+03 2.203409e+02 9.891197e-01 9.891197e-03 9.891197e-04
9.000000e+00 2.000000e+03 2.056331e+02 9.891197e-01 9.891197e-03 9.891197e-04
1.000000e+01 2.200000e+03 1.919071e+02 9.891197e-01 9.891197e-03 9.891197e-04
1.100000e+01 2.400000e+03 1.790973e+02 9.891197e-01 9.891197e-03 9.891197e-04
1.200000e+01 2.600000e+03 1.671426e+02 9.891197e-01 9.891197e-03 9.891197e-04
1.300000e+01 2.800000e+03 1.559858e+02 9.891197e-01 9.891197e-03 9.891197e-04
1.400000e+01 3.000000e+03 1.455738e+02 9.891197e-01 9.891197e-03 9.891197e-04
1.500000e+01 3.200000e+03 1.358567e+02 9.891197e-01 9.891197e-03 9.891197e-04
1.600000e+01 3.400000e+03 1.267883e+02 9.891197e-01 9.891197e-03 9.891197e-04
1.700000e+01 3.600000e+03 1.183251e+02 9.891197e-01 9.891197e-03 9.891197e-04
1.800000e+01 3.800000e+03 1.104269e+02 9.891197e-01 9.891197e-03 9.891197e-04
1.900000e+01 4.000000e+03 1.030560e+02 9.790067e-01 9.790067e-03 9.790067e-04
2.000000e+01 4.200000e+03 9.617699e+01 9.595681e-01 9.595681e-03 9.595681e-04
2.100000e+01 4.400000e+03 8.975718e+01 9.326495e-01 9.326495e-03 9.326495e-04
2.200000e+01 4.600000e+03 8.376589e+01 8.959645e-01 8.959645e-03 8.959645e-04
2.300000e+01 4.800000e+03 7.817454e+01 8.471746e-01 8.471746e-03 8.471746e-04
2.400000e+01 5.000000e+03 7.295638e+01 7.844878e-01 7.844878e-03 7.844878e-04
2.500000e+01 5.200000e+03 6.808653e+01 7.075601e-01 7.075601e-03 7.075601e-04
2.600000e+01 5.400000e+03 6.354175e+01 6.184200e-01 6.184200e-03 6.184200e-04
2.700000e+01 5.600000e+03 5.930035e+01 5.218295e-01 5.218295e-03 5.218295e-04
2.800000e+01 5.800000e+03 5.534205e+01 4.245322e-01 4.245322e-03 4.245322e-04
2.900000e+01 6.000000e+03 5.164797e+01 3.334813e-01 3.334813e-03 3.334813e-04
3.000000e+01 6.200000e+03 4.820047e+01 2.539494e-01 2.539494e-03 2.539494e-04
3.100000e+01 6.400000e+03 4.498309e+01 1.885251e-01 1.885251e-03 1.885251e-04
3.200000e+01 6.600000e+03 4.198047e+01 1.372762e-01 1.372762e-03 1.372762e-04
3.300000e+01 6.800000e+03 3.917827e+01 9.861376e-02 9.861376e-04 9.861376e-05
3.400000e+01 7.000000e+03 3.656312e+01 7.023538e-02 7.023538e-04 7.023538e-05
3.500000e+01 7.200000e+03 3.412254e+01 4.979606e-02 4.979606e-04 4.979606e-05
3.600000e+01 7.400000e+03 3.184486e+01 3.525395e-02 3.525395e-04 3.525395e-05
3.700000e+01 7.600000e+03 2.971921e+01 2.498154e-02 2.498154e-04 2.498154e-05
3.800000e+01 7.800000e+03 2.773546e+01 1.774990e-02 1.774990e-04 1.774990e-05
3.900000e+01 8.000000e+03 2.588412e+01 1.266222e-02 1.266222e-04 1.266222e-05
4.000000e+01 8.200000e+03 2.415635e+01 9.077940e-03 9.077940e-05 9.077940e-06
4.100000e+01 8.400000e+03 2.254391e+01 6.545586e-03 6.545586e-05 6.545586e-06
4.200000e+01 8.600000e+03 2.103911e+01 4.749352e-03 4.749352e-05 4.749352e-06
4.300000e+01 8.800000e+03 1.963475e+01 3.469179e-03 3.469179e-05 3.469179e-06
4.400000e+01 9.000000e+03 1.832413e+01 2.551896e-03 2.551896e-05 2.551896e-06
4.500000e+01 9.200000e+03 1.710100e+01 1.890800e-03 1.890800e-05 1.890800e-06
4.600000e+01 9.400000e+03 1.595950e+01 1.411401e-03 1.411401e-05 1.411401e-06
4.700000e+01 9.600000e+03 1.489421e+01 1.061525e-03 1.061525e-05 1.061525e-06
4.800000e+01 9.800000e+03 1.390002e+01 8.044900e-04 8.044900e-06 8.044900e-07
4.900000e+01 1.000000e+04 1.297219e+01 6.143865e-04 6.143865e-06 6.143865e-07
5.000000e+01 1.020000e+04 1.210630e+01 4.728249e-04 4.728249e-06 4.728249e-07
5.100000e+01 1.040000e+04 1.129821e+01 3.666846e-04 3.666846e-06 3.666846e-07
5.200000e+01 1.060000e+04 1.054405e+01 2.865530e-04 2.865530e-06 2.865530e-07
5.300000e+01 1.080000e+04 9.840235e+00 2.256394e-04 2.256394e-06 2.256394e-07
5.400000e+01 1.100000e+04 9.183402e+00 1.790164e-04 1.790164e-06 1.790164e-07
5.500000e+01 1.120000e+04 8.570412e+00 1.430878e-04 1.430878e-06 1.430878e-07
5.600000e+01 1.140000e+04 7.998332e+00 1.152132e-04 1.152132e-06 1.152132e-07
5.700000e+01 1.160000e+04 7.464443e+00 9.344258e-05 9.344258e-07 9.344258e-08
5.800000e+01 1.180000e+04 6.966195e+00 7.632714e-05 7.632714e-07 7.632714e-08
5.900000e+01 1.200000e+04 6.501201e+00 6.278410e-05 6.278410e-07 6.278410e-08
6.000000e+01 1.220000e+04 6.067246e+00 5.199940e-05 5.199940e-07 5.199940e-08
6.100000e+01 1.240000e+04 5.662257e+00 4.335746e-05 4.335746e-07 4.335746e-08
6.200000e+01 1.260000e+04 5.284302e+00 3.639004e-05 3.639004e-07 3.639004e-08
6.300000e+01 1.280000e+04 4.931575e+00 3.073895e-05 3.073895e-07 3.073895e-08
6.400000e+01 1.300000e+04 4.602392e+00 2.612860e-05 2.612860e-07 2.612860e-08
6.500000e+01 1.320000e+04 4.295182e+00 2.234579e-05 2.234579e-07 2.234579e-08
6.600000e+01 1.340000e+04 4.008479e+00 1.922466e-05 1.922466e-07 1.922466e-08
6.700000e+01 1.360000e+04 3.740913e+00 1.663547e-05 1.663547e-07 1.663547e-08
6.800000e+01 1.380000e+04 3.491208e+00 1.447620e-05 1.447620e-07 1.447620e-08
6.900000e+01 1.400000e+04 3.258169e+00 1.266623e-05 1.266623e-07 1.266623e-08
7.000000e+01 1.420000e+04 3.040687e+00 1.114148e-05 1.114148e-07 1.114148e-08
7.100000e+01 1.440000e+04 2.837721e+00 9.850799e-06 9.850803e-08 9.850829e-09
7.200000e+01 1.460000e+04 2.648303e+00 8.753134e-06 8.754496e-08 8.762387e-09
7.300000e+01 1.480000e+04 2.471529e+00 7.815522e-06 7.998065e-08 9.055600e-09
7.400000e+01 1.500000e+04 2.306554e+00 7.019435e-06 1.856562e-07 8.545672e-08
7.500000e+01 1.520000e+04 2.152592e+00 6.597852e-06 3.790594e-06 2.536860e-06
7.600000e+01 1.540000e+04 2.008907e+00 1.067669e-05 6.596433e-05 4.475004e-05
7.700000e+01 1.560000e+04 1.874813e+00 5.660197e-05 6.832231e-04 4.638096e-04
7.800000e+01 1.580000e+04 1.749668e+00 3.374183e-04 4.421254e-03 3.001559e-03
7.900000e+01 1.600000e+04 1.632878e+00 1.430757e-03 1.895680e-02 1.286973e-02
8.000000e+01 1.620000e+04 1.523884e+00 4.292150e-03 5.698883e-02 3.868965e-02
8.100000e+01 1.640000e+04 1.422164e+00 9.549856e-03 1.268669e-01 8.612979e-02
8.200000e+01 1.660000e+04 1.327235e+00 1.660211e-02 2.205937e-01 1.497609e-01
8.300000e+01 1.680000e+04 1.238642e+00 2.375163e-02 3.156126e-01 2.142691e-01
8.400000e+01 1.700000e+04 1.155963e+00 2.939394e-02 3.906007e-01 2.651785e-01
8.500000e+01 1.720000e+04 1.078802e+00 3.293070e-02 4.376062e-01 2.970905e-01
8.600000e+01 1.740000e+04 1.006792e+00 3.468357e-02 4.609038e-01 3.129072e-01
8.700000e+01 1.760000e+04 9.395891e-01 3.530259e-02 4.691325e-01 3.184937e-01
8.800000e+01 1.780000e+04 8.768714e-01 3.533167e-02 4.695207e-01 3.187572e-01
8.900000e+01 1.800000e+04 8.183404e-01 3.509304e-02 4.663510e-01 3.166053e-01
9.000000e+01 1.820000e+04 7.637160e-01 3.474100e-02 4.616741e-01 3.134302e-01
9.100000e+01 1.840000e+04 7.127380e-01 3.434028e-02 4.563499e-01 3.098156e-01
9.200000e+01 1.860000e+04 6.651628e-01 3.391681e-02 4.507233e-01 3.059957e-01
9.300000e+01 1.880000e+04 6.207632e-01 3.348192e-02 4.449448e-01 3.020726e-01
9.400000e+01 1.900000e+04 5.793273e-01 3.304169e-02 4.390953e-01 2.981014e-01
9.500000e+01 1.920000e+04 5.406572e-01 3.260026e-02 4.332296e-01 2.941193e-01
9.600000e+01 1.940000e+04 5.045683e-01 3.216081e-02 4.273903e-01 2.901549e-01
9.700000e+01 1.960000e+04 4.708884e-01 3.172593e-02 4.216116e-01 2.862318e-01
9.800000e+01 1.980000e+04 4.394566e-01 3.129773e-02 4.159216e-01 2.823689e-01
9.900000e+01 2.000000e+04 4.101229e-01 3.087794e-02 4.103433e-01 2.785817e-01
1.000000e+02 2.020000e+04 3.827472e-01 3.046792e-02 4.048949e-01 2.748828e-01
1.010000e+02 2.040000e+04 3.571989e-01 3.006876e-02 3.995907e-01 2.712818e-01
1.020000e+02 2.060000e+04 3.333558e-01 2.968128e-02 3.944417e-01 2.677861e-01
1.030000e+02 2.080000e+04 3.111044e-01 2.930609e-02 3.894559e-01 2.644013e-01
1.040000e+02 2.100000e+04 2.903381e-01 2.894360e-02 3.846389e-01 2.611310e-01
1.050000e+02 2.120000e+04 2.709581e-01 2.859406e-02 3.799940e-01 2.579776e-01
1.060000e+02 2.140000e+04 2.528717e-01 2.825762e-02 3.755231e-01 2.549423e-01
1.070000e+02 2.160000e+04 2.359924e-01 2.793427e-02 3.712262e-01 2.520252e-01
1.080000e+02 2.180000e+04 2.202400e-01 2.762395e-02 3.671025e-01 2.492256e-01
1.090000e+02 2.200000e+04 2.055390e-01 2.732650e-02 3.631497e-01 2.465420e-01
1.100000e+02 2.220000e+04 1.918192e-01 2.704170e-02 3.593651e-01 2.439727e-01
1.110000e+02 2.240000e+04 1.790153e-01 2.676930e-02 3.557452e-01 2.415151e-01
1.120000e+02 2.260000e+04 1.670660e-01 2.650899e-02 3.522860e-01 2.391667e-01
1.130000e+02 2.280000e+04 1.559144e-01 2.626044e-02 3.489830e-01 2.369242e-01
1.140000e+02 2.300000e+04 1.455071e-01 2.602329e-02 3.458315e-01 2.347847e-01
1.150000e+02 2.320000e+04 1.357945e-01 2.579717e-02 3.428266e-01 2.327447e-01
1.160000e+02 2.340000e+04 1.267302e-01 2.558170e-02 3.399633e-01 2.308008e-01
1.170000e+02 2.360000e+04 1.182710e-01 2.537651e-02 3.372365e-01 2.289496e-01
1.180000e+02 2.380000e+04 1.103764e-01 2.518118e-02 3.346408e-01 2.271874e-01
1.190000e+02 2.400000e+04 1.030088e-01 2.499535e-02 3.321713e-01 2.255108e-01
1.200000e+02 2.420000e+04 9.613296e-02 2.481861e-02 3.298227e-01 2.239163e-01
1.210000e+02 2.440000e+04 8.971606e-02 2.465060e-02 3.275900e-01 2.224006e-01
1.220000e+02 2.460000e+04 8.372754e-02 2.449095e-02 3.254683e-01 2.209601e-01
1.230000e+02 2.480000e+04 7.813870e-02 2.433927e-02 3.234527e-01 2.195918e-01
1.240000e+02 2.500000e+04 7.292296e-02 2.419523e-02 3.215386e-01 2.182923e-01
1.250000e+02 2.520000e+04 6.805536e-02 2.405848e-02 3.197213e-01 2.170585e-01
1.260000e+02 2.540000e+04 6.351266e-02 2.392868e-02 3.179964e-01 2.158875e-01
1.270000e+02 2.560000e+04 5.927319e-02 2.380552e-02 3.163596e-01 2.147763e-01
1.280000e+02 2.580000e+04 5.531671e-02 2.368867e-02 3.148068e-01 2.137221e-01
1.290000e+02 2.600000e+04 5.162432e-02 2.357784e-02 3.133340e-01 2.127222e-01
1.300000e+02 2.620000e+04 4.817840e-02 2.347275e-02 3.119374e-01 2.117740e-01
1.310000e+02 2.640000e+04 4.496249e-02 2.337311e-02 3.106132e-01 2.108751e-01
1.320000e+02 2.660000e+04 4.196125e-02 2.327865e-02 3.093581e-01 2.100229e-01
1.330000e+02 2.680000e+04 3.916033e-02 2.318914e-02 3.081684e-01 2.092153e-01
1.340000e+02 2.700000e+04 3.654639e-02 2.310431e-02 3.070412e-01 2.084500e-01
1.350000e+02 2.720000e+04 3.410691e-02 2.302394e-02 3.059731e-01 2.077249e-01
1.360000e+02 2.740000e+04 3.183028e-02 2.294780e-02 3.049614e-01 2.070380e-01
1.370000e+02 2.760000e+04 2.970561e-02 2.287569e-02 3.040030e-01 2.063874e-01
1.380000e+02 2.780000e+04 2.772276e-02 2.280740e-02 3.030955e-01 2.057713e-01
1.390000e+02 2.800000e+04 2.587227e-02 2.274273e-02 3.022361e-01 2.051878e-01
1.400000e+02 2.820000e+04 2.414529e-02 2.268150e-02 3.014224e-01 2.046354e-01
1.410000e+02 2.840000e+04 2.253360e-02 2.262354e-02 3.006521e-01 2.041125e-01
1.420000e+02 2.860000e+04 2.102948e-02 2.256867e-02 2.999230e-01 2.036175e-01
1.430000e+02 2.880000e+04 1.962576e-02 2.251674e-02 2.992329e-01 2.031490e-01
1.440000e+02 2.900000e+04 1.831574e-02 2.246760e-02 2.985798e-01 2.027056e-01
1.450000e+02 2.920000e+04 1.709317e-02 2.242110e-02 2.979619e-01 2.022861e-01
1.460000e+02 2.940000e+04 1.595220e-02 2.237710e-02 2.973772e-01 2.018891e-01
1.470000e+02 2.960000e+04 1.488739e-02 2.233548e-02 2.968241e-01 2.015136e-01
1.480000e+02 2.980000e+04 1.389366e-02 2.229610e-02 2.963008e-01 2.011584e-01
1.490000e+02 3.000000e+04 1.296626e-02 2.225886e-02 2.958059e-01 2.008224e-01