0.000231481 day
# index velocity (km/s) density (g/cm^3) 56ni_mass_fraction 52fe_mass_fraction 48cr_mass_fraction
0.000000e+00 2.000000e+02 4.618756e+02 9.891197e-01 9.891197e-03 9.891197e-04
1.000000e+00 4.000000e+02 4.310454e+02 9.891197e-01 9.891197e-03 9.891197e-04
2.000000e+00 6.000000e+02 4.022731e+02 9.891197e-01 9.891197e-03 9.891197e-04
3.000000e+00 8.000000e+02 3.754215e+02 9.891197e-01 9.891197e-03 9.891197e-04
4.000000e+00 1.000000e+03 3.503621e+02 9.891197e-01 9.891197e-03 9.891197e-04
5.000000e+00 1.200000e+03 3.269754e+02 9.891197e-01 9.891197e-03 9.891197e-04
6.000000e+00 1.400000e+03 3.051498e+02 9.891197e-01 9.891197e-03 9.891197e-04
7.000000e+00 1.600000e+03 2.847811e+02 9.891197e-01 9.891197e-03 9.891197e-04
8.000000e+00 1.800000e+03 2.657720e+02 9.891197e-01 9.891197e-03 9.891197e-04
9.000000e+00 2.000000e+03 2.480317e+02 9.891197e-01 9.891197e-03 9.891197e-04
1.000000e+01 2.200000e+03 2.314756e+02 9.891197e-01 9.891197e-03 9.891197e-04
1.100000e+01 2.400000e+03 2.160246e+02 9.891197e-01 9.891197e-03 9.891197e-04
1.200000e+01 2.600000e+03 2.016050e+02 9.891197e-01 9.891197e-03 9.891197e-04
1.300000e+01 2.800000e+03 1.881478e+02 9.891197e-01 9.891197e-03 9.891197e-04
1.400000e+01 3.000000e+03 1.755890e+02 9.891197e-01 9.891197e-03 9.891197e-04
1.500000e+01 3.200000e+03 1.638684e+02 9.891197e-01 9.891197e-03 9.891197e-04
1.600000e+01 3.400000e+03 1.529302e+02 9.891197e-01 9.891197e-03 9.891197e-04
1.700000e+01 3.600000e+03 1.427221e+02 9.891197e-01 9.891197e-03 9.891197e-04
1.800000e+01 3.800000e+03 1.331954e+02 9.891197e-01 9.891197e-03 9.891197e-04
1.900000e+01 4.000000e+03 1.243046e+02 9.891197e-01 9.891197e-03 9.891197e-04
2.000000e+01 4.200000e+03 1.160073e+02 9.891197e-01 9.891197e-03 9.891197e-04
2.100000e+01 4.400000e+03 1.082638e+02 9.891197e-01 9.891197e-03 9.891197e-04
2.200000e+01 4.600000e+03 1.010372e+02 9.891197e-01 9.891197e-03 9.891197e-04
2.300000e+01 4.800000e+03 9.429301e+01 9.891197e-01 9.891197e-03 9.891197e-04
2.400000e+01 5.000000e+03 8.799893e+01 9.891197e-01 9.891197e-03 9.891197e-04
2.500000e+01 5.200000e+03 8.212499e+01 9.891197e-01 9.891197e-03 9.891197e-04
2.600000e+01 5.400000e+03 7.664315e+01 9.891197e-01 9.891197e-03 9.891197e-04
2.700000e+01 5.600000e+03 7.152722e+01 9.891197e-01 9.891197e-03 9.891197e-04
2.800000e+01 5.800000e+03 6.675278e+01 9.891197e-01 9.891197e-03 9.891197e-04
2.900000e+01 6.000000e+03 6.229703e+01 9.891197e-01 9.891197e-03 9.891197e-04
3.000000e+01 6.200000e+03 5.813871e+01 9.891197e-01 9.891197e-03 9.891197e-04
3.100000e+01 6.400000e+03 5.425795e+01 9.891197e-01 9.891197e-03 9.891197e-04
3.200000e+01 6.600000e+03 5.063624e+01 9.891197e-01 9.891197e-03 9.891197e-04
3.300000e+01 6.800000e+03 4.725627e+01 9.891197e-01 9.891197e-03 9.891197e-04
3.400000e+01 7.000000e+03 4.410191e+01 9.891197e-01 9.891197e-03 9.891197e-04
3.500000e+01 7.200000e+03 4.115811e+01 9.891197e-01 9.891197e-03 9.891197e-04
3.600000e+01 7.400000e+03 3.841081e+01 9.891197e-01 9.891197e-03 9.891197e-04
3.700000e+01 7.600000e+03 3.584689e+01 9.891197e-01 9.891197e-03 9.891197e-04
3.800000e+01 7.800000e+03 3.345411e+01 9.891197e-01 9.891197e-03 9.891197e-04
3.900000e+01 8.000000e+03 3.122105e+01 9.891197e-01 9.891197e-03 9.891197e-04
4.000000e+01 8.200000e+03 2.913704e+01 9.891197e-01 9.891197e-03 9.891197e-04
4.100000e+01 8.400000e+03 2.719214e+01 9.891197e-01 9.891197e-03 9.891197e-04
4.200000e+01 8.600000e+03 2.537707e+01 9.884473e-01 9.884473e-03 9.884473e-04
4.300000e+01 8.800000e+03 2.368316e+01 9.797535e-01 9.797535e-03 9.797535e-04
4.400000e+01 9.000000e+03 2.210230e+01 9.676517e-01 9.676517e-03 9.676517e-04
4.500000e+01 9.200000e+03 2.062697e+01 9.511126e-01 9.511126e-03 9.511126e-04
4.600000e+01 9.400000e+03 1.925012e+01 9.289829e-01 9.289829e-03 9.289829e-04
4.700000e+01 9.600000e+03 1.796518e+01 9.000889e-01 9.000889e-03 9.000889e-04
4.800000e+01 9.800000e+03 1.676601e+01 8.634126e-01 8.634126e-03 8.634126e-04
4.900000e+01 1.000000e+04 1.564687e+01 8.183325e-01 8.183325e-03 8.183325e-04
5.000000e+01 1.020000e+04 1.460245e+01 7.648865e-01 7.648865e-03 7.648865e-04
5.100000e+01 1.040000e+04 1.362774e+01 7.039733e-01 7.039733e-03 7.039733e-04
5.200000e+01 1.060000e+04 1.271808e+01 6.373938e-01 6.373938e-03 6.373938e-04
5.300000e+01 1.080000e+04 1.186915e+01 5.676695e-01 5.676695e-03 5.676695e-04
5.400000e+01 1.100000e+04 1.107689e+01 4.976617e-01 4.976617e-03 4.976617e-04
5.500000e+01 1.120000e+04 1.033751e+01 4.301079e-01 4.301079e-03 4.301079e-04
5.600000e+01 1.140000e+04 9.647472e+00 3.672273e-01 3.672273e-03 3.672273e-04
5.700000e+01 1.160000e+04 9.003504e+00 3.105019e-01 3.105019e-03 3.105019e-04
5.800000e+01 1.180000e+04 8.402524e+00 2.606526e-01 2.606526e-03 2.606526e-04
5.900000e+01 1.200000e+04 7.841655e+00 2.177604e-01 2.177604e-03 2.177604e-04
6.000000e+01 1.220000e+04 7.318224e+00 1.814515e-01 1.814515e-03 1.814515e-04
6.100000e+01 1.240000e+04 6.829733e+00 1.510847e-01 1.510847e-03 1.510847e-04
6.200000e+01 1.260000e+04 6.373848e+00 1.259016e-01 1.259016e-03 1.259016e-04
6.300000e+01 1.280000e+04 5.948394e+00 1.051315e-01 1.051315e-03 1.051315e-04
6.400000e+01 1.300000e+04 5.551339e+00 8.805350e-02 8.805350e-04 8.805350e-05
6.500000e+01 1.320000e+04 5.180787e+00 7.402753e-02 7.402753e-04 7.402753e-05
6.600000e+01 1.340000e+04 4.834970e+00 6.250428e-02 6.250428e-04 6.250428e-05
6.700000e+01 1.360000e+04 4.512236e+00 5.302318e-02 5.302318e-04 5.302318e-05
6.800000e+01 1.380000e+04 4.211044e+00 4.520402e-02 4.520402e-04 4.520402e-05
6.900000e+01 1.400000e+04 3.929957e+00 3.873620e-02 3.873620e-04 3.873620e-05
7.000000e+01 1.420000e+04 3.667633e+00 3.336765e-02 3.336765e-04 3.336765e-05
7.100000e+01 1.440000e+04 3.422818e+00 2.889466e-02 2.889466e-04 2.889466e-05
7.200000e+01 1.460000e+04 3.194345e+00 2.515285e-02 2.515285e-04 2.515285e-05
7.300000e+01 1.480000e+04 2.981123e+00 2.200966e-02 2.200966e-04 2.200966e-05
7.400000e+01 1.500000e+04 2.782132e+00 1.935816e-02 1.935816e-04 1.935816e-05
7.500000e+01 1.520000e+04 2.596426e+00 1.711187e-02 1.711187e-04 1.711187e-05
7.600000e+01 1.540000e+04 2.423115e+00 1.520078e-02 1.520078e-04 1.520080e-05
7.700000e+01 1.560000e+04 2.261372e+00 1.356802e-02 1.356804e-04 1.357007e-05
7.800000e+01 1.580000e+04 2.110425e+00 1.216726e-02 1.216823e-04 1.229541e-05
7.900000e+01 1.600000e+04 1.969554e+00 1.096066e-02 1.099082e-04 1.496859e-05
8.000000e+01 1.620000e+04 1.838087e+00 9.917165e-03 1.042667e-04 7.763073e-05
8.100000e+01 1.640000e+04 1.715394e+00 9.011279e-03 1.400533e-04 6.727183e-04
8.200000e+01 1.660000e+04 1.600891e+00 8.222075e-03 3.857959e-04 4.042719e-03
8.300000e+01 1.680000e+04 1.494032e+00 7.532521e-03 1.293995e-03 1.620360e-02
8.400000e+01 1.700000e+04 1.394306e+00 6.928707e-03 3.499558e-03 4.559504e-02
8.500000e+01 1.720000e+04 1.301235e+00 6.398728e-03 7.237228e-03 9.533838e-02
8.600000e+01 1.740000e+04 1.214378e+00 5.931755e-03 1.185034e-02 1.567080e-01
8.700000e+01 1.760000e+04 1.133319e+00 5.518048e-03 1.614930e-02 2.138955e-01
8.800000e+01 1.780000e+04 1.057670e+00 5.149520e-03 1.926352e-02 2.553320e-01
8.900000e+01 1.800000e+04 9.870704e-01 4.819913e-03 2.104488e-02 2.790496e-01
9.000000e+01 1.820000e+04 9.211832e-01 4.524370e-03 2.182933e-02 2.895139e-01
9.100000e+01 1.840000e+04 8.596943e-01 4.258885e-03 2.203784e-02 2.923200e-01
9.200000e+01 1.860000e+04 8.023098e-01 4.019972e-03 2.196857e-02 2.914310e-01
9.300000e+01 1.880000e+04 7.487556e-01 3.804541e-03 2.177968e-02 2.889490e-01
9.400000e+01 1.900000e+04 6.987762e-01 3.609867e-03 2.154094e-02 2.858019e-01
9.500000e+01 1.920000e+04 6.521329e-01 3.433567e-03 2.128023e-02 2.823602e-01
9.600000e+01 1.940000e+04 6.086030e-01 3.273565e-03 2.100877e-02 2.787736e-01
9.700000e+01 1.960000e+04 5.679788e-01 3.128052e-03 2.073188e-02 2.751130e-01
9.800000e+01 1.980000e+04 5.300663e-01 2.995454e-03 2.045280e-02 2.714215e-01
9.900000e+01 2.000000e+04 4.946843e-01 2.874394e-03 2.017387e-02 2.677305e-01
1.000000e+02 2.020000e+04 4.616641e-01 2.763669e-03 1.989698e-02 2.640653e-01
1.010000e+02 2.040000e+04 4.308481e-01 2.662222e-03 1.962368e-02 2.604465e-01
1.020000e+02 2.060000e+04 4.020890e-01 2.569121e-03 1.935521e-02 2.568908e-01
1.030000e+02 2.080000e+04 3.752496e-01 2.483546e-03 1.909257e-02 2.534117e-01
1.040000e+02 2.100000e+04 3.502017e-01 2.404771e-03 1.883657e-02 2.500198e-01
1.050000e+02 2.120000e+04 3.268257e-01 2.332152e-03 1.858781e-02 2.467234e-01
1.060000e+02 2.140000e+04 3.050101e-01 2.265119e-03 1.834675e-02 2.435286e-01
1.070000e+02 2.160000e+04 2.846507e-01 2.203161e-03 1.811371e-02 2.404397e-01
1.080000e+02 2.180000e+04 2.656503e-01 2.145825e-03 1.788891e-02 2.374596e-01
1.090000e+02 2.200000e+04 2.479181e-01 2.092704e-03 1.767246e-02 2.345900e-01
1.100000e+02 2.220000e+04 2.313696e-01 2.043434e-03 1.746440e-02 2.318314e-01
1.110000e+02 2.240000e+04 2.159257e-01 1.997688e-03 1.726469e-02 2.291834e-01
1.120000e+02 2.260000e+04 2.015126e-01 1.955171e-03 1.707327e-02 2.266450e-01
1.130000e+02 2.280000e+04 1.880617e-01 1.915619e-03 1.689000e-02 2.242145e-01
1.140000e+02 2.300000e+04 1.755086e-01 1.878792e-03 1.671472e-02 2.218899e-01
1.150000e+02 2.320000e+04 1.637934e-01 1.844473e-03 1.654725e-02 2.196687e-01
1.160000e+02 2.340000e+04 1.528602e-01 1.812466e-03 1.638737e-02 2.175482e-01
1.170000e+02 2.360000e+04 1.426567e-01 1.782592e-03 1.623486e-02 2.155252e-01
1.180000e+02 2.380000e+04 1.331344e-01 1.754690e-03 1.608948e-02 2.135968e-01
1.190000e+02 2.400000e+04 1.242477e-01 1.728611e-03 1.595098e-02 2.117597e-01
1.200000e+02 2.420000e+04 1.159542e-01 1.704220e-03 1.581912e-02 2.100105e-01
1.210000e+02 2.440000e+04 1.082142e-01 1.681395e-03 1.569365e-02 2.083460e-01
1.220000e+02 2.460000e+04 1.009910e-01 1.660023e-03 1.557431e-02 2.067628e-01
1.230000e+02 2.480000e+04 9.424977e-02 1.640001e-03 1.546085e-02 2.052576e-01
1.240000e+02 2.500000e+04 8.795862e-02 1.621234e-03 1.535303e-02 2.038271e-01
1.250000e+02 2.520000e+04 8.208739e-02 1.603634e-03 1.525060e-02 2.024682e-01
1.260000e+02 2.540000e+04 7.660805e-02 1.587122e-03 1.515333e-02 2.011776e-01
1.270000e+02 2.560000e+04 7.149447e-02 1.571624e-03 1.506099e-02 1.999525e-01
1.280000e+02 2.580000e+04 6.672222e-02 1.557071e-03 1.497335e-02 1.987896e-01
1.290000e+02 2.600000e+04 6.226851e-02 1.543402e-03 1.489019e-02 1.976863e-01
1.300000e+02 2.620000e+04 5.811209e-02 1.530558e-03 1.481131e-02 1.966397e-01
1.310000e+02 2.640000e+04 5.423311e-02 1.518484e-03 1.473651e-02 1.956471e-01
1.320000e+02 2.660000e+04 5.061305e-02 1.507132e-03 1.466558e-02 1.947060e-01
1.330000e+02 2.680000e+04 4.723463e-02 1.496456e-03 1.459834e-02 1.938138e-01
1.340000e+02 2.700000e+04 4.408172e-02 1.486411e-03 1.453462e-02 1.929683e-01
1.350000e+02 2.720000e+04 4.113927e-02 1.476959e-03 1.447423e-02 1.921670e-01
1.360000e+02 2.740000e+04 3.839322e-02 1.468062e-03 1.441702e-02 1.914078e-01
1.370000e+02 2.760000e+04 3.583048e-02 1.459687e-03 1.436283e-02 1.906887e-01
1.380000e+02 2.780000e+04 3.343880e-02 1.451800e-03 1.431150e-02 1.900075e-01
1.390000e+02 2.800000e+04 3.120676e-02 1.444372e-03 1.426289e-02 1.893625e-01
1.400000e+02 2.820000e+04 2.912370e-02 1.437374e-03 1.421686e-02 1.887517e-01
1.410000e+02 2.840000e+04 2.717970e-02 1.430782e-03 1.417328e-02 1.881734e-01
1.420000e+02 2.860000e+04 2.536545e-02 1.424570e-03 1.413203e-02 1.876261e-01
1.430000e+02 2.880000e+04 2.367231e-02 1.418716e-03 1.409299e-02 1.871080e-01
1.440000e+02 2.900000e+04 2.209218e-02 1.413199e-03 1.405604e-02 1.866176e-01
1.450000e+02 2.920000e+04 2.061753e-02 1.407997e-03 1.402107e-02 1.861536e-01
1.460000e+02 2.940000e+04 1.924131e-02 1.403094e-03 1.398799e-02 1.857146e-01
1.470000e+02 2.960000e+04 1.795695e-02 1.398471e-03 1.395669e-02 1.852992e-01
1.480000e+02 2.980000e+04 1.675833e-02 1.394111e-03 1.392708e-02 1.849063e-01
1.490000e+02 3.000000e+04 1.563971e-02 1.390000e-03 1.389908e-02 1.845347e-01