0.000231481 day
# index velocity (km/s) density (g/cm^3) 56ni_mass_fraction 52fe_mass_fraction 48cr_mass_fraction
0.000000e+00 2.000000e+02 4.500327e+02 9.891197e-01 9.891197e-03 9.891197e-04
1.000000e+00 4.000000e+02 4.199930e+02 9.891197e-01 9.891197e-03 9.891197e-04
2.000000e+00 6.000000e+02 3.919584e+02 9.891197e-01 9.891197e-03 9.891197e-04
3.000000e+00 8.000000e+02 3.657953e+02 9.891197e-01 9.891197e-03 9.891197e-04
4.000000e+00 1.000000e+03 3.413784e+02 9.891197e-01 9.891197e-03 9.891197e-04
5.000000e+00 1.200000e+03 3.185914e+02 9.891197e-01 9.891197e-03 9.891197e-04
6.000000e+00 1.400000e+03 2.973255e+02 9.891197e-01 9.891197e-03 9.891197e-04
7.000000e+00 1.600000e+03 2.774790e+02 9.891197e-01 9.891197e-03 9.891197e-04
8.000000e+00 1.800000e+03 2.589573e+02 9.891197e-01 9.891197e-03 9.891197e-04
9.000000e+00 2.000000e+03 2.416719e+02 9.891197e-01 9.891197e-03 9.891197e-04
1.000000e+01 2.200000e+03 2.255403e+02 9.891197e-01 9.891197e-03 9.891197e-04
1.100000e+01 2.400000e+03 2.104855e+02 9.891197e-01 9.891197e-03 9.891197e-04
1.200000e+01 2.600000e+03 1.964356e+02 9.891197e-01 9.891197e-03 9.891197e-04
1.300000e+01 2.800000e+03 1.833235e+02 9.891197e-01 9.891197e-03 9.891197e-04
1.400000e+01 3.000000e+03 1.710867e+02 9.891197e-01 9.891197e-03 9.891197e-04
1.500000e+01 3.200000e+03 1.596666e+02 9.891197e-01 9.891197e-03 9.891197e-04
1.600000e+01 3.400000e+03 1.490089e+02 9.891197e-01 9.891197e-03 9.891197e-04
1.700000e+01 3.600000e+03 1.390625e+02 9.891197e-01 9.891197e-03 9.891197e-04
1.800000e+01 3.800000e+03 1.297801e+02 9.891197e-01 9.891197e-03 9.891197e-04
1.900000e+01 4.000000e+03 1.211173e+02 9.891197e-01 9.891197e-03 9.891197e-04
2.000000e+01 4.200000e+03 1.130327e+02 9.891197e-01 9.891197e-03 9.891197e-04
2.100000e+01 4.400000e+03 1.054878e+02 9.891197e-01 9.891197e-03 9.891197e-04
2.200000e+01 4.600000e+03 9.844651e+01 9.891197e-01 9.891197e-03 9.891197e-04
2.300000e+01 4.800000e+03 9.187524e+01 9.891197e-01 9.891197e-03 9.891197e-04
2.400000e+01 5.000000e+03 8.574255e+01 9.891197e-01 9.891197e-03 9.891197e-04
2.500000e+01 5.200000e+03 8.001922e+01 9.891197e-01 9.891197e-03 9.891197e-04
2.600000e+01 5.400000e+03 7.467794e+01 9.891197e-01 9.891197e-03 9.891197e-04
2.700000e+01 5.600000e+03 6.969319e+01 9.891197e-01 9.891197e-03 9.891197e-04
2.800000e+01 5.800000e+03 6.504117e+01 9.891197e-01 9.891197e-03 9.891197e-04
2.900000e+01 6.000000e+03 6.069967e+01 9.891197e-01 9.891197e-03 9.891197e-04
3.000000e+01 6.200000e+03 5.664797e+01 9.891197e-01 9.891197e-03 9.891197e-04
3.100000e+01 6.400000e+03 5.286673e+01 9.891197e-01 9.891197e-03 9.891197e-04
3.200000e+01 6.600000e+03 4.933787e+01 9.891197e-01 9.891197e-03 9.891197e-04
3.300000e+01 6.800000e+03 4.604457e+01 9.891197e-01 9.891197e-03 9.891197e-04
3.400000e+01 7.000000e+03 4.297109e+01 9.891197e-01 9.891197e-03 9.891197e-04
3.500000e+01 7.200000e+03 4.010277e+01 9.891197e-01 9.891197e-03 9.891197e-04
3.600000e+01 7.400000e+03 3.742592e+01 9.891197e-01 9.891197e-03 9.891197e-04
3.700000e+01 7.600000e+03 3.492774e+01 9.891197e-01 9.891197e-03 9.891197e-04
3.800000e+01 7.800000e+03 3.259631e+01 9.891197e-01 9.891197e-03 9.891197e-04
3.900000e+01 8.000000e+03 3.042051e+01 9.852354e-01 9.852354e-03 9.852354e-04
4.000000e+01 8.200000e+03 2.838994e+01 9.738467e-01 9.738467e-03 9.738467e-04
4.100000e+01 8.400000e+03 2.649491e+01 9.578066e-01 9.578066e-03 9.578066e-04
4.200000e+01 8.600000e+03 2.472637e+01 9.356847e-01 9.356847e-03 9.356847e-04
4.300000e+01 8.800000e+03 2.307590e+01 9.059331e-01 9.059331e-03 9.059331e-04
4.400000e+01 9.000000e+03 2.153558e+01 8.671047e-01 8.671047e-03 8.671047e-04
4.500000e+01 9.200000e+03 2.009808e+01 8.181970e-01 8.181970e-03 8.181970e-04
4.600000e+01 9.400000e+03 1.875653e+01 7.590702e-01 7.590702e-03 7.590702e-04
4.700000e+01 9.600000e+03 1.750454e+01 6.908073e-01 6.908073e-03 6.908073e-04
4.800000e+01 9.800000e+03 1.633611e+01 6.158258e-01 6.158258e-03 6.158258e-04
4.900000e+01 1.000000e+04 1.524567e+01 5.376014e-01 5.376014e-03 5.376014e-04
5.000000e+01 1.020000e+04 1.422803e+01 4.600369e-01 4.600369e-03 4.600369e-04
5.100000e+01 1.040000e+04 1.327831e+01 3.867054e-01 3.867054e-03 3.867054e-04
5.200000e+01 1.060000e+04 1.239198e+01 3.202607e-01 3.202607e-03 3.202607e-04
5.300000e+01 1.080000e+04 1.156481e+01 2.621915e-01 2.621915e-03 2.621915e-04
5.400000e+01 1.100000e+04 1.079286e+01 2.129068e-01 2.129068e-03 2.129068e-04
5.500000e+01 1.120000e+04 1.007244e+01 1.720157e-01 1.720157e-03 1.720157e-04
5.600000e+01 1.140000e+04 9.400101e+00 1.386520e-01 1.386520e-03 1.386520e-04
5.700000e+01 1.160000e+04 8.772645e+00 1.117457e-01 1.117457e-03 1.117457e-04
5.800000e+01 1.180000e+04 8.187075e+00 9.020935e-02 9.020935e-04 9.020935e-05
5.900000e+01 1.200000e+04 7.640587e+00 7.304363e-02 7.304363e-04 7.304363e-05
6.000000e+01 1.220000e+04 7.130578e+00 5.938395e-02 5.938395e-04 5.938395e-05
6.100000e+01 1.240000e+04 6.654611e+00 4.851073e-02 4.851073e-04 4.851073e-05
6.200000e+01 1.260000e+04 6.210416e+00 3.984004e-02 3.984004e-04 3.984004e-05
6.300000e+01 1.280000e+04 5.795871e+00 3.290581e-02 3.290581e-04 3.290581e-05
6.400000e+01 1.300000e+04 5.408997e+00 2.733990e-02 2.733990e-04 2.733990e-05
6.500000e+01 1.320000e+04 5.047946e+00 2.285337e-02 2.285337e-04 2.285337e-05
6.600000e+01 1.340000e+04 4.710996e+00 1.922016e-02 1.922016e-04 1.922016e-05
6.700000e+01 1.360000e+04 4.396537e+00 1.626358e-02 1.626358e-04 1.626358e-05
6.800000e+01 1.380000e+04 4.103069e+00 1.384550e-02 1.384550e-04 1.384550e-05
6.900000e+01 1.400000e+04 3.829189e+00 1.185770e-02 1.185770e-04 1.185770e-05
7.000000e+01 1.420000e+04 3.573591e+00 1.021520e-02 1.021520e-04 1.021520e-05
7.100000e+01 1.440000e+04 3.335053e+00 8.851071e-03 8.851071e-05 8.851071e-06
7.200000e+01 1.460000e+04 3.112439e+00 7.712393e-03 7.712393e-05 7.712393e-06
7.300000e+01 1.480000e+04 2.904684e+00 6.757163e-03 6.757163e-05 6.757163e-06
7.400000e+01 1.500000e+04 2.710796e+00 5.951910e-03 5.951910e-05 5.951910e-06
7.500000e+01 1.520000e+04 2.529851e+00 5.269844e-03 5.269844e-05 5.269844e-06
7.600000e+01 1.540000e+04 2.360983e+00 4.689433e-03 4.689433e-05 4.689433e-06
7.700000e+01 1.560000e+04 2.203388e+00 4.193292e-03 4.193292e-05 4.193292e-06
7.800000e+01 1.580000e+04 2.056311e+00 3.767326e-03 3.767326e-05 3.767326e-06
7.900000e+01 1.600000e+04 1.919053e+00 3.400054e-03 3.400054e-05 3.400054e-06
8.000000e+01 1.620000e+04 1.790956e+00 3.082089e-03 3.082089e-05 3.082089e-06
8.100000e+01 1.640000e+04 1.671410e+00 2.805717e-03 2.805717e-05 2.805717e-06
8.200000e+01 1.660000e+04 1.559843e+00 2.564578e-03 2.564578e-05 2.564578e-06
8.300000e+01 1.680000e+04 1.455723e+00 2.353403e-03 2.353403e-05 2.353403e-06
8.400000e+01 1.700000e+04 1.358554e+00 2.167812e-03 2.167812e-05 2.167812e-06
8.500000e+01 1.720000e+04 1.267870e+00 2.004148e-03 2.004148e-05 2.004148e-06
8.600000e+01 1.740000e+04 1.183240e+00 1.859344e-03 1.859344e-05 1.859344e-06
8.700000e+01 1.760000e+04 1.104259e+00 1.730824e-03 1.730824e-05 1.730870e-06
8.800000e+01 1.780000e+04 1.030550e+00 1.616410e-03 1.616454e-05 1.622291e-06
8.900000e+01 1.800000e+04 9.617609e-01 1.514257e-03 1.516707e-05 1.839842e-06
9.000000e+01 1.820000e+04 8.975631e-01 1.422798e-03 1.487990e-05 1.008674e-05
9.100000e+01 1.840000e+04 8.376509e-01 1.340702e-03 2.251698e-05 1.224117e-04
9.200000e+01 1.860000e+04 7.817377e-01 1.266870e-03 8.521604e-05 9.654173e-04
9.300000e+01 1.880000e+04 7.295568e-01 1.200482e-03 3.673258e-04 4.723398e-03
9.400000e+01 1.900000e+04 6.808589e-01 1.140983e-03 1.161619e-03 1.528736e-02
9.500000e+01 1.920000e+04 6.354115e-01 1.087820e-03 2.647517e-03 3.504188e-02
9.600000e+01 1.940000e+04 5.929978e-01 1.040121e-03 4.586949e-03 6.082312e-02
9.700000e+01 1.960000e+04 5.534153e-01 9.967836e-04 6.429636e-03 8.531805e-02
9.800000e+01 1.980000e+04 5.164748e-01 9.569025e-04 7.748644e-03 1.028529e-01
9.900000e+01 2.000000e+04 4.820001e-01 9.199859e-04 8.472771e-03 1.124813e-01
1.000000e+02 2.020000e+04 4.498266e-01 8.858296e-04 8.766592e-03 1.163907e-01
1.010000e+02 2.040000e+04 4.198007e-01 8.543045e-04 8.825339e-03 1.171756e-01
1.020000e+02 2.060000e+04 3.917790e-01 8.252543e-04 8.778133e-03 1.165521e-01
1.030000e+02 2.080000e+04 3.656278e-01 7.984903e-04 8.688202e-03 1.153604e-01
1.040000e+02 2.100000e+04 3.412221e-01 7.738151e-04 8.581231e-03 1.139420e-01
1.050000e+02 2.120000e+04 3.184456e-01 7.510406e-04 8.466815e-03 1.124245e-01
1.060000e+02 2.140000e+04 2.971894e-01 7.299946e-04 8.348777e-03 1.108585e-01
1.070000e+02 2.160000e+04 2.773519e-01 7.105223e-04 8.229043e-03 1.092698e-01
1.080000e+02 2.180000e+04 2.588387e-01 6.924849e-04 8.108881e-03 1.076753e-01
1.090000e+02 2.200000e+04 2.415613e-01 6.757581e-04 7.989263e-03 1.060877e-01
1.100000e+02 2.220000e+04 2.254370e-01 6.602301e-04 7.870967e-03 1.045177e-01
1.110000e+02 2.240000e+04 2.103891e-01 6.458007e-04 7.754626e-03 1.029734e-01
1.120000e+02 2.260000e+04 1.963456e-01 6.323792e-04 7.640746e-03 1.014617e-01
1.130000e+02 2.280000e+04 1.832396e-01 6.198842e-04 7.529723e-03 9.998785e-02
1.140000e+02 2.300000e+04 1.710084e-01 6.082416e-04 7.421862e-03 9.855593e-02
1.150000e+02 2.320000e+04 1.595935e-01 5.973846e-04 7.317391e-03 9.716895e-02
1.160000e+02 2.340000e+04 1.489407e-01 5.872524e-04 7.216470e-03 9.582904e-02
1.170000e+02 2.360000e+04 1.389989e-01 5.777898e-04 7.119202e-03 9.453760e-02
1.180000e+02 2.380000e+04 1.297207e-01 5.689466e-04 7.025645e-03 9.329540e-02
1.190000e+02 2.400000e+04 1.210619e-01 5.606767e-04 6.935818e-03 9.210270e-02
1.200000e+02 2.420000e+04 1.129810e-01 5.529383e-04 6.849709e-03 9.095933e-02
1.210000e+02 2.440000e+04 1.054395e-01 5.456932e-04 6.767278e-03 8.986479e-02
1.220000e+02 2.460000e+04 9.840144e-02 5.389061e-04 6.688467e-03 8.881829e-02
1.230000e+02 2.480000e+04 9.183311e-02 5.325448e-04 6.613199e-03 8.781882e-02
1.240000e+02 2.500000e+04 8.570327e-02 5.265798e-04 6.541385e-03 8.686521e-02
1.250000e+02 2.520000e+04 7.998259e-02 5.209838e-04 6.472928e-03 8.595616e-02
1.260000e+02 2.540000e+04 7.464374e-02 5.157317e-04 6.407722e-03 8.509026e-02
1.270000e+02 2.560000e+04 6.966128e-02 5.108004e-04 6.345656e-03 8.426606e-02
1.280000e+02 2.580000e+04 6.501139e-02 5.061686e-04 6.286616e-03 8.348203e-02
1.290000e+02 2.600000e+04 6.067188e-02 5.018165e-04 6.230487e-03 8.273665e-02
1.300000e+02 2.620000e+04 5.662203e-02 4.977258e-04 6.177153e-03 8.202839e-02
1.310000e+02 2.640000e+04 5.284251e-02 4.938797e-04 6.126498e-03 8.135569e-02
1.320000e+02 2.660000e+04 4.931528e-02 4.902625e-04 6.078408e-03 8.071706e-02
1.330000e+02 2.680000e+04 4.602349e-02 4.868596e-04 6.032771e-03 8.011099e-02
1.340000e+02 2.700000e+04 4.295142e-02 4.836574e-04 5.989476e-03 7.953603e-02
1.350000e+02 2.720000e+04 4.008441e-02 4.806435e-04 5.948417e-03 7.899075e-02
1.360000e+02 2.740000e+04 3.740878e-02 4.778061e-04 5.909489e-03 7.847378e-02
1.370000e+02 2.760000e+04 3.491175e-02 4.751343e-04 5.872592e-03 7.798377e-02
1.380000e+02 2.780000e+04 3.258139e-02 4.726180e-04 5.837629e-03 7.751944e-02
1.390000e+02 2.800000e+04 3.040658e-02 4.702477e-04 5.804504e-03 7.707953e-02
1.400000e+02 2.820000e+04 2.837694e-02 4.680146e-04 5.773130e-03 7.666286e-02
1.410000e+02 2.840000e+04 2.648278e-02 4.659103e-04 5.743418e-03 7.626827e-02
1.420000e+02 2.860000e+04 2.471506e-02 4.639272e-04 5.715286e-03 7.589466e-02
1.430000e+02 2.880000e+04 2.306533e-02 4.620581e-04 5.688654e-03 7.554097e-02
1.440000e+02 2.900000e+04 2.152572e-02 4.602961e-04 5.663447e-03 7.520619e-02
1.450000e+02 2.920000e+04 2.008888e-02 4.586350e-04 5.639591e-03 7.488937e-02
1.460000e+02 2.940000e+04 1.874794e-02 4.570688e-04 5.617018e-03 7.458958e-02
1.470000e+02 2.960000e+04 1.749652e-02 4.555920e-04 5.595661e-03 7.430594e-02
1.480000e+02 2.980000e+04 1.632863e-02 4.541993e-04 5.575457e-03 7.403762e-02
1.490000e+02 3.000000e+04 1.523870e-02 4.528858e-04 5.556346e-03 7.378381e-02