0.000231481 day
# index velocity (km/s) density (g/cm^3) 56ni_mass_fraction 52fe_mass_fraction 48cr_mass_fraction
0.000000e+00 2.000000e+02 4.105561e+02 9.891197e-01 9.891197e-03 9.891197e-04
1.000000e+00 4.000000e+02 3.831515e+02 9.891197e-01 9.891197e-03 9.891197e-04
2.000000e+00 6.000000e+02 3.575761e+02 9.891197e-01 9.891197e-03 9.891197e-04
3.000000e+00 8.000000e+02 3.337080e+02 9.891197e-01 9.891197e-03 9.891197e-04
4.000000e+00 1.000000e+03 3.114330e+02 9.891197e-01 9.891197e-03 9.891197e-04
5.000000e+00 1.200000e+03 2.906448e+02 9.891197e-01 9.891197e-03 9.891197e-04
6.000000e+00 1.400000e+03 2.712443e+02 9.891197e-01 9.891197e-03 9.891197e-04
7.000000e+00 1.600000e+03 2.531387e+02 9.891197e-01 9.891197e-03 9.891197e-04
8.000000e+00 1.800000e+03 2.362417e+02 9.891197e-01 9.891197e-03 9.891197e-04
9.000000e+00 2.000000e+03 2.204726e+02 9.891197e-01 9.891197e-03 9.891197e-04
1.000000e+01 2.200000e+03 2.057560e+02 9.891197e-01 9.891197e-03 9.891197e-04
1.100000e+01 2.400000e+03 1.920218e+02 9.891197e-01 9.891197e-03 9.891197e-04
1.200000e+01 2.600000e+03 1.792044e+02 9.891197e-01 9.891197e-03 9.891197e-04
1.300000e+01 2.800000e+03 1.672425e+02 9.891197e-01 9.891197e-03 9.891197e-04
1.400000e+01 3.000000e+03 1.560791e+02 9.891197e-01 9.891197e-03 9.891197e-04
1.500000e+01 3.200000e+03 1.456608e+02 9.891197e-01 9.891197e-03 9.891197e-04
1.600000e+01 3.400000e+03 1.359379e+02 9.891197e-01 9.891197e-03 9.891197e-04
1.700000e+01 3.600000e+03 1.268641e+02 9.891197e-01 9.891197e-03 9.891197e-04
1.800000e+01 3.800000e+03 1.183959e+02 9.891197e-01 9.891197e-03 9.891197e-04
1.900000e+01 4.000000e+03 1.104930e+02 9.891197e-01 9.891197e-03 9.891197e-04
2.000000e+01 4.200000e+03 1.031176e+02 9.891197e-01 9.891197e-03 9.891197e-04
2.100000e+01 4.400000e+03 9.623450e+01 9.891197e-01 9.891197e-03 9.891197e-04
2.200000e+01 4.600000e+03 8.981085e+01 9.891197e-01 9.891197e-03 9.891197e-04
2.300000e+01 4.800000e+03 8.381601e+01 9.891197e-01 9.891197e-03 9.891197e-04
2.400000e+01 5.000000e+03 7.822127e+01 9.891197e-01 9.891197e-03 9.891197e-04
2.500000e+01 5.200000e+03 7.299999e+01 9.891197e-01 9.891197e-03 9.891197e-04
2.600000e+01 5.400000e+03 6.812724e+01 9.891197e-01 9.891197e-03 9.891197e-04
2.700000e+01 5.600000e+03 6.357975e+01 9.891197e-01 9.891197e-03 9.891197e-04
2.800000e+01 5.800000e+03 5.933581e+01 9.810986e-01 9.810986e-03 9.810986e-04
2.900000e+01 6.000000e+03 5.537514e+01 9.632004e-01 9.632004e-03 9.632004e-04
3.000000e+01 6.200000e+03 5.167885e+01 9.375294e-01 9.375294e-03 9.375294e-04
3.100000e+01 6.400000e+03 4.822929e+01 9.015931e-01 9.015931e-03 9.015931e-04
3.200000e+01 6.600000e+03 4.500999e+01 8.529099e-01 8.529099e-03 8.529099e-04
3.300000e+01 6.800000e+03 4.200557e+01 7.897242e-01 7.897242e-03 7.897242e-04
3.400000e+01 7.000000e+03 3.920170e+01 7.119991e-01 7.119991e-03 7.119991e-04
3.500000e+01 7.200000e+03 3.658499e+01 6.222967e-01 6.222967e-03 6.222967e-04
3.600000e+01 7.400000e+03 3.414294e+01 5.258949e-01 5.258949e-03 5.258949e-04
3.700000e+01 7.600000e+03 3.186390e+01 4.297157e-01 4.297157e-03 4.297157e-04
3.800000e+01 7.800000e+03 2.973699e+01 3.404269e-01 3.404269e-03 3.404269e-04
3.900000e+01 8.000000e+03 2.775204e+01 2.627379e-01 2.627379e-03 2.627379e-04
4.000000e+01 8.200000e+03 2.589960e+01 1.987206e-01 1.987206e-03 1.987206e-04
4.100000e+01 8.400000e+03 2.417079e+01 1.481774e-01 1.481774e-03 1.481774e-04
4.200000e+01 8.600000e+03 2.255739e+01 1.095149e-01 1.095149e-03 1.095149e-04
4.300000e+01 8.800000e+03 2.105170e+01 8.058370e-02 8.058370e-04 8.058370e-05
4.400000e+01 9.000000e+03 1.964649e+01 5.923999e-02 5.923999e-04 5.923999e-05
4.500000e+01 9.200000e+03 1.833509e+01 4.362287e-02 4.362287e-04 4.362287e-05
4.600000e+01 9.400000e+03 1.711122e+01 3.223881e-02 3.223881e-04 3.223881e-05
4.700000e+01 9.600000e+03 1.596905e+01 2.394468e-02 2.394468e-04 2.394468e-05
4.800000e+01 9.800000e+03 1.490312e+01 1.789078e-02 1.789078e-04 1.789078e-05
4.900000e+01 1.000000e+04 1.390833e+01 1.345661e-02 1.345661e-04 1.345661e-05
5.000000e+01 1.020000e+04 1.297995e+01 1.019365e-02 1.019365e-04 1.019365e-05
5.100000e+01 1.040000e+04 1.211354e+01 7.779381e-03 7.779381e-05 7.779381e-06
5.200000e+01 1.060000e+04 1.130496e+01 5.982250e-03 5.982250e-05 5.982250e-06
5.300000e+01 1.080000e+04 1.055035e+01 4.635899e-03 4.635899e-05 4.635899e-06
5.400000e+01 1.100000e+04 9.846121e+00 3.620523e-03 3.620523e-05 3.620523e-06
5.500000e+01 1.120000e+04 9.188895e+00 2.849533e-03 2.849533e-05 2.849533e-06
5.600000e+01 1.140000e+04 8.575531e+00 2.260071e-03 2.260071e-05 2.260071e-06
5.700000e+01 1.160000e+04 8.003115e+00 1.806279e-03 1.806279e-05 1.806279e-06
5.800000e+01 1.180000e+04 7.468911e+00 1.454523e-03 1.454523e-05 1.454523e-06
5.900000e+01 1.200000e+04 6.970360e+00 1.179996e-03 1.179996e-05 1.179996e-06
6.000000e+01 1.220000e+04 6.505088e+00 9.642944e-04 9.642944e-06 9.642944e-07
6.100000e+01 1.240000e+04 6.070874e+00 7.936842e-04 7.936842e-06 7.936842e-07
6.200000e+01 1.260000e+04 5.665643e+00 6.578560e-04 6.578560e-06 6.578560e-07
6.300000e+01 1.280000e+04 5.287462e+00 5.490248e-04 5.490248e-06 5.490248e-07
6.400000e+01 1.300000e+04 4.934524e+00 4.612768e-04 4.612768e-06 4.612768e-07
6.500000e+01 1.320000e+04 4.605144e+00 3.900932e-04 3.900932e-06 3.900932e-07
6.600000e+01 1.340000e+04 4.297751e+00 3.320012e-04 3.320012e-06 3.320012e-07
6.700000e+01 1.360000e+04 4.010876e+00 2.843161e-04 2.843161e-06 2.843161e-07
6.800000e+01 1.380000e+04 3.743150e+00 2.449512e-04 2.449512e-06 2.449512e-07
6.900000e+01 1.400000e+04 3.493295e+00 2.122752e-04 2.122752e-06 2.122752e-07
7.000000e+01 1.420000e+04 3.260118e+00 1.850060e-04 1.850060e-06 1.850060e-07
7.100000e+01 1.440000e+04 3.042505e+00 1.621305e-04 1.621305e-06 1.621305e-07
7.200000e+01 1.460000e+04 2.839418e+00 1.428440e-04 1.428440e-06 1.428440e-07
7.300000e+01 1.480000e+04 2.649887e+00 1.265039e-04 1.265039e-06 1.265039e-07
7.400000e+01 1.500000e+04 2.473007e+00 1.125947e-04 1.125947e-06 1.125947e-07
7.500000e+01 1.520000e+04 2.307934e+00 1.007006e-04 1.007006e-06 1.007006e-07
7.600000e+01 1.540000e+04 2.153880e+00 9.048473e-05 9.048473e-07 9.048473e-08
7.700000e+01 1.560000e+04 2.010108e+00 8.167297e-05 8.167297e-07 8.167297e-08
7.800000e+01 1.580000e+04 1.875933e+00 7.404108e-05 7.404108e-07 7.404108e-08
7.900000e+01 1.600000e+04 1.750715e+00 6.740487e-05 6.740487e-07 6.740487e-08
8.000000e+01 1.620000e+04 1.633855e+00 6.161242e-05 6.161242e-07 6.161242e-08
8.100000e+01 1.640000e+04 1.524795e+00 5.653786e-05 5.653786e-07 5.653786e-08
8.200000e+01 1.660000e+04 1.423015e+00 5.207652e-05 5.207652e-07 5.207652e-08
8.300000e+01 1.680000e+04 1.328028e+00 4.814095e-05 4.814095e-07 4.814095e-08
8.400000e+01 1.700000e+04 1.239383e+00 4.465785e-05 4.465785e-07 4.465795e-08
8.500000e+01 1.720000e+04 1.156654e+00 4.156553e-05 4.156580e-07 4.160181e-08
8.600000e+01 1.740000e+04 1.079447e+00 3.881188e-05 3.885202e-07 4.414673e-08
8.700000e+01 1.760000e+04 1.007394e+00 3.635275e-05 3.891320e-07 3.766346e-07
8.800000e+01 1.780000e+04 9.401508e-01 3.415126e-05 1.120715e-06 1.038971e-05
8.900000e+01 1.800000e+04 8.773959e-01 3.218541e-05 1.267096e-05 1.641511e-04
9.000000e+01 1.820000e+04 8.188295e-01 3.050331e-05 1.108207e-04 1.468777e-03
9.100000e+01 1.840000e+04 7.641727e-01 2.938759e-05 6.025039e-04 8.003369e-03
9.200000e+01 1.860000e+04 7.131642e-01 2.947390e-05 2.145275e-03 2.850670e-02
9.300000e+01 1.880000e+04 6.655605e-01 3.134848e-05 5.344385e-03 7.102245e-02
9.400000e+01 1.900000e+04 6.211344e-01 3.474182e-05 9.944970e-03 1.321635e-01
9.500000e+01 1.920000e+04 5.796736e-01 3.843080e-05 1.473429e-02 1.958129e-01
9.600000e+01 1.940000e+04 5.409804e-01 4.117110e-05 1.847667e-02 2.455486e-01
9.700000e+01 1.960000e+04 5.048701e-01 4.250709e-05 2.072554e-02 2.754357e-01
9.800000e+01 1.980000e+04 4.711700e-01 4.270320e-05 2.175482e-02 2.891147e-01
9.900000e+01 2.000000e+04 4.397194e-01 4.224277e-05 2.205681e-02 2.931282e-01
1.000000e+02 2.020000e+04 4.103681e-01 4.149555e-05 2.200901e-02 2.924931e-01
1.010000e+02 2.040000e+04 3.829761e-01 4.065829e-05 2.181470e-02 2.899109e-01
1.020000e+02 2.060000e+04 3.574124e-01 3.981351e-05 2.156200e-02 2.865526e-01
1.030000e+02 2.080000e+04 3.335552e-01 3.899017e-05 2.128469e-02 2.828673e-01
1.040000e+02 2.100000e+04 3.112904e-01 3.819700e-05 2.099578e-02 2.790277e-01
1.050000e+02 2.120000e+04 2.905117e-01 3.743613e-05 2.070118e-02 2.751126e-01
1.060000e+02 2.140000e+04 2.711201e-01 3.670774e-05 2.040445e-02 2.711692e-01
1.070000e+02 2.160000e+04 2.530228e-01 3.601141e-05 2.010820e-02 2.672321e-01
1.080000e+02 2.180000e+04 2.361336e-01 3.534649e-05 1.981449e-02 2.633289e-01
1.090000e+02 2.200000e+04 2.203717e-01 3.471222e-05 1.952500e-02 2.594817e-01
1.100000e+02 2.220000e+04 2.056619e-01 3.410776e-05 1.924109e-02 2.557086e-01
1.110000e+02 2.240000e+04 1.919340e-01 3.353219e-05 1.896383e-02 2.520238e-01
1.120000e+02 2.260000e+04 1.791223e-01 3.298457e-05 1.869404e-02 2.484384e-01
1.130000e+02 2.280000e+04 1.671660e-01 3.246391e-05 1.843236e-02 2.449608e-01
1.140000e+02 2.300000e+04 1.560076e-01 3.196918e-05 1.817925e-02 2.415970e-01
1.150000e+02 2.320000e+04 1.455941e-01 3.149938e-05 1.793501e-02 2.383512e-01
1.160000e+02 2.340000e+04 1.358757e-01 3.105346e-05 1.769985e-02 2.352259e-01
1.170000e+02 2.360000e+04 1.268060e-01 3.063042e-05 1.747383e-02 2.322223e-01
1.180000e+02 2.380000e+04 1.183417e-01 3.022925e-05 1.725698e-02 2.293403e-01
1.190000e+02 2.400000e+04 1.104424e-01 2.984895e-05 1.704921e-02 2.265791e-01
1.200000e+02 2.420000e+04 1.030704e-01 2.948856e-05 1.685040e-02 2.239371e-01
1.210000e+02 2.440000e+04 9.619042e-02 2.914714e-05 1.666040e-02 2.214120e-01
1.220000e+02 2.460000e+04 8.976974e-02 2.882377e-05 1.647899e-02 2.190012e-01
1.230000e+02 2.480000e+04 8.377757e-02 2.851756e-05 1.630596e-02 2.167015e-01
1.240000e+02 2.500000e+04 7.818544e-02 2.822768e-05 1.614104e-02 2.145098e-01
1.250000e+02 2.520000e+04 7.296657e-02 2.795330e-05 1.598397e-02 2.124224e-01
1.260000e+02 2.540000e+04 6.809605e-02 2.769364e-05 1.583448e-02 2.104357e-01
1.270000e+02 2.560000e+04 6.355064e-02 2.744793e-05 1.569229e-02 2.085461e-01
1.280000e+02 2.580000e+04 5.930864e-02 2.721547e-05 1.555711e-02 2.067496e-01
1.290000e+02 2.600000e+04 5.534979e-02 2.699556e-05 1.542867e-02 2.050427e-01
1.300000e+02 2.620000e+04 5.165519e-02 2.678755e-05 1.530668e-02 2.034214e-01
1.310000e+02 2.640000e+04 4.820721e-02 2.659081e-05 1.519086e-02 2.018823e-01
1.320000e+02 2.660000e+04 4.498938e-02 2.640476e-05 1.508095e-02 2.004215e-01
1.330000e+02 2.680000e+04 4.198634e-02 2.622881e-05 1.497667e-02 1.990357e-01
1.340000e+02 2.700000e+04 3.918375e-02 2.606244e-05 1.487777e-02 1.977214e-01
1.350000e+02 2.720000e+04 3.656824e-02 2.590514e-05 1.478400e-02 1.964751e-01
1.360000e+02 2.740000e+04 3.412731e-02 2.575642e-05 1.469511e-02 1.952938e-01
1.370000e+02 2.760000e+04 3.184931e-02 2.561582e-05 1.461087e-02 1.941743e-01
1.380000e+02 2.780000e+04 2.972337e-02 2.548291e-05 1.453106e-02 1.931136e-01
1.390000e+02 2.800000e+04 2.773934e-02 2.535726e-05 1.445545e-02 1.921088e-01
1.400000e+02 2.820000e+04 2.588774e-02 2.523850e-05 1.438384e-02 1.911572e-01
1.410000e+02 2.840000e+04 2.415973e-02 2.512624e-05 1.431604e-02 1.902561e-01
1.420000e+02 2.860000e+04 2.254707e-02 2.502014e-05 1.425184e-02 1.894029e-01
1.430000e+02 2.880000e+04 2.104205e-02 2.491986e-05 1.419107e-02 1.885953e-01
1.440000e+02 2.900000e+04 1.963750e-02 2.482510e-05 1.413355e-02 1.878309e-01
1.450000e+02 2.920000e+04 1.832669e-02 2.473554e-05 1.407912e-02 1.871075e-01
1.460000e+02 2.940000e+04 1.710339e-02 2.465090e-05 1.402762e-02 1.864231e-01
1.470000e+02 2.960000e+04 1.596174e-02 2.457093e-05 1.397889e-02 1.857755e-01
1.480000e+02 2.980000e+04 1.489629e-02 2.449536e-05 1.393279e-02 1.851629e-01
1.490000e+02 3.000000e+04 1.390197e-02 2.442396e-05 1.388919e-02 1.845834e-01