0.000231481 day
# index velocity (km/s) density (g/cm^3) 56ni_mass_fraction 52fe_mass_fraction 48cr_mass_fraction
0.000000e+00 2.000000e+02 5.013522e+02 9.891197e-01 9.891197e-03 9.891197e-04
1.000000e+00 4.000000e+02 4.678869e+02 9.891197e-01 9.891197e-03 9.891197e-04
2.000000e+00 6.000000e+02 4.366555e+02 9.891197e-01 9.891197e-03 9.891197e-04
3.000000e+00 8.000000e+02 4.075088e+02 9.891197e-01 9.891197e-03 9.891197e-04
4.000000e+00 1.000000e+03 3.803076e+02 9.891197e-01 9.891197e-03 9.891197e-04
5.000000e+00 1.200000e+03 3.549220e+02 9.891197e-01 9.891197e-03 9.891197e-04
6.000000e+00 1.400000e+03 3.312310e+02 9.891197e-01 9.891197e-03 9.891197e-04
7.000000e+00 1.600000e+03 3.091213e+02 9.891197e-01 9.891197e-03 9.891197e-04
8.000000e+00 1.800000e+03 2.884875e+02 9.891197e-01 9.891197e-03 9.891197e-04
9.000000e+00 2.000000e+03 2.692310e+02 9.891197e-01 9.891197e-03 9.891197e-04
1.000000e+01 2.200000e+03 2.512598e+02 9.891197e-01 9.891197e-03 9.891197e-04
1.100000e+01 2.400000e+03 2.344882e+02 9.891197e-01 9.891197e-03 9.891197e-04
1.200000e+01 2.600000e+03 2.188362e+02 9.891197e-01 9.891197e-03 9.891197e-04
1.300000e+01 2.800000e+03 2.042289e+02 9.891197e-01 9.891197e-03 9.891197e-04
1.400000e+01 3.000000e+03 1.905966e+02 9.891197e-01 9.891197e-03 9.891197e-04
1.500000e+01 3.200000e+03 1.778742e+02 9.891197e-01 9.891197e-03 9.891197e-04
1.600000e+01 3.400000e+03 1.660011e+02 9.891197e-01 9.891197e-03 9.891197e-04
1.700000e+01 3.600000e+03 1.549205e+02 9.891197e-01 9.891197e-03 9.891197e-04
1.800000e+01 3.800000e+03 1.445796e+02 9.891197e-01 9.891197e-03 9.891197e-04
1.900000e+01 4.000000e+03 1.349289e+02 9.891197e-01 9.891197e-03 9.891197e-04
2.000000e+01 4.200000e+03 1.259224e+02 9.891197e-01 9.891197e-03 9.891197e-04
2.100000e+01 4.400000e+03 1.175171e+02 9.891197e-01 9.891197e-03 9.891197e-04
2.200000e+01 4.600000e+03 1.096729e+02 9.891197e-01 9.891197e-03 9.891197e-04
2.300000e+01 4.800000e+03 1.023522e+02 9.891197e-01 9.891197e-03 9.891197e-04
2.400000e+01 5.000000e+03 9.552021e+01 9.891197e-01 9.891197e-03 9.891197e-04
2.500000e+01 5.200000e+03 8.914422e+01 9.891197e-01 9.891197e-03 9.891197e-04
2.600000e+01 5.400000e+03 8.319384e+01 9.891197e-01 9.891197e-03 9.891197e-04
2.700000e+01 5.600000e+03 7.764066e+01 9.891197e-01 9.891197e-03 9.891197e-04
2.800000e+01 5.800000e+03 7.245815e+01 9.891197e-01 9.891197e-03 9.891197e-04
2.900000e+01 6.000000e+03 6.762157e+01 9.891197e-01 9.891197e-03 9.891197e-04
3.000000e+01 6.200000e+03 6.310783e+01 9.891197e-01 9.891197e-03 9.891197e-04
3.100000e+01 6.400000e+03 5.889539e+01 9.891197e-01 9.891197e-03 9.891197e-04
3.200000e+01 6.600000e+03 5.496412e+01 9.891197e-01 9.891197e-03 9.891197e-04
3.300000e+01 6.800000e+03 5.129526e+01 9.891197e-01 9.891197e-03 9.891197e-04
3.400000e+01 7.000000e+03 4.787131e+01 9.891197e-01 9.891197e-03 9.891197e-04
3.500000e+01 7.200000e+03 4.467590e+01 9.891197e-01 9.891197e-03 9.891197e-04
3.600000e+01 7.400000e+03 4.169378e+01 9.891197e-01 9.891197e-03 9.891197e-04
3.700000e+01 7.600000e+03 3.891072e+01 9.891197e-01 9.891197e-03 9.891197e-04
3.800000e+01 7.800000e+03 3.631343e+01 9.891197e-01 9.891197e-03 9.891197e-04
3.900000e+01 8.000000e+03 3.388951e+01 9.891197e-01 9.891197e-03 9.891197e-04
4.000000e+01 8.200000e+03 3.162739e+01 9.891197e-01 9.891197e-03 9.891197e-04
4.100000e+01 8.400000e+03 2.951626e+01 9.891197e-01 9.891197e-03 9.891197e-04
4.200000e+01 8.600000e+03 2.754605e+01 9.891197e-01 9.891197e-03 9.891197e-04
4.300000e+01 8.800000e+03 2.570736e+01 9.891197e-01 9.891197e-03 9.891197e-04
4.400000e+01 9.000000e+03 2.399139e+01 9.891197e-01 9.891197e-03 9.891197e-04
4.500000e+01 9.200000e+03 2.238996e+01 9.891197e-01 9.891197e-03 9.891197e-04
4.600000e+01 9.400000e+03 2.089543e+01 9.891197e-01 9.891197e-03 9.891197e-04
4.700000e+01 9.600000e+03 1.950067e+01 9.891197e-01 9.891197e-03 9.891197e-04
4.800000e+01 9.800000e+03 1.819900e+01 9.891197e-01 9.891197e-03 9.891197e-04
4.900000e+01 1.000000e+04 1.698421e+01 9.891197e-01 9.891197e-03 9.891197e-04
5.000000e+01 1.020000e+04 1.585052e+01 9.891197e-01 9.891197e-03 9.891197e-04
5.100000e+01 1.040000e+04 1.479250e+01 9.891197e-01 9.891197e-03 9.891197e-04
5.200000e+01 1.060000e+04 1.380510e+01 9.891197e-01 9.891197e-03 9.891197e-04
5.300000e+01 1.080000e+04 1.288361e+01 9.891197e-01 9.891197e-03 9.891197e-04
5.400000e+01 1.100000e+04 1.202363e+01 9.891197e-01 9.891197e-03 9.891197e-04
5.500000e+01 1.120000e+04 1.122105e+01 9.871832e-01 9.871832e-03 9.871832e-04
5.600000e+01 1.140000e+04 1.047204e+01 9.813827e-01 9.813827e-03 9.813827e-04
5.700000e+01 1.160000e+04 9.773034e+00 9.740721e-01 9.740721e-03 9.740721e-04
5.800000e+01 1.180000e+04 9.120689e+00 9.649815e-01 9.649815e-03 9.649815e-04
5.900000e+01 1.200000e+04 8.511882e+00 9.538341e-01 9.538341e-03 9.538341e-04
6.000000e+01 1.220000e+04 7.943714e+00 9.403612e-01 9.403612e-03 9.403612e-04
6.100000e+01 1.240000e+04 7.413471e+00 9.243201e-01 9.243201e-03 9.243201e-04
6.200000e+01 1.260000e+04 6.918622e+00 9.055160e-01 9.055160e-03 9.055160e-04
6.300000e+01 1.280000e+04 6.456804e+00 8.838238e-01 8.838238e-03 8.838238e-04
6.400000e+01 1.300000e+04 6.025812e+00 8.592090e-01 8.592090e-03 8.592090e-04
6.500000e+01 1.320000e+04 5.623589e+00 8.317437e-01 8.317437e-03 8.317437e-04
6.600000e+01 1.340000e+04 5.248215e+00 8.016143e-01 8.016143e-03 8.016143e-04
6.700000e+01 1.360000e+04 4.897897e+00 7.691201e-01 7.691201e-03 7.691201e-04
6.800000e+01 1.380000e+04 4.570962e+00 7.346610e-01 7.346610e-03 7.346610e-04
6.900000e+01 1.400000e+04 4.265851e+00 6.987149e-01 6.987149e-03 6.987149e-04
7.000000e+01 1.420000e+04 3.981105e+00 6.618084e-01 6.618084e-03 6.618084e-04
7.100000e+01 1.440000e+04 3.715367e+00 6.244845e-01 6.244845e-03 6.244845e-04
7.200000e+01 1.460000e+04 3.467366e+00 5.872702e-01 5.872702e-03 5.872702e-04
7.300000e+01 1.480000e+04 3.235920e+00 5.506491e-01 5.506491e-03 5.506491e-04
7.400000e+01 1.500000e+04 3.019922e+00 5.150412e-01 5.150412e-03 5.150412e-04
7.500000e+01 1.520000e+04 2.818342e+00 4.807901e-01 4.807901e-03 4.807901e-04
7.600000e+01 1.540000e+04 2.630218e+00 4.481585e-01 4.481585e-03 4.481585e-04
7.700000e+01 1.560000e+04 2.454651e+00 4.173299e-01 4.173299e-03 4.173299e-04
7.800000e+01 1.580000e+04 2.290803e+00 3.884153e-01 3.884153e-03 3.884153e-04
7.900000e+01 1.600000e+04 2.137892e+00 3.614634e-01 3.614635e-03 3.614636e-04
8.000000e+01 1.620000e+04 1.995188e+00 3.364711e-01 3.364793e-03 3.364855e-04
8.100000e+01 1.640000e+04 1.862009e+00 3.133983e-01 3.136150e-03 3.137797e-04
8.200000e+01 1.660000e+04 1.737720e+00 2.922097e-01 2.953579e-03 2.977499e-04
8.300000e+01 1.680000e+04 1.621727e+00 2.730817e-01 2.999398e-03 3.203462e-04
8.400000e+01 1.700000e+04 1.513477e+00 2.569932e-01 4.009340e-03 5.102979e-04
8.500000e+01 1.720000e+04 1.412452e+00 2.462543e-01 7.627388e-03 1.155155e-03
8.600000e+01 1.740000e+04 1.318171e+00 2.433551e-01 1.562101e-02 2.564063e-03
8.700000e+01 1.760000e+04 1.230184e+00 2.480484e-01 2.789849e-02 4.721067e-03
8.800000e+01 1.780000e+04 1.148069e+00 2.562160e-01 4.173729e-02 7.150188e-03
8.900000e+01 1.800000e+04 1.071435e+00 2.626363e-01 5.366210e-02 9.243819e-03
9.000000e+01 1.820000e+04 9.999168e-01 2.644475e-01 6.179544e-02 1.067373e-02
9.100000e+01 1.840000e+04 9.331725e-01 2.618133e-01 6.630898e-02 1.147002e-02
9.200000e+01 1.860000e+04 8.708832e-01 2.563617e-01 6.836376e-02 1.183576e-02
9.300000e+01 1.880000e+04 8.127518e-01 2.496612e-01 6.907576e-02 1.196615e-02
9.400000e+01 1.900000e+04 7.585007e-01 2.426727e-01 6.914371e-02 1.198341e-02
9.500000e+01 1.920000e+04 7.078707e-01 2.358398e-01 6.891105e-02 1.194766e-02
9.600000e+01 1.940000e+04 6.606204e-01 2.293221e-01 6.852434e-02 1.188456e-02
9.700000e+01 1.960000e+04 6.165240e-01 2.231582e-01 6.804419e-02 1.180475e-02
9.800000e+01 1.980000e+04 5.753711e-01 2.173437e-01 6.749885e-02 1.171320e-02
9.900000e+01 2.000000e+04 5.369651e-01 2.118622e-01 6.690513e-02 1.161288e-02
1.000000e+02 2.020000e+04 5.011226e-01 2.066948e-01 6.627536e-02 1.150598e-02
1.010000e+02 2.040000e+04 4.676727e-01 2.018228e-01 6.561967e-02 1.139430e-02
1.020000e+02 2.060000e+04 4.364555e-01 1.972288e-01 6.494661e-02 1.127934e-02
1.030000e+02 2.080000e+04 4.073222e-01 1.928964e-01 6.426347e-02 1.116242e-02
1.040000e+02 2.100000e+04 3.801334e-01 1.888104e-01 6.357643e-02 1.104462e-02
1.050000e+02 2.120000e+04 3.547595e-01 1.849564e-01 6.289067e-02 1.092687e-02
1.060000e+02 2.140000e+04 3.310794e-01 1.813209e-01 6.221054e-02 1.080994e-02
1.070000e+02 2.160000e+04 3.089798e-01 1.778913e-01 6.153962e-02 1.069448e-02
1.080000e+02 2.180000e+04 2.883554e-01 1.746558e-01 6.088081e-02 1.058100e-02
1.090000e+02 2.200000e+04 2.691077e-01 1.716032e-01 6.023646e-02 1.046993e-02
1.100000e+02 2.220000e+04 2.511448e-01 1.687230e-01 5.960842e-02 1.036160e-02
1.110000e+02 2.240000e+04 2.343809e-01 1.660052e-01 5.899812e-02 1.025626e-02
1.120000e+02 2.260000e+04 2.187359e-01 1.634406e-01 5.840661e-02 1.015412e-02
1.130000e+02 2.280000e+04 2.041354e-01 1.610204e-01 5.783464e-02 1.005530e-02
1.140000e+02 2.300000e+04 1.905093e-01 1.587363e-01 5.728270e-02 9.959907e-03
1.150000e+02 2.320000e+04 1.777928e-01 1.565805e-01 5.675106e-02 9.867988e-03
1.160000e+02 2.340000e+04 1.659252e-01 1.545457e-01 5.623980e-02 9.779564e-03
1.170000e+02 2.360000e+04 1.548496e-01 1.526250e-01 5.574886e-02 9.694628e-03
1.180000e+02 2.380000e+04 1.445134e-01 1.508119e-01 5.527803e-02 9.613151e-03
1.190000e+02 2.400000e+04 1.348672e-01 1.491003e-01 5.482704e-02 9.535085e-03
1.200000e+02 2.420000e+04 1.258648e-01 1.474843e-01 5.439548e-02 9.460369e-03
1.210000e+02 2.440000e+04 1.174633e-01 1.459585e-01 5.398293e-02 9.388928e-03
1.220000e+02 2.460000e+04 1.096227e-01 1.445179e-01 5.358888e-02 9.320677e-03
1.230000e+02 2.480000e+04 1.023053e-01 1.431576e-01 5.321279e-02 9.255528e-03
1.240000e+02 2.500000e+04 9.547645e-02 1.418730e-01 5.285411e-02 9.193385e-03
1.250000e+02 2.520000e+04 8.910341e-02 1.406599e-01 5.251226e-02 9.134147e-03
1.260000e+02 2.540000e+04 8.315575e-02 1.395142e-01 5.218663e-02 9.077714e-03
1.270000e+02 2.560000e+04 7.760511e-02 1.384322e-01 5.187662e-02 9.023982e-03
1.280000e+02 2.580000e+04 7.242497e-02 1.374103e-01 5.158164e-02 8.972848e-03
1.290000e+02 2.600000e+04 6.759061e-02 1.364450e-01 5.130109e-02 8.924210e-03
1.300000e+02 2.620000e+04 6.307893e-02 1.355333e-01 5.103437e-02 8.877966e-03
1.310000e+02 2.640000e+04 5.886841e-02 1.346721e-01 5.078090e-02 8.834016e-03
1.320000e+02 2.660000e+04 5.493895e-02 1.338586e-01 5.054012e-02 8.792261e-03
1.330000e+02 2.680000e+04 5.127178e-02 1.330901e-01 5.031146e-02 8.752606e-03
1.340000e+02 2.700000e+04 4.784939e-02 1.323642e-01 5.009438e-02 8.714956e-03
1.350000e+02 2.720000e+04 4.465544e-02 1.316784e-01 4.988836e-02 8.679222e-03
1.360000e+02 2.740000e+04 4.167469e-02 1.310306e-01 4.969289e-02 8.645316e-03
1.370000e+02 2.760000e+04 3.889291e-02 1.304185e-01 4.950748e-02 8.613152e-03
1.380000e+02 2.780000e+04 3.629681e-02 1.298403e-01 4.933164e-02 8.582649e-03
1.390000e+02 2.800000e+04 3.387400e-02 1.292941e-01 4.916494e-02 8.553727e-03
1.400000e+02 2.820000e+04 3.161291e-02 1.287781e-01 4.900692e-02 8.526311e-03
1.410000e+02 2.840000e+04 2.950275e-02 1.282906e-01 4.885716e-02 8.500327e-03
1.420000e+02 2.860000e+04 2.753344e-02 1.278300e-01 4.871526e-02 8.475706e-03
1.430000e+02 2.880000e+04 2.569558e-02 1.273949e-01 4.858084e-02 8.452381e-03
1.440000e+02 2.900000e+04 2.398040e-02 1.269839e-01 4.845351e-02 8.430287e-03
1.450000e+02 2.920000e+04 2.237971e-02 1.265956e-01 4.833293e-02 8.409363e-03
1.460000e+02 2.940000e+04 2.088587e-02 1.262288e-01 4.821876e-02 8.389550e-03
1.470000e+02 2.960000e+04 1.949173e-02 1.258823e-01 4.811067e-02 8.370791e-03
1.480000e+02 2.980000e+04 1.819067e-02 1.255549e-01 4.800836e-02 8.353035e-03
1.490000e+02 3.000000e+04 1.697644e-02 1.252457e-01 4.791152e-02 8.336229e-03