0.000231481 day
# index velocity (km/s) density (g/cm^3) 56ni_mass_fraction 52fe_mass_fraction 48cr_mass_fraction
0.000000e+00 2.000000e+02 3.987132e+02 9.891197e-01 9.891197e-03 9.891197e-04
1.000000e+00 4.000000e+02 3.720990e+02 9.891197e-01 9.891197e-03 9.891197e-04
2.000000e+00 6.000000e+02 3.472614e+02 9.891197e-01 9.891197e-03 9.891197e-04
3.000000e+00 8.000000e+02 3.240818e+02 9.891197e-01 9.891197e-03 9.891197e-04
4.000000e+00 1.000000e+03 3.024493e+02 9.891197e-01 9.891197e-03 9.891197e-04
5.000000e+00 1.200000e+03 2.822608e+02 9.891197e-01 9.891197e-03 9.891197e-04
6.000000e+00 1.400000e+03 2.634199e+02 9.891197e-01 9.891197e-03 9.891197e-04
7.000000e+00 1.600000e+03 2.458366e+02 9.891197e-01 9.891197e-03 9.891197e-04
8.000000e+00 1.800000e+03 2.294271e+02 9.891197e-01 9.891197e-03 9.891197e-04
9.000000e+00 2.000000e+03 2.141128e+02 9.891197e-01 9.891197e-03 9.891197e-04
1.000000e+01 2.200000e+03 1.998208e+02 9.891197e-01 9.891197e-03 9.891197e-04
1.100000e+01 2.400000e+03 1.864827e+02 9.891197e-01 9.891197e-03 9.891197e-04
1.200000e+01 2.600000e+03 1.740351e+02 9.891197e-01 9.891197e-03 9.891197e-04
1.300000e+01 2.800000e+03 1.624182e+02 9.891197e-01 9.891197e-03 9.891197e-04
1.400000e+01 3.000000e+03 1.515768e+02 9.891197e-01 9.891197e-03 9.891197e-04
1.500000e+01 3.200000e+03 1.414590e+02 9.891197e-01 9.891197e-03 9.891197e-04
1.600000e+01 3.400000e+03 1.320167e+02 9.891197e-01 9.891197e-03 9.891197e-04
1.700000e+01 3.600000e+03 1.232045e+02 9.891197e-01 9.891197e-03 9.891197e-04
1.800000e+01 3.800000e+03 1.149806e+02 9.891197e-01 9.891197e-03 9.891197e-04
1.900000e+01 4.000000e+03 1.073057e+02 9.891197e-01 9.891197e-03 9.891197e-04
2.000000e+01 4.200000e+03 1.001430e+02 9.891197e-01 9.891197e-03 9.891197e-04
2.100000e+01 4.400000e+03 9.345851e+01 9.891197e-01 9.891197e-03 9.891197e-04
2.200000e+01 4.600000e+03 8.722015e+01 9.891197e-01 9.891197e-03 9.891197e-04
2.300000e+01 4.800000e+03 8.139824e+01 9.891197e-01 9.891197e-03 9.891197e-04
2.400000e+01 5.000000e+03 7.596489e+01 9.860585e-01 9.860585e-03 9.860585e-04
2.500000e+01 5.200000e+03 7.089422e+01 9.694360e-01 9.694360e-03 9.694360e-04
2.600000e+01 5.400000e+03 6.616203e+01 9.456362e-01 9.456362e-03 9.456362e-04
2.700000e+01 5.600000e+03 6.174572e+01 9.122130e-01 9.122130e-03 9.122130e-04
2.800000e+01 5.800000e+03 5.762420e+01 8.665582e-01 8.665582e-03 8.665582e-04
2.900000e+01 6.000000e+03 5.377778e+01 8.065134e-01 8.065134e-03 8.065134e-04
3.000000e+01 6.200000e+03 5.018812e+01 7.313436e-01 7.313436e-03 7.313436e-04
3.100000e+01 6.400000e+03 4.683806e+01 6.427914e-01 6.427914e-03 6.427914e-04
3.200000e+01 6.600000e+03 4.371162e+01 5.455655e-01 5.455655e-03 5.455655e-04
3.300000e+01 6.800000e+03 4.079387e+01 4.466203e-01 4.466203e-03 4.466203e-04
3.400000e+01 7.000000e+03 3.807088e+01 3.532833e-01 3.532833e-03 3.532833e-04
3.500000e+01 7.200000e+03 3.552965e+01 2.712084e-01 2.712084e-03 2.712084e-04
3.600000e+01 7.400000e+03 3.315805e+01 2.032650e-01 2.032650e-03 2.032650e-04
3.700000e+01 7.600000e+03 3.094475e+01 1.496818e-01 1.496818e-03 1.496818e-04
3.800000e+01 7.800000e+03 2.887919e+01 1.089412e-01 1.089412e-03 1.089412e-04
3.900000e+01 8.000000e+03 2.695150e+01 7.875953e-02 7.875953e-04 7.875953e-05
4.000000e+01 8.200000e+03 2.515249e+01 5.678395e-02 5.678395e-04 5.678395e-05
4.100000e+01 8.400000e+03 2.347356e+01 4.095155e-02 4.095155e-04 4.095155e-05
4.200000e+01 8.600000e+03 2.190670e+01 2.960791e-02 2.960791e-04 2.960791e-05
4.300000e+01 8.800000e+03 2.044443e+01 2.149533e-02 2.149533e-04 2.149533e-05
4.400000e+01 9.000000e+03 1.907977e+01 1.568875e-02 1.568875e-04 1.568875e-05
4.500000e+01 9.200000e+03 1.780619e+01 1.152137e-02 1.152137e-04 1.152137e-05
4.600000e+01 9.400000e+03 1.661763e+01 8.518221e-03 8.518221e-05 8.518221e-06
4.700000e+01 9.600000e+03 1.550840e+01 6.343130e-03 6.343130e-05 6.343130e-06
4.800000e+01 9.800000e+03 1.447322e+01 4.758743e-03 4.758743e-05 4.758743e-06
4.900000e+01 1.000000e+04 1.350713e+01 3.597468e-03 3.597468e-05 3.597468e-06
5.000000e+01 1.020000e+04 1.260553e+01 2.740741e-03 2.740741e-05 2.740741e-06
5.100000e+01 1.040000e+04 1.176411e+01 2.104417e-03 2.104417e-05 2.104417e-06
5.200000e+01 1.060000e+04 1.097886e+01 1.628528e-03 1.628528e-05 1.628528e-06
5.300000e+01 1.080000e+04 1.024602e+01 1.270138e-03 1.270138e-05 1.270138e-06
5.400000e+01 1.100000e+04 9.562099e+00 9.983402e-04 9.983402e-06 9.983402e-07
5.500000e+01 1.120000e+04 8.923831e+00 7.907674e-04 7.907674e-06 7.907674e-07
5.600000e+01 1.140000e+04 8.328160e+00 6.311370e-04 6.311370e-06 6.311370e-07
5.700000e+01 1.160000e+04 7.772256e+00 5.075261e-04 5.075261e-06 5.075261e-07
5.800000e+01 1.180000e+04 7.253461e+00 4.111523e-04 4.111523e-06 4.111523e-07
5.900000e+01 1.200000e+04 6.769292e+00 3.355069e-04 3.355069e-06 3.355069e-07
6.000000e+01 1.220000e+04 6.317442e+00 2.757372e-04 2.757372e-06 2.757372e-07
6.100000e+01 1.240000e+04 5.895752e+00 2.282035e-04 2.282035e-06 2.282035e-07
6.200000e+01 1.260000e+04 5.502211e+00 1.901589e-04 1.901589e-06 1.901589e-07
6.300000e+01 1.280000e+04 5.134939e+00 1.595186e-04 1.595186e-06 1.595186e-07
6.400000e+01 1.300000e+04 4.792182e+00 1.346905e-04 1.346905e-06 1.346905e-07
6.500000e+01 1.320000e+04 4.472303e+00 1.144518e-04 1.144518e-06 1.144518e-07
6.600000e+01 1.340000e+04 4.173778e+00 9.785809e-05 9.785809e-07 9.785809e-08
6.700000e+01 1.360000e+04 3.895178e+00 8.417577e-05 8.417577e-07 8.417577e-08
6.800000e+01 1.380000e+04 3.635175e+00 7.283174e-05 7.283174e-07 7.283174e-08
6.900000e+01 1.400000e+04 3.392527e+00 6.337596e-05 6.337596e-07 6.337596e-08
7.000000e+01 1.420000e+04 3.166076e+00 5.545309e-05 5.545309e-07 5.545309e-08
7.100000e+01 1.440000e+04 2.954740e+00 4.878109e-05 4.878109e-07 4.878109e-08
7.200000e+01 1.460000e+04 2.757512e+00 4.313499e-05 4.313499e-07 4.313499e-08
7.300000e+01 1.480000e+04 2.573448e+00 3.833441e-05 3.833441e-07 3.833441e-08
7.400000e+01 1.500000e+04 2.401670e+00 3.423402e-05 3.423402e-07 3.423402e-08
7.500000e+01 1.520000e+04 2.241359e+00 3.071618e-05 3.071618e-07 3.071618e-08
7.600000e+01 1.540000e+04 2.091748e+00 2.768520e-05 2.768520e-07 2.768520e-08
7.700000e+01 1.560000e+04 1.952124e+00 2.506293e-05 2.506293e-07 2.506293e-08
7.800000e+01 1.580000e+04 1.821820e+00 2.278521e-05 2.278521e-07 2.278521e-08
7.900000e+01 1.600000e+04 1.700213e+00 2.079917e-05 2.079917e-07 2.079917e-08
8.000000e+01 1.620000e+04 1.586724e+00 1.906106e-05 1.906106e-07 1.906106e-08
8.100000e+01 1.640000e+04 1.480810e+00 1.753450e-05 1.753450e-07 1.753450e-08
8.200000e+01 1.660000e+04 1.381966e+00 1.618917e-05 1.618917e-07 1.618917e-08
8.300000e+01 1.680000e+04 1.289720e+00 1.499963e-05 1.499963e-07 1.499963e-08
8.400000e+01 1.700000e+04 1.203632e+00 1.394452e-05 1.394452e-07 1.394452e-08
8.500000e+01 1.720000e+04 1.123289e+00 1.300580e-05 1.300580e-07 1.300580e-08
8.600000e+01 1.740000e+04 1.048309e+00 1.216820e-05 1.216820e-07 1.216820e-08
8.700000e+01 1.760000e+04 9.783350e-01 1.141874e-05 1.141874e-07 1.141874e-08
8.800000e+01 1.780000e+04 9.130310e-01 1.074633e-05 1.074633e-07 1.074633e-08
8.900000e+01 1.800000e+04 8.520864e-01 1.014151e-05 1.014151e-07 1.014151e-08
9.000000e+01 1.820000e+04 7.952094e-01 9.596148e-06 9.596148e-08 9.596148e-09
9.100000e+01 1.840000e+04 7.421293e-01 9.103233e-06 9.103233e-08 9.103233e-09
9.200000e+01 1.860000e+04 6.925922e-01 8.656719e-06 8.656719e-08 8.656719e-09
9.300000e+01 1.880000e+04 6.463617e-01 8.251365e-06 8.251365e-08 8.251365e-09
9.400000e+01 1.900000e+04 6.032171e-01 7.882619e-06 7.882619e-08 7.882619e-09
9.500000e+01 1.920000e+04 5.629523e-01 7.546514e-06 7.546514e-08 7.546514e-09
9.600000e+01 1.940000e+04 5.253752e-01 7.239584e-06 7.239584e-08 7.239584e-09
9.700000e+01 1.960000e+04 4.903065e-01 6.958793e-06 6.958793e-08 6.958793e-09
9.800000e+01 1.980000e+04 4.575786e-01 6.701475e-06 6.701475e-08 6.701475e-09
9.900000e+01 2.000000e+04 4.270352e-01 6.465282e-06 6.465282e-08 6.465282e-09
1.000000e+02 2.020000e+04 3.985306e-01 6.248143e-06 6.248143e-08 6.248143e-09
1.010000e+02 2.040000e+04 3.719287e-01 6.048224e-06 6.048224e-08 6.048224e-09
1.020000e+02 2.060000e+04 3.471024e-01 5.863899e-06 5.863899e-08 5.863899e-09
1.030000e+02 2.080000e+04 3.239334e-01 5.693723e-06 5.693723e-08 5.693723e-09
1.040000e+02 2.100000e+04 3.023108e-01 5.536409e-06 5.536409e-08 5.536409e-09
1.050000e+02 2.120000e+04 2.821316e-01 5.390808e-06 5.390808e-08 5.390808e-09
1.060000e+02 2.140000e+04 2.632994e-01 5.255892e-06 5.255892e-08 5.255892e-09
1.070000e+02 2.160000e+04 2.457241e-01 5.130738e-06 5.130738e-08 5.130738e-09
1.080000e+02 2.180000e+04 2.293220e-01 5.014520e-06 5.014520e-08 5.014520e-09
1.090000e+02 2.200000e+04 2.140148e-01 4.906493e-06 4.906531e-08 4.906560e-09
1.100000e+02 2.220000e+04 1.997293e-01 4.806377e-06 4.832703e-08 4.852705e-09
1.110000e+02 2.240000e+04 1.863974e-01 4.793212e-06 1.019964e-07 1.430735e-08
1.120000e+02 2.260000e+04 1.739553e-01 1.037747e-05 3.951497e-06 6.874931e-07
1.130000e+02 2.280000e+04 1.623439e-01 1.675319e-04 1.106980e-04 1.935315e-05
1.140000e+02 2.300000e+04 1.515074e-01 2.092112e-03 1.417345e-03 2.478324e-04
1.150000e+02 2.320000e+04 1.413943e-01 1.360355e-02 9.232499e-03 1.614384e-03
1.160000e+02 2.340000e+04 1.319562e-01 5.036906e-02 3.419261e-02 5.978889e-03
1.170000e+02 2.360000e+04 1.231481e-01 1.181620e-01 8.021724e-02 1.402672e-02
1.180000e+02 2.380000e+04 1.149280e-01 1.954396e-01 1.326810e-01 2.320049e-02
1.190000e+02 2.400000e+04 1.072566e-01 2.530763e-01 1.718105e-01 3.004264e-02
1.200000e+02 2.420000e+04 1.000972e-01 2.821154e-01 1.915252e-01 3.348994e-02
1.210000e+02 2.440000e+04 9.341569e-02 2.912846e-01 1.977502e-01 3.457843e-02
1.220000e+02 2.460000e+04 8.718023e-02 2.912509e-01 1.977273e-01 3.457443e-02
1.230000e+02 2.480000e+04 8.136091e-02 2.879065e-01 1.954568e-01 3.417741e-02
1.240000e+02 2.500000e+04 7.593009e-02 2.834608e-01 1.924387e-01 3.364966e-02
1.250000e+02 2.520000e+04 7.086177e-02 2.785891e-01 1.891313e-01 3.307134e-02
1.260000e+02 2.540000e+04 6.613174e-02 2.735082e-01 1.856820e-01 3.246819e-02
1.270000e+02 2.560000e+04 6.171745e-02 2.683194e-01 1.821592e-01 3.185221e-02
1.280000e+02 2.580000e+04 5.759781e-02 2.630913e-01 1.786099e-01 3.123158e-02
1.290000e+02 2.600000e+04 5.375316e-02 2.578780e-01 1.750707e-01 3.061271e-02
1.300000e+02 2.620000e+04 5.016514e-02 2.527229e-01 1.715709e-01 3.000073e-02
1.310000e+02 2.640000e+04 4.681661e-02 2.476604e-01 1.681339e-01 2.939976e-02
1.320000e+02 2.660000e+04 4.369161e-02 2.427174e-01 1.647782e-01 2.881298e-02
1.330000e+02 2.680000e+04 4.077519e-02 2.379146e-01 1.615176e-01 2.824282e-02
1.340000e+02 2.700000e+04 3.805345e-02 2.332669e-01 1.583623e-01 2.769110e-02
1.350000e+02 2.720000e+04 3.551338e-02 2.287852e-01 1.553197e-01 2.715907e-02
1.360000e+02 2.740000e+04 3.314287e-02 2.244763e-01 1.523944e-01 2.664755e-02
1.370000e+02 2.760000e+04 3.093058e-02 2.203442e-01 1.495891e-01 2.615702e-02
1.380000e+02 2.780000e+04 2.886597e-02 2.163903e-01 1.469048e-01 2.568765e-02
1.390000e+02 2.800000e+04 2.693917e-02 2.126141e-01 1.443412e-01 2.523938e-02
1.400000e+02 2.820000e+04 2.514098e-02 2.090136e-01 1.418968e-01 2.481195e-02
1.410000e+02 2.840000e+04 2.346282e-02 2.055853e-01 1.395693e-01 2.440498e-02
1.420000e+02 2.860000e+04 2.189667e-02 2.023251e-01 1.373560e-01 2.401796e-02
1.430000e+02 2.880000e+04 2.043507e-02 1.992281e-01 1.352535e-01 2.365031e-02
1.440000e+02 2.900000e+04 1.907103e-02 1.962888e-01 1.332580e-01 2.330137e-02
1.450000e+02 2.920000e+04 1.779804e-02 1.935013e-01 1.313656e-01 2.297047e-02
1.460000e+02 2.940000e+04 1.661002e-02 1.908598e-01 1.295722e-01 2.265689e-02
1.470000e+02 2.960000e+04 1.550130e-02 1.883580e-01 1.278737e-01 2.235990e-02
1.480000e+02 2.980000e+04 1.446659e-02 1.859898e-01 1.262660e-01 2.207877e-02
1.490000e+02 3.000000e+04 1.350095e-02 1.837491e-01 1.247448e-01 2.181277e-02