0.000231481 day
# index velocity (km/s) density (g/cm^3) 56ni_mass_fraction 52fe_mass_fraction 48cr_mass_fraction
0.000000e+00 2.000000e+02 4.500327e+02 9.891197e-01 9.891197e-03 9.891197e-04
1.000000e+00 4.000000e+02 4.199930e+02 9.891197e-01 9.891197e-03 9.891197e-04
2.000000e+00 6.000000e+02 3.919584e+02 9.891197e-01 9.891197e-03 9.891197e-04
3.000000e+00 8.000000e+02 3.657953e+02 9.891197e-01 9.891197e-03 9.891197e-04
4.000000e+00 1.000000e+03 3.413784e+02 9.891197e-01 9.891197e-03 9.891197e-04
5.000000e+00 1.200000e+03 3.185914e+02 9.891197e-01 9.891197e-03 9.891197e-04
6.000000e+00 1.400000e+03 2.973255e+02 9.891197e-01 9.891197e-03 9.891197e-04
7.000000e+00 1.600000e+03 2.774790e+02 9.891197e-01 9.891197e-03 9.891197e-04
8.000000e+00 1.800000e+03 2.589573e+02 9.891197e-01 9.891197e-03 9.891197e-04
9.000000e+00 2.000000e+03 2.416719e+02 9.891197e-01 9.891197e-03 9.891197e-04
1.000000e+01 2.200000e+03 2.255403e+02 9.891197e-01 9.891197e-03 9.891197e-04
1.100000e+01 2.400000e+03 2.104855e+02 9.891197e-01 9.891197e-03 9.891197e-04
1.200000e+01 2.600000e+03 1.964356e+02 9.891197e-01 9.891197e-03 9.891197e-04
1.300000e+01 2.800000e+03 1.833235e+02 9.891197e-01 9.891197e-03 9.891197e-04
1.400000e+01 3.000000e+03 1.710867e+02 9.891197e-01 9.891197e-03 9.891197e-04
1.500000e+01 3.200000e+03 1.596666e+02 9.891197e-01 9.891197e-03 9.891197e-04
1.600000e+01 3.400000e+03 1.490089e+02 9.891197e-01 9.891197e-03 9.891197e-04
1.700000e+01 3.600000e+03 1.390625e+02 9.891197e-01 9.891197e-03 9.891197e-04
1.800000e+01 3.800000e+03 1.297801e+02 9.891197e-01 9.891197e-03 9.891197e-04
1.900000e+01 4.000000e+03 1.211173e+02 9.891197e-01 9.891197e-03 9.891197e-04
2.000000e+01 4.200000e+03 1.130327e+02 9.891197e-01 9.891197e-03 9.891197e-04
2.100000e+01 4.400000e+03 1.054878e+02 9.891197e-01 9.891197e-03 9.891197e-04
2.200000e+01 4.600000e+03 9.844651e+01 9.891197e-01 9.891197e-03 9.891197e-04
2.300000e+01 4.800000e+03 9.187524e+01 9.891197e-01 9.891197e-03 9.891197e-04
2.400000e+01 5.000000e+03 8.574255e+01 9.891197e-01 9.891197e-03 9.891197e-04
2.500000e+01 5.200000e+03 8.001922e+01 9.891197e-01 9.891197e-03 9.891197e-04
2.600000e+01 5.400000e+03 7.467794e+01 9.891197e-01 9.891197e-03 9.891197e-04
2.700000e+01 5.600000e+03 6.969319e+01 9.891197e-01 9.891197e-03 9.891197e-04
2.800000e+01 5.800000e+03 6.504117e+01 9.891197e-01 9.891197e-03 9.891197e-04
2.900000e+01 6.000000e+03 6.069967e+01 9.891197e-01 9.891197e-03 9.891197e-04
3.000000e+01 6.200000e+03 5.664797e+01 9.891197e-01 9.891197e-03 9.891197e-04
3.100000e+01 6.400000e+03 5.286673e+01 9.891197e-01 9.891197e-03 9.891197e-04
3.200000e+01 6.600000e+03 4.933787e+01 9.891197e-01 9.891197e-03 9.891197e-04
3.300000e+01 6.800000e+03 4.604457e+01 9.891197e-01 9.891197e-03 9.891197e-04
3.400000e+01 7.000000e+03 4.297109e+01 9.891197e-01 9.891197e-03 9.891197e-04
3.500000e+01 7.200000e+03 4.010277e+01 9.891197e-01 9.891197e-03 9.891197e-04
3.600000e+01 7.400000e+03 3.742592e+01 9.891197e-01 9.891197e-03 9.891197e-04
3.700000e+01 7.600000e+03 3.492774e+01 9.891197e-01 9.891197e-03 9.891197e-04
3.800000e+01 7.800000e+03 3.259631e+01 9.891197e-01 9.891197e-03 9.891197e-04
3.900000e+01 8.000000e+03 3.042051e+01 9.852354e-01 9.852354e-03 9.852354e-04
4.000000e+01 8.200000e+03 2.838994e+01 9.738467e-01 9.738467e-03 9.738467e-04
4.100000e+01 8.400000e+03 2.649491e+01 9.578066e-01 9.578066e-03 9.578066e-04
4.200000e+01 8.600000e+03 2.472637e+01 9.356847e-01 9.356847e-03 9.356847e-04
4.300000e+01 8.800000e+03 2.307590e+01 9.059331e-01 9.059331e-03 9.059331e-04
4.400000e+01 9.000000e+03 2.153558e+01 8.671047e-01 8.671047e-03 8.671047e-04
4.500000e+01 9.200000e+03 2.009808e+01 8.181970e-01 8.181970e-03 8.181970e-04
4.600000e+01 9.400000e+03 1.875653e+01 7.590702e-01 7.590702e-03 7.590702e-04
4.700000e+01 9.600000e+03 1.750454e+01 6.908073e-01 6.908073e-03 6.908073e-04
4.800000e+01 9.800000e+03 1.633611e+01 6.158258e-01 6.158258e-03 6.158258e-04
4.900000e+01 1.000000e+04 1.524567e+01 5.376014e-01 5.376014e-03 5.376014e-04
5.000000e+01 1.020000e+04 1.422803e+01 4.600369e-01 4.600369e-03 4.600369e-04
5.100000e+01 1.040000e+04 1.327831e+01 3.867054e-01 3.867054e-03 3.867054e-04
5.200000e+01 1.060000e+04 1.239198e+01 3.202607e-01 3.202607e-03 3.202607e-04
5.300000e+01 1.080000e+04 1.156481e+01 2.621915e-01 2.621915e-03 2.621915e-04
5.400000e+01 1.100000e+04 1.079286e+01 2.129068e-01 2.129068e-03 2.129068e-04
5.500000e+01 1.120000e+04 1.007244e+01 1.720157e-01 1.720157e-03 1.720157e-04
5.600000e+01 1.140000e+04 9.400101e+00 1.386520e-01 1.386520e-03 1.386520e-04
5.700000e+01 1.160000e+04 8.772645e+00 1.117457e-01 1.117457e-03 1.117457e-04
5.800000e+01 1.180000e+04 8.187075e+00 9.020935e-02 9.020935e-04 9.020935e-05
5.900000e+01 1.200000e+04 7.640587e+00 7.304363e-02 7.304363e-04 7.304363e-05
6.000000e+01 1.220000e+04 7.130578e+00 5.938395e-02 5.938395e-04 5.938395e-05
6.100000e+01 1.240000e+04 6.654611e+00 4.851073e-02 4.851073e-04 4.851073e-05
6.200000e+01 1.260000e+04 6.210416e+00 3.984004e-02 3.984004e-04 3.984004e-05
6.300000e+01 1.280000e+04 5.795871e+00 3.290581e-02 3.290581e-04 3.290581e-05
6.400000e+01 1.300000e+04 5.408997e+00 2.733990e-02 2.733990e-04 2.733990e-05
6.500000e+01 1.320000e+04 5.047946e+00 2.285337e-02 2.285337e-04 2.285337e-05
6.600000e+01 1.340000e+04 4.710996e+00 1.922016e-02 1.922016e-04 1.922016e-05
6.700000e+01 1.360000e+04 4.396537e+00 1.626358e-02 1.626358e-04 1.626358e-05
6.800000e+01 1.380000e+04 4.103069e+00 1.384550e-02 1.384550e-04 1.384550e-05
6.900000e+01 1.400000e+04 3.829189e+00 1.185770e-02 1.185770e-04 1.185770e-05
7.000000e+01 1.420000e+04 3.573591e+00 1.021520e-02 1.021520e-04 1.021520e-05
7.100000e+01 1.440000e+04 3.335053e+00 8.851071e-03 8.851071e-05 8.851071e-06
7.200000e+01 1.460000e+04 3.112439e+00 7.712393e-03 7.712393e-05 7.712393e-06
7.300000e+01 1.480000e+04 2.904684e+00 6.757163e-03 6.757163e-05 6.757163e-06
7.400000e+01 1.500000e+04 2.710796e+00 5.951910e-03 5.951910e-05 5.951910e-06
7.500000e+01 1.520000e+04 2.529851e+00 5.269844e-03 5.269844e-05 5.269844e-06
7.600000e+01 1.540000e+04 2.360983e+00 4.689433e-03 4.689433e-05 4.689433e-06
7.700000e+01 1.560000e+04 2.203388e+00 4.193292e-03 4.193292e-05 4.193292e-06
7.800000e+01 1.580000e+04 2.056311e+00 3.767326e-03 3.767326e-05 3.767326e-06
7.900000e+01 1.600000e+04 1.919053e+00 3.400054e-03 3.400054e-05 3.400054e-06
8.000000e+01 1.620000e+04 1.790956e+00 3.082089e-03 3.082089e-05 3.082089e-06
8.100000e+01 1.640000e+04 1.671410e+00 2.805717e-03 2.805717e-05 2.805717e-06
8.200000e+01 1.660000e+04 1.559843e+00 2.564578e-03 2.564578e-05 2.564578e-06
8.300000e+01 1.680000e+04 1.455723e+00 2.353403e-03 2.353403e-05 2.353403e-06
8.400000e+01 1.700000e+04 1.358554e+00 2.167812e-03 2.167812e-05 2.167812e-06
8.500000e+01 1.720000e+04 1.267870e+00 2.004148e-03 2.004148e-05 2.004148e-06
8.600000e+01 1.740000e+04 1.183240e+00 1.859344e-03 1.859344e-05 1.859344e-06
8.700000e+01 1.760000e+04 1.104259e+00 1.730824e-03 1.730827e-05 1.730829e-06
8.800000e+01 1.780000e+04 1.030550e+00 1.616416e-03 1.616809e-05 1.617108e-06
8.900000e+01 1.800000e+04 9.617609e-01 1.514583e-03 1.536361e-05 1.552908e-06
9.000000e+01 1.820000e+04 8.975631e-01 1.431461e-03 2.010992e-05 2.451309e-06
9.100000e+01 1.840000e+04 8.376509e-01 1.461764e-03 9.560191e-05 1.571324e-05
9.200000e+01 1.860000e+04 7.817377e-01 2.230948e-03 6.672290e-04 1.157228e-04
9.300000e+01 1.880000e+04 7.295568e-01 5.922325e-03 3.217897e-03 5.617805e-04
9.400000e+01 1.900000e+04 6.808589e-01 1.642606e-02 1.038920e-02 1.815794e-03
9.500000e+01 1.920000e+04 6.354115e-01 3.612599e-02 2.380002e-02 4.160840e-03
9.600000e+01 1.940000e+04 5.929978e-01 6.185764e-02 4.130242e-02 7.221332e-03
9.700000e+01 1.960000e+04 5.534153e-01 8.630744e-02 5.793159e-02 1.012913e-02
9.800000e+01 1.980000e+04 5.164748e-01 1.038011e-01 6.983557e-02 1.221068e-02
9.900000e+01 2.000000e+04 4.820001e-01 1.133920e-01 7.637199e-02 1.335366e-02
1.000000e+02 2.020000e+04 4.498266e-01 1.172669e-01 7.902573e-02 1.381772e-02
1.010000e+02 2.040000e+04 4.198007e-01 1.180203e-01 7.955831e-02 1.391087e-02
1.020000e+02 2.060000e+04 3.917790e-01 1.173678e-01 7.913472e-02 1.383682e-02
1.030000e+02 2.080000e+04 3.656278e-01 1.161495e-01 7.832546e-02 1.369533e-02
1.040000e+02 2.100000e+04 3.412221e-01 1.147065e-01 7.736229e-02 1.352693e-02
1.050000e+02 2.120000e+04 3.184456e-01 1.131663e-01 7.633180e-02 1.334676e-02
1.060000e+02 2.140000e+04 2.971894e-01 1.115795e-01 7.526849e-02 1.316085e-02
1.070000e+02 2.160000e+04 2.773519e-01 1.099714e-01 7.418975e-02 1.297223e-02
1.080000e+02 2.180000e+04 2.588387e-01 1.083590e-01 7.310703e-02 1.278292e-02
1.090000e+02 2.200000e+04 2.415613e-01 1.067549e-01 7.202911e-02 1.259445e-02
1.100000e+02 2.220000e+04 2.254370e-01 1.051694e-01 7.096303e-02 1.240805e-02
1.110000e+02 2.240000e+04 2.103891e-01 1.036108e-01 6.991450e-02 1.222471e-02
1.120000e+02 2.260000e+04 1.963456e-01 1.020858e-01 6.888809e-02 1.204525e-02
1.130000e+02 2.280000e+04 1.832396e-01 1.005996e-01 6.788738e-02 1.187027e-02
1.140000e+02 2.300000e+04 1.710084e-01 9.915617e-02 6.691514e-02 1.170028e-02
1.150000e+02 2.320000e+04 1.595935e-01 9.775845e-02 6.597342e-02 1.153562e-02
1.160000e+02 2.340000e+04 1.489407e-01 9.640852e-02 6.506367e-02 1.137654e-02
1.170000e+02 2.360000e+04 1.389989e-01 9.510773e-02 6.418682e-02 1.122323e-02
1.180000e+02 2.380000e+04 1.297207e-01 9.385679e-02 6.334341e-02 1.107576e-02
1.190000e+02 2.400000e+04 1.210619e-01 9.265591e-02 6.253361e-02 1.093416e-02
1.200000e+02 2.420000e+04 1.129810e-01 9.150490e-02 6.175731e-02 1.079842e-02
1.210000e+02 2.440000e+04 1.054395e-01 9.040320e-02 6.101416e-02 1.066848e-02
1.220000e+02 2.460000e+04 9.840144e-02 8.934999e-02 6.030363e-02 1.054424e-02
1.230000e+02 2.480000e+04 9.183311e-02 8.834424e-02 5.962503e-02 1.042559e-02
1.240000e+02 2.500000e+04 8.570327e-02 8.738475e-02 5.897757e-02 1.031238e-02
1.250000e+02 2.520000e+04 7.998259e-02 8.647017e-02 5.836036e-02 1.020446e-02
1.260000e+02 2.540000e+04 7.464374e-02 8.559910e-02 5.777246e-02 1.010166e-02
1.270000e+02 2.560000e+04 6.966128e-02 8.477003e-02 5.721286e-02 1.000382e-02
1.280000e+02 2.580000e+04 6.501139e-02 8.398143e-02 5.668054e-02 9.910739e-03
1.290000e+02 2.600000e+04 6.067188e-02 8.323176e-02 5.617447e-02 9.822250e-03
1.300000e+02 2.620000e+04 5.662203e-02 8.251946e-02 5.569359e-02 9.738166e-03
1.310000e+02 2.640000e+04 5.284251e-02 8.184298e-02 5.523686e-02 9.658306e-03
1.320000e+02 2.660000e+04 4.931528e-02 8.120077e-02 5.480326e-02 9.582490e-03
1.330000e+02 2.680000e+04 4.602349e-02 8.059135e-02 5.439177e-02 9.510539e-03
1.340000e+02 2.700000e+04 4.295142e-02 8.001323e-02 5.400140e-02 9.442282e-03
1.350000e+02 2.720000e+04 4.008441e-02 7.946499e-02 5.363118e-02 9.377549e-03
1.360000e+02 2.740000e+04 3.740878e-02 7.894522e-02 5.328018e-02 9.316175e-03
1.370000e+02 2.760000e+04 3.491175e-02 7.845258e-02 5.294749e-02 9.258003e-03
1.380000e+02 2.780000e+04 3.258139e-02 7.798577e-02 5.263223e-02 9.202879e-03
1.390000e+02 2.800000e+04 3.040658e-02 7.754353e-02 5.233356e-02 9.150656e-03
1.400000e+02 2.820000e+04 2.837694e-02 7.712466e-02 5.205066e-02 9.101190e-03
1.410000e+02 2.840000e+04 2.648278e-02 7.672799e-02 5.178276e-02 9.054345e-03
1.420000e+02 2.860000e+04 2.471506e-02 7.635243e-02 5.152909e-02 9.009991e-03
1.430000e+02 2.880000e+04 2.306533e-02 7.599690e-02 5.128896e-02 8.968003e-03
1.440000e+02 2.900000e+04 2.152572e-02 7.566039e-02 5.106166e-02 8.928260e-03
1.450000e+02 2.920000e+04 2.008888e-02 7.534193e-02 5.084656e-02 8.890648e-03
1.460000e+02 2.940000e+04 1.874794e-02 7.504060e-02 5.064301e-02 8.855058e-03
1.470000e+02 2.960000e+04 1.749652e-02 7.475550e-02 5.045044e-02 8.821385e-03
1.480000e+02 2.980000e+04 1.632863e-02 7.448581e-02 5.026826e-02 8.789531e-03
1.490000e+02 3.000000e+04 1.523870e-02 7.423071e-02 5.009594e-02 8.759400e-03