0.000231481 day
# index velocity (km/s) density (g/cm^3) 56ni_mass_fraction 52fe_mass_fraction 48cr_mass_fraction
0.000000e+00 2.000000e+02 5.131952e+02 9.891197e-01 9.891197e-03 9.891197e-04
1.000000e+00 4.000000e+02 4.789394e+02 9.891197e-01 9.891197e-03 9.891197e-04
2.000000e+00 6.000000e+02 4.469701e+02 9.891197e-01 9.891197e-03 9.891197e-04
3.000000e+00 8.000000e+02 4.171349e+02 9.891197e-01 9.891197e-03 9.891197e-04
4.000000e+00 1.000000e+03 3.892912e+02 9.891197e-01 9.891197e-03 9.891197e-04
5.000000e+00 1.200000e+03 3.633060e+02 9.891197e-01 9.891197e-03 9.891197e-04
6.000000e+00 1.400000e+03 3.390554e+02 9.891197e-01 9.891197e-03 9.891197e-04
7.000000e+00 1.600000e+03 3.164234e+02 9.891197e-01 9.891197e-03 9.891197e-04
8.000000e+00 1.800000e+03 2.953022e+02 9.891197e-01 9.891197e-03 9.891197e-04
9.000000e+00 2.000000e+03 2.755908e+02 9.891197e-01 9.891197e-03 9.891197e-04
1.000000e+01 2.200000e+03 2.571951e+02 9.891197e-01 9.891197e-03 9.891197e-04
1.100000e+01 2.400000e+03 2.400273e+02 9.891197e-01 9.891197e-03 9.891197e-04
1.200000e+01 2.600000e+03 2.240055e+02 9.891197e-01 9.891197e-03 9.891197e-04
1.300000e+01 2.800000e+03 2.090532e+02 9.891197e-01 9.891197e-03 9.891197e-04
1.400000e+01 3.000000e+03 1.950989e+02 9.891197e-01 9.891197e-03 9.891197e-04
1.500000e+01 3.200000e+03 1.820760e+02 9.891197e-01 9.891197e-03 9.891197e-04
1.600000e+01 3.400000e+03 1.699224e+02 9.891197e-01 9.891197e-03 9.891197e-04
1.700000e+01 3.600000e+03 1.585801e+02 9.891197e-01 9.891197e-03 9.891197e-04
1.800000e+01 3.800000e+03 1.479949e+02 9.891197e-01 9.891197e-03 9.891197e-04
1.900000e+01 4.000000e+03 1.381162e+02 9.891197e-01 9.891197e-03 9.891197e-04
2.000000e+01 4.200000e+03 1.288970e+02 9.891197e-01 9.891197e-03 9.891197e-04
2.100000e+01 4.400000e+03 1.202931e+02 9.891197e-01 9.891197e-03 9.891197e-04
2.200000e+01 4.600000e+03 1.122636e+02 9.891197e-01 9.891197e-03 9.891197e-04
2.300000e+01 4.800000e+03 1.047700e+02 9.891197e-01 9.891197e-03 9.891197e-04
2.400000e+01 5.000000e+03 9.777659e+01 9.891197e-01 9.891197e-03 9.891197e-04
2.500000e+01 5.200000e+03 9.124998e+01 9.891197e-01 9.891197e-03 9.891197e-04
2.600000e+01 5.400000e+03 8.515905e+01 9.891197e-01 9.891197e-03 9.891197e-04
2.700000e+01 5.600000e+03 7.947469e+01 9.891197e-01 9.891197e-03 9.891197e-04
2.800000e+01 5.800000e+03 7.416976e+01 9.891197e-01 9.891197e-03 9.891197e-04
2.900000e+01 6.000000e+03 6.921893e+01 9.891197e-01 9.891197e-03 9.891197e-04
3.000000e+01 6.200000e+03 6.459857e+01 9.891197e-01 9.891197e-03 9.891197e-04
3.100000e+01 6.400000e+03 6.028662e+01 9.891197e-01 9.891197e-03 9.891197e-04
3.200000e+01 6.600000e+03 5.626248e+01 9.891197e-01 9.891197e-03 9.891197e-04
3.300000e+01 6.800000e+03 5.250696e+01 9.891197e-01 9.891197e-03 9.891197e-04
3.400000e+01 7.000000e+03 4.900212e+01 9.891197e-01 9.891197e-03 9.891197e-04
3.500000e+01 7.200000e+03 4.573123e+01 9.891197e-01 9.891197e-03 9.891197e-04
3.600000e+01 7.400000e+03 4.267868e+01 9.891197e-01 9.891197e-03 9.891197e-04
3.700000e+01 7.600000e+03 3.982987e+01 9.891197e-01 9.891197e-03 9.891197e-04
3.800000e+01 7.800000e+03 3.717123e+01 9.891197e-01 9.891197e-03 9.891197e-04
3.900000e+01 8.000000e+03 3.469005e+01 9.891197e-01 9.891197e-03 9.891197e-04
4.000000e+01 8.200000e+03 3.237449e+01 9.891197e-01 9.891197e-03 9.891197e-04
4.100000e+01 8.400000e+03 3.021349e+01 9.891197e-01 9.891197e-03 9.891197e-04
4.200000e+01 8.600000e+03 2.819674e+01 9.891197e-01 9.891197e-03 9.891197e-04
4.300000e+01 8.800000e+03 2.631462e+01 9.891197e-01 9.891197e-03 9.891197e-04
4.400000e+01 9.000000e+03 2.455812e+01 9.891197e-01 9.891197e-03 9.891197e-04
4.500000e+01 9.200000e+03 2.291886e+01 9.891197e-01 9.891197e-03 9.891197e-04
4.600000e+01 9.400000e+03 2.138903e+01 9.891197e-01 9.891197e-03 9.891197e-04
4.700000e+01 9.600000e+03 1.996131e+01 9.891197e-01 9.891197e-03 9.891197e-04
4.800000e+01 9.800000e+03 1.862890e+01 9.891197e-01 9.891197e-03 9.891197e-04
4.900000e+01 1.000000e+04 1.738541e+01 9.891197e-01 9.891197e-03 9.891197e-04
5.000000e+01 1.020000e+04 1.622494e+01 9.891197e-01 9.891197e-03 9.891197e-04
5.100000e+01 1.040000e+04 1.514193e+01 9.891197e-01 9.891197e-03 9.891197e-04
5.200000e+01 1.060000e+04 1.413120e+01 9.891197e-01 9.891197e-03 9.891197e-04
5.300000e+01 1.080000e+04 1.318794e+01 9.891197e-01 9.891197e-03 9.891197e-04
5.400000e+01 1.100000e+04 1.230765e+01 9.891197e-01 9.891197e-03 9.891197e-04
5.500000e+01 1.120000e+04 1.148612e+01 9.891197e-01 9.891197e-03 9.891197e-04
5.600000e+01 1.140000e+04 1.071941e+01 9.891197e-01 9.891197e-03 9.891197e-04
5.700000e+01 1.160000e+04 1.000389e+01 9.891197e-01 9.891197e-03 9.891197e-04
5.800000e+01 1.180000e+04 9.336138e+00 9.891197e-01 9.891197e-03 9.891197e-04
5.900000e+01 1.200000e+04 8.712950e+00 9.891197e-01 9.891197e-03 9.891197e-04
6.000000e+01 1.220000e+04 8.131360e+00 9.889194e-01 9.889194e-03 9.889194e-04
6.100000e+01 1.240000e+04 7.588592e+00 9.836899e-01 9.836899e-03 9.836899e-04
6.200000e+01 1.260000e+04 7.082054e+00 9.773633e-01 9.773633e-03 9.773633e-04
6.300000e+01 1.280000e+04 6.609327e+00 9.697983e-01 9.697983e-03 9.697983e-04
6.400000e+01 1.300000e+04 6.168155e+00 9.608587e-01 9.608587e-03 9.608587e-04
6.500000e+01 1.320000e+04 5.756430e+00 9.504197e-01 9.504197e-03 9.504197e-04
6.600000e+01 1.340000e+04 5.372189e+00 9.383756e-01 9.383756e-03 9.383756e-04
6.700000e+01 1.360000e+04 5.013595e+00 9.246471e-01 9.246471e-03 9.246471e-04
6.800000e+01 1.380000e+04 4.678938e+00 9.091882e-01 9.091882e-03 9.091882e-04
6.900000e+01 1.400000e+04 4.366619e+00 8.919918e-01 8.919918e-03 8.919918e-04
7.000000e+01 1.420000e+04 4.075147e+00 8.730943e-01 8.730943e-03 8.730943e-04
7.100000e+01 1.440000e+04 3.803131e+00 8.525767e-01 8.525767e-03 8.525767e-04
7.200000e+01 1.460000e+04 3.549272e+00 8.305639e-01 8.305639e-03 8.305640e-04
7.300000e+01 1.480000e+04 3.312359e+00 8.072211e-01 8.072223e-03 8.072232e-04
7.400000e+01 1.500000e+04 3.091258e+00 7.827477e-01 7.827824e-03 7.828087e-04
7.500000e+01 1.520000e+04 2.884917e+00 7.573756e-01 7.579416e-03 7.583715e-04
7.600000e+01 1.540000e+04 2.692349e+00 7.314048e-01 7.369212e-03 7.411124e-04
7.700000e+01 1.560000e+04 2.512635e+00 7.053706e-01 7.394989e-03 7.654290e-04
7.800000e+01 1.580000e+04 2.344916e+00 6.803487e-01 8.223202e-03 9.301877e-04
7.900000e+01 1.600000e+04 2.188394e+00 6.579270e-01 1.077597e-02 1.396454e-03
8.000000e+01 1.620000e+04 2.042319e+00 6.392593e-01 1.569272e-02 2.275880e-03
8.100000e+01 1.640000e+04 1.905994e+00 6.238660e-01 2.251999e-02 3.489027e-03
8.200000e+01 1.660000e+04 1.778768e+00 6.097539e-01 2.979461e-02 4.779924e-03
8.300000e+01 1.680000e+04 1.660036e+00 5.948963e-01 3.604957e-02 5.891950e-03
8.400000e+01 1.700000e+04 1.549229e+00 5.784366e-01 4.063114e-02 6.710713e-03
8.500000e+01 1.720000e+04 1.445817e+00 5.606704e-01 4.368589e-02 7.261781e-03
8.600000e+01 1.740000e+04 1.349309e+00 5.423546e-01 4.569022e-02 7.628415e-03
8.700000e+01 1.760000e+04 1.259243e+00 5.241581e-01 4.707552e-02 7.886024e-03
8.800000e+01 1.780000e+04 1.175188e+00 5.064902e-01 4.810974e-02 8.081448e-03
8.900000e+01 1.800000e+04 1.096745e+00 4.895477e-01 4.892748e-02 8.238226e-03
9.000000e+01 1.820000e+04 1.023537e+00 4.734063e-01 4.958966e-02 8.367019e-03
9.100000e+01 1.840000e+04 9.552159e-01 4.580834e-01 5.012478e-02 8.472830e-03
9.200000e+01 1.860000e+04 8.914553e-01 4.435708e-01 5.054920e-02 8.558545e-03
9.300000e+01 1.880000e+04 8.319507e-01 4.298487e-01 5.087514e-02 8.626329e-03
9.400000e+01 1.900000e+04 7.764180e-01 4.168909e-01 5.111334e-02 8.678092e-03
9.500000e+01 1.920000e+04 7.245921e-01 4.046681e-01 5.127380e-02 8.715617e-03
9.600000e+01 1.940000e+04 6.762256e-01 3.931485e-01 5.136589e-02 8.740576e-03
9.700000e+01 1.960000e+04 6.310876e-01 3.822994e-01 5.139837e-02 8.754533e-03
9.800000e+01 1.980000e+04 5.889625e-01 3.720874e-01 5.137929e-02 8.758934e-03
9.900000e+01 2.000000e+04 5.496493e-01 3.624795e-01 5.131604e-02 8.755105e-03
1.000000e+02 2.020000e+04 5.129601e-01 3.534429e-01 5.121534e-02 8.744249e-03
1.010000e+02 2.040000e+04 4.787201e-01 3.449457e-01 5.108321e-02 8.727452e-03
1.020000e+02 2.060000e+04 4.467655e-01 3.369569e-01 5.092504e-02 8.705688e-03
1.030000e+02 2.080000e+04 4.169440e-01 3.294470e-01 5.074564e-02 8.679823e-03
1.040000e+02 2.100000e+04 3.891130e-01 3.223874e-01 5.054924e-02 8.650625e-03
1.050000e+02 2.120000e+04 3.631397e-01 3.157511e-01 5.033956e-02 8.618768e-03
1.060000e+02 2.140000e+04 3.389002e-01 3.095124e-01 5.011986e-02 8.584845e-03
1.070000e+02 2.160000e+04 3.162785e-01 3.036471e-01 4.989296e-02 8.549373e-03
1.080000e+02 2.180000e+04 2.951670e-01 2.981322e-01 4.966131e-02 8.512797e-03
1.090000e+02 2.200000e+04 2.754646e-01 2.929460e-01 4.942700e-02 8.475505e-03
1.100000e+02 2.220000e+04 2.570773e-01 2.880683e-01 4.919184e-02 8.437828e-03
1.110000e+02 2.240000e+04 2.399175e-01 2.834800e-01 4.895735e-02 8.400048e-03
1.120000e+02 2.260000e+04 2.239029e-01 2.791631e-01 4.872480e-02 8.362404e-03
1.130000e+02 2.280000e+04 2.089574e-01 2.751010e-01 4.849527e-02 8.325099e-03
1.140000e+02 2.300000e+04 1.950096e-01 2.712778e-01 4.826965e-02 8.288298e-03
1.150000e+02 2.320000e+04 1.819926e-01 2.676790e-01 4.804865e-02 8.252142e-03
1.160000e+02 2.340000e+04 1.698447e-01 2.642906e-01 4.783287e-02 8.216744e-03
1.170000e+02 2.360000e+04 1.585075e-01 2.610998e-01 4.762275e-02 8.182193e-03
1.180000e+02 2.380000e+04 1.479271e-01 2.580945e-01 4.741867e-02 8.148561e-03
1.190000e+02 2.400000e+04 1.380530e-01 2.552636e-01 4.722086e-02 8.115903e-03
1.200000e+02 2.420000e+04 1.288380e-01 2.525962e-01 4.702953e-02 8.084259e-03
1.210000e+02 2.440000e+04 1.202380e-01 2.500828e-01 4.684478e-02 8.053656e-03
1.220000e+02 2.460000e+04 1.122122e-01 2.477138e-01 4.666667e-02 8.024113e-03
1.230000e+02 2.480000e+04 1.047220e-01 2.454808e-01 4.649522e-02 7.995637e-03
1.240000e+02 2.500000e+04 9.773180e-02 2.433756e-01 4.633038e-02 7.968230e-03
1.250000e+02 2.520000e+04 9.120821e-02 2.413905e-01 4.617210e-02 7.941884e-03
1.260000e+02 2.540000e+04 8.512006e-02 2.395186e-01 4.602029e-02 7.916590e-03
1.270000e+02 2.560000e+04 7.943830e-02 2.377531e-01 4.587481e-02 7.892331e-03
1.280000e+02 2.580000e+04 7.413580e-02 2.360877e-01 4.573555e-02 7.869089e-03
1.290000e+02 2.600000e+04 6.918724e-02 2.345167e-01 4.560234e-02 7.846840e-03
1.300000e+02 2.620000e+04 6.456899e-02 2.330345e-01 4.547502e-02 7.825562e-03
1.310000e+02 2.640000e+04 6.025901e-02 2.316359e-01 4.535343e-02 7.805226e-03
1.320000e+02 2.660000e+04 5.623673e-02 2.303162e-01 4.523737e-02 7.785806e-03
1.330000e+02 2.680000e+04 5.248292e-02 2.290707e-01 4.512668e-02 7.767272e-03
1.340000e+02 2.700000e+04 4.897969e-02 2.278952e-01 4.502116e-02 7.749596e-03
1.350000e+02 2.720000e+04 4.571030e-02 2.267857e-01 4.492062e-02 7.732747e-03
1.360000e+02 2.740000e+04 4.265913e-02 2.257384e-01 4.482489e-02 7.716695e-03
1.370000e+02 2.760000e+04 3.981164e-02 2.247498e-01 4.473376e-02 7.701411e-03
1.380000e+02 2.780000e+04 3.715422e-02 2.238166e-01 4.464707e-02 7.686864e-03
1.390000e+02 2.800000e+04 3.467417e-02 2.229355e-01 4.456463e-02 7.673025e-03
1.400000e+02 2.820000e+04 3.235967e-02 2.221036e-01 4.448626e-02 7.659866e-03
1.410000e+02 2.840000e+04 3.019966e-02 2.213182e-01 4.441179e-02 7.647357e-03
1.420000e+02 2.860000e+04 2.818384e-02 2.205767e-01 4.434104e-02 7.635471e-03
1.430000e+02 2.880000e+04 2.630257e-02 2.198765e-01 4.427386e-02 7.624181e-03
1.440000e+02 2.900000e+04 2.454687e-02 2.192154e-01 4.421009e-02 7.613461e-03
1.450000e+02 2.920000e+04 2.290837e-02 2.185911e-01 4.414957e-02 7.603285e-03
1.460000e+02 2.940000e+04 2.137923e-02 2.180016e-01 4.409215e-02 7.593627e-03
1.470000e+02 2.960000e+04 1.995217e-02 2.174450e-01 4.403768e-02 7.584466e-03
1.480000e+02 2.980000e+04 1.862037e-02 2.169194e-01 4.398603e-02 7.575776e-03
1.490000e+02 3.000000e+04 1.737746e-02 2.164231e-01 4.393707e-02 7.567537e-03