0.000231481 day
# index velocity (km/s) density (g/cm^3) 56ni_mass_fraction 52fe_mass_fraction 48cr_mass_fraction
0.000000e+00 2.000000e+02 4.618756e+02 9.891197e-01 9.891197e-03 9.891197e-04
1.000000e+00 4.000000e+02 4.310454e+02 9.891197e-01 9.891197e-03 9.891197e-04
2.000000e+00 6.000000e+02 4.022731e+02 9.891197e-01 9.891197e-03 9.891197e-04
3.000000e+00 8.000000e+02 3.754215e+02 9.891197e-01 9.891197e-03 9.891197e-04
4.000000e+00 1.000000e+03 3.503621e+02 9.891197e-01 9.891197e-03 9.891197e-04
5.000000e+00 1.200000e+03 3.269754e+02 9.891197e-01 9.891197e-03 9.891197e-04
6.000000e+00 1.400000e+03 3.051498e+02 9.891197e-01 9.891197e-03 9.891197e-04
7.000000e+00 1.600000e+03 2.847811e+02 9.891197e-01 9.891197e-03 9.891197e-04
8.000000e+00 1.800000e+03 2.657720e+02 9.891197e-01 9.891197e-03 9.891197e-04
9.000000e+00 2.000000e+03 2.480317e+02 9.891197e-01 9.891197e-03 9.891197e-04
1.000000e+01 2.200000e+03 2.314756e+02 9.891197e-01 9.891197e-03 9.891197e-04
1.100000e+01 2.400000e+03 2.160246e+02 9.891197e-01 9.891197e-03 9.891197e-04
1.200000e+01 2.600000e+03 2.016050e+02 9.891197e-01 9.891197e-03 9.891197e-04
1.300000e+01 2.800000e+03 1.881478e+02 9.891197e-01 9.891197e-03 9.891197e-04
1.400000e+01 3.000000e+03 1.755890e+02 9.891197e-01 9.891197e-03 9.891197e-04
1.500000e+01 3.200000e+03 1.638684e+02 9.891197e-01 9.891197e-03 9.891197e-04
1.600000e+01 3.400000e+03 1.529302e+02 9.891197e-01 9.891197e-03 9.891197e-04
1.700000e+01 3.600000e+03 1.427221e+02 9.891197e-01 9.891197e-03 9.891197e-04
1.800000e+01 3.800000e+03 1.331954e+02 9.891197e-01 9.891197e-03 9.891197e-04
1.900000e+01 4.000000e+03 1.243046e+02 9.891197e-01 9.891197e-03 9.891197e-04
2.000000e+01 4.200000e+03 1.160073e+02 9.891197e-01 9.891197e-03 9.891197e-04
2.100000e+01 4.400000e+03 1.082638e+02 9.891197e-01 9.891197e-03 9.891197e-04
2.200000e+01 4.600000e+03 1.010372e+02 9.891197e-01 9.891197e-03 9.891197e-04
2.300000e+01 4.800000e+03 9.429301e+01 9.891197e-01 9.891197e-03 9.891197e-04
2.400000e+01 5.000000e+03 8.799893e+01 9.891197e-01 9.891197e-03 9.891197e-04
2.500000e+01 5.200000e+03 8.212499e+01 9.891197e-01 9.891197e-03 9.891197e-04
2.600000e+01 5.400000e+03 7.664315e+01 9.891197e-01 9.891197e-03 9.891197e-04
2.700000e+01 5.600000e+03 7.152722e+01 9.891197e-01 9.891197e-03 9.891197e-04
2.800000e+01 5.800000e+03 6.675278e+01 9.891197e-01 9.891197e-03 9.891197e-04
2.900000e+01 6.000000e+03 6.229703e+01 9.891197e-01 9.891197e-03 9.891197e-04
3.000000e+01 6.200000e+03 5.813871e+01 9.891197e-01 9.891197e-03 9.891197e-04
3.100000e+01 6.400000e+03 5.425795e+01 9.891197e-01 9.891197e-03 9.891197e-04
3.200000e+01 6.600000e+03 5.063624e+01 9.891197e-01 9.891197e-03 9.891197e-04
3.300000e+01 6.800000e+03 4.725627e+01 9.891197e-01 9.891197e-03 9.891197e-04
3.400000e+01 7.000000e+03 4.410191e+01 9.891197e-01 9.891197e-03 9.891197e-04
3.500000e+01 7.200000e+03 4.115811e+01 9.891197e-01 9.891197e-03 9.891197e-04
3.600000e+01 7.400000e+03 3.841081e+01 9.891197e-01 9.891197e-03 9.891197e-04
3.700000e+01 7.600000e+03 3.584689e+01 9.891197e-01 9.891197e-03 9.891197e-04
3.800000e+01 7.800000e+03 3.345411e+01 9.891197e-01 9.891197e-03 9.891197e-04
3.900000e+01 8.000000e+03 3.122105e+01 9.891197e-01 9.891197e-03 9.891197e-04
4.000000e+01 8.200000e+03 2.913704e+01 9.891197e-01 9.891197e-03 9.891197e-04
4.100000e+01 8.400000e+03 2.719214e+01 9.891197e-01 9.891197e-03 9.891197e-04
4.200000e+01 8.600000e+03 2.537707e+01 9.884473e-01 9.884473e-03 9.884473e-04
4.300000e+01 8.800000e+03 2.368316e+01 9.797535e-01 9.797535e-03 9.797535e-04
4.400000e+01 9.000000e+03 2.210230e+01 9.676517e-01 9.676517e-03 9.676517e-04
4.500000e+01 9.200000e+03 2.062697e+01 9.511126e-01 9.511126e-03 9.511126e-04
4.600000e+01 9.400000e+03 1.925012e+01 9.289829e-01 9.289829e-03 9.289829e-04
4.700000e+01 9.600000e+03 1.796518e+01 9.000889e-01 9.000889e-03 9.000889e-04
4.800000e+01 9.800000e+03 1.676601e+01 8.634126e-01 8.634126e-03 8.634126e-04
4.900000e+01 1.000000e+04 1.564687e+01 8.183325e-01 8.183325e-03 8.183325e-04
5.000000e+01 1.020000e+04 1.460245e+01 7.648865e-01 7.648865e-03 7.648865e-04
5.100000e+01 1.040000e+04 1.362774e+01 7.039733e-01 7.039733e-03 7.039733e-04
5.200000e+01 1.060000e+04 1.271808e+01 6.373938e-01 6.373938e-03 6.373938e-04
5.300000e+01 1.080000e+04 1.186915e+01 5.676695e-01 5.676695e-03 5.676695e-04
5.400000e+01 1.100000e+04 1.107689e+01 4.976617e-01 4.976617e-03 4.976617e-04
5.500000e+01 1.120000e+04 1.033751e+01 4.301079e-01 4.301079e-03 4.301079e-04
5.600000e+01 1.140000e+04 9.647472e+00 3.672273e-01 3.672273e-03 3.672273e-04
5.700000e+01 1.160000e+04 9.003504e+00 3.105019e-01 3.105019e-03 3.105019e-04
5.800000e+01 1.180000e+04 8.402524e+00 2.606526e-01 2.606526e-03 2.606526e-04
5.900000e+01 1.200000e+04 7.841655e+00 2.177604e-01 2.177604e-03 2.177604e-04
6.000000e+01 1.220000e+04 7.318224e+00 1.814515e-01 1.814515e-03 1.814515e-04
6.100000e+01 1.240000e+04 6.829733e+00 1.510847e-01 1.510847e-03 1.510847e-04
6.200000e+01 1.260000e+04 6.373848e+00 1.259016e-01 1.259016e-03 1.259016e-04
6.300000e+01 1.280000e+04 5.948394e+00 1.051315e-01 1.051315e-03 1.051315e-04
6.400000e+01 1.300000e+04 5.551339e+00 8.805350e-02 8.805350e-04 8.805350e-05
6.500000e+01 1.320000e+04 5.180787e+00 7.402753e-02 7.402753e-04 7.402753e-05
6.600000e+01 1.340000e+04 4.834970e+00 6.250428e-02 6.250428e-04 6.250428e-05
6.700000e+01 1.360000e+04 4.512236e+00 5.302318e-02 5.302318e-04 5.302318e-05
6.800000e+01 1.380000e+04 4.211044e+00 4.520402e-02 4.520402e-04 4.520402e-05
6.900000e+01 1.400000e+04 3.929957e+00 3.873620e-02 3.873620e-04 3.873620e-05
7.000000e+01 1.420000e+04 3.667633e+00 3.336765e-02 3.336765e-04 3.336765e-05
7.100000e+01 1.440000e+04 3.422818e+00 2.889466e-02 2.889466e-04 2.889466e-05
7.200000e+01 1.460000e+04 3.194345e+00 2.515285e-02 2.515285e-04 2.515285e-05
7.300000e+01 1.480000e+04 2.981123e+00 2.200966e-02 2.200966e-04 2.200966e-05
7.400000e+01 1.500000e+04 2.782132e+00 1.935816e-02 1.935816e-04 1.935816e-05
7.500000e+01 1.520000e+04 2.596426e+00 1.711187e-02 1.711187e-04 1.711187e-05
7.600000e+01 1.540000e+04 2.423115e+00 1.520078e-02 1.520078e-04 1.520078e-05
7.700000e+01 1.560000e+04 2.261372e+00 1.356802e-02 1.356816e-04 1.356826e-05
7.800000e+01 1.580000e+04 2.110425e+00 1.216739e-02 1.217596e-04 1.218248e-05
7.900000e+01 1.600000e+04 1.969554e+00 1.096467e-02 1.123276e-04 1.143645e-05
8.000000e+01 1.620000e+04 1.838087e+00 9.984874e-03 1.451423e-04 1.795556e-05
8.100000e+01 1.640000e+04 1.715394e+00 9.674936e-03 5.407025e-04 8.780105e-05
8.200000e+01 1.660000e+04 1.600891e+00 1.225627e-02 2.821235e-03 4.871640e-04
8.300000e+01 1.680000e+04 1.494032e+00 2.372737e-02 1.107081e-02 1.930195e-03
8.400000e+01 1.700000e+04 1.394306e+00 5.251340e-02 3.101899e-02 5.418771e-03
8.500000e+01 1.720000e+04 1.301235e+00 1.017236e-01 6.478473e-02 1.132342e-02
8.600000e+01 1.740000e+04 1.214378e+00 1.626221e-01 1.064441e-01 1.860830e-02
8.700000e+01 1.760000e+04 1.133319e+00 2.193920e-01 1.452647e-01 2.539675e-02
8.800000e+01 1.780000e+04 1.057670e+00 2.604572e-01 1.733925e-01 3.031543e-02
8.900000e+01 1.800000e+04 9.870704e-01 2.838438e-01 1.894913e-01 3.313070e-02
9.000000e+01 1.820000e+04 9.211832e-01 2.940120e-01 1.965927e-01 3.437267e-02
9.100000e+01 1.840000e+04 8.596943e-01 2.965527e-01 1.984953e-01 3.470555e-02
9.200000e+01 1.860000e+04 8.023098e-01 2.954251e-01 1.978895e-01 3.459980e-02
9.300000e+01 1.880000e+04 7.487556e-01 2.927280e-01 1.962025e-01 3.430497e-02
9.400000e+01 1.900000e+04 6.987762e-01 2.893867e-01 1.940641e-01 3.393120e-02
9.500000e+01 1.920000e+04 6.521329e-01 2.857692e-01 1.917259e-01 3.352248e-02
9.600000e+01 1.940000e+04 6.086030e-01 2.820230e-01 1.892895e-01 3.309657e-02
9.700000e+01 1.960000e+04 5.679788e-01 2.782173e-01 1.868030e-01 3.266189e-02
9.800000e+01 1.980000e+04 5.300663e-01 2.743936e-01 1.842956e-01 3.222354e-02
9.900000e+01 2.000000e+04 4.946843e-01 2.705820e-01 1.817886e-01 3.178527e-02
1.000000e+02 2.020000e+04 4.616641e-01 2.668065e-01 1.792993e-01 3.135008e-02
1.010000e+02 2.040000e+04 4.308481e-01 2.630866e-01 1.768416e-01 3.092039e-02
1.020000e+02 2.060000e+04 4.020890e-01 2.594381e-01 1.744268e-01 3.049821e-02
1.030000e+02 2.080000e+04 3.752496e-01 2.558738e-01 1.720640e-01 3.008512e-02
1.040000e+02 2.100000e+04 3.502017e-01 2.524035e-01 1.697605e-01 2.968240e-02
1.050000e+02 2.120000e+04 3.268257e-01 2.490347e-01 1.675219e-01 2.929101e-02
1.060000e+02 2.140000e+04 3.050101e-01 2.457731e-01 1.653523e-01 2.891168e-02
1.070000e+02 2.160000e+04 2.846507e-01 2.426226e-01 1.632547e-01 2.854494e-02
1.080000e+02 2.180000e+04 2.656503e-01 2.395855e-01 1.612310e-01 2.819112e-02
1.090000e+02 2.200000e+04 2.479181e-01 2.366630e-01 1.592823e-01 2.785042e-02
1.100000e+02 2.220000e+04 2.313696e-01 2.338554e-01 1.574090e-01 2.752289e-02
1.110000e+02 2.240000e+04 2.159257e-01 2.311619e-01 1.556109e-01 2.720850e-02
1.120000e+02 2.260000e+04 2.015126e-01 2.285812e-01 1.538871e-01 2.690713e-02
1.130000e+02 2.280000e+04 1.880617e-01 2.261114e-01 1.522368e-01 2.661857e-02
1.140000e+02 2.300000e+04 1.755086e-01 2.237502e-01 1.506583e-01 2.634258e-02
1.150000e+02 2.320000e+04 1.637934e-01 2.214949e-01 1.491500e-01 2.607887e-02
1.160000e+02 2.340000e+04 1.528602e-01 2.193425e-01 1.477100e-01 2.582711e-02
1.170000e+02 2.360000e+04 1.426567e-01 2.172899e-01 1.463364e-01 2.558694e-02
1.180000e+02 2.380000e+04 1.331344e-01 2.153338e-01 1.450269e-01 2.535799e-02
1.190000e+02 2.400000e+04 1.242477e-01 2.134707e-01 1.437795e-01 2.513987e-02
1.200000e+02 2.420000e+04 1.159542e-01 2.116973e-01 1.425917e-01 2.493221e-02
1.210000e+02 2.440000e+04 1.082142e-01 2.100101e-01 1.414615e-01 2.473459e-02
1.220000e+02 2.460000e+04 1.009910e-01 2.084057e-01 1.403864e-01 2.454662e-02
1.230000e+02 2.480000e+04 9.424977e-02 2.068806e-01 1.393644e-01 2.436792e-02
1.240000e+02 2.500000e+04 8.795862e-02 2.054315e-01 1.383930e-01 2.419809e-02
1.250000e+02 2.520000e+04 8.208739e-02 2.040550e-01 1.374703e-01 2.403675e-02
1.260000e+02 2.540000e+04 7.660805e-02 2.027481e-01 1.365940e-01 2.388354e-02
1.270000e+02 2.560000e+04 7.149447e-02 2.015075e-01 1.357621e-01 2.373808e-02
1.280000e+02 2.580000e+04 6.672222e-02 2.003302e-01 1.349725e-01 2.360002e-02
1.290000e+02 2.600000e+04 6.226851e-02 1.992133e-01 1.342233e-01 2.346903e-02
1.300000e+02 2.620000e+04 5.811209e-02 1.981540e-01 1.335127e-01 2.334478e-02
1.310000e+02 2.640000e+04 5.423311e-02 1.971494e-01 1.328387e-01 2.322694e-02
1.320000e+02 2.660000e+04 5.061305e-02 1.961970e-01 1.321997e-01 2.311520e-02
1.330000e+02 2.680000e+04 4.723463e-02 1.952943e-01 1.315939e-01 2.300929e-02
1.340000e+02 2.700000e+04 4.408172e-02 1.944387e-01 1.310197e-01 2.290890e-02
1.350000e+02 2.720000e+04 4.113927e-02 1.936281e-01 1.304757e-01 2.281377e-02
1.360000e+02 2.740000e+04 3.839322e-02 1.928601e-01 1.299602e-01 2.272364e-02
1.370000e+02 2.760000e+04 3.583048e-02 1.921326e-01 1.294719e-01 2.263826e-02
1.380000e+02 2.780000e+04 3.343880e-02 1.914436e-01 1.290094e-01 2.255739e-02
1.390000e+02 2.800000e+04 3.120676e-02 1.907912e-01 1.285714e-01 2.248081e-02
1.400000e+02 2.820000e+04 2.912370e-02 1.901735e-01 1.281566e-01 2.240830e-02
1.410000e+02 2.840000e+04 2.717970e-02 1.895887e-01 1.277640e-01 2.233965e-02
1.420000e+02 2.860000e+04 2.536545e-02 1.890351e-01 1.273923e-01 2.227466e-02
1.430000e+02 2.880000e+04 2.367231e-02 1.885112e-01 1.270405e-01 2.221315e-02
1.440000e+02 2.900000e+04 2.209218e-02 1.880154e-01 1.267076e-01 2.215494e-02
1.450000e+02 2.920000e+04 2.061753e-02 1.875462e-01 1.263925e-01 2.209985e-02
1.460000e+02 2.940000e+04 1.924131e-02 1.871024e-01 1.260944e-01 2.204773e-02
1.470000e+02 2.960000e+04 1.795695e-02 1.866824e-01 1.258124e-01 2.199842e-02
1.480000e+02 2.980000e+04 1.675833e-02 1.862852e-01 1.255456e-01 2.195177e-02
1.490000e+02 3.000000e+04 1.563971e-02 1.859094e-01 1.252933e-01 2.190765e-02