Time,U,B,V,R,I,gs,rs,is
7.500000e-01,,-1.378391e+00,-4.897521e+00,-6.036690e+00,-7.906271e+00,-3.665448e+00,-5.302124e+00,-6.844317e+00
1.250000e+00,,-1.781898e+00,-5.325913e+00,-7.468362e+00,-9.284633e+00,-3.854359e+00,-7.088882e+00,-8.055314e+00
1.750000e+00,-3.685129e+00,-6.096990e+00,-8.802030e+00,-1.056290e+01,-1.194077e+01,-7.240870e+00,-9.943225e+00,-1.128977e+01
2.250000e+00,-8.887596e+00,-9.658715e+00,-1.205639e+01,-1.331352e+01,-1.421621e+01,-1.073079e+01,-1.275306e+01,-1.387053e+01
2.750000e+00,-1.070099e+01,-1.159327e+01,-1.417992e+01,-1.467778e+01,-1.529116e+01,-1.277987e+01,-1.429042e+01,-1.497374e+01
3.250000e+00,-1.175865e+01,-1.279557e+01,-1.539047e+01,-1.560545e+01,-1.602223e+01,-1.401393e+01,-1.532997e+01,-1.567371e+01
3.750000e+00,-1.301609e+01,-1.377811e+01,-1.622176e+01,-1.633638e+01,-1.662144e+01,-1.489494e+01,-1.611791e+01,-1.624530e+01
4.250000e+00,-1.399465e+01,-1.465299e+01,-1.682725e+01,-1.690772e+01,-1.711299e+01,-1.564361e+01,-1.673191e+01,-1.669097e+01
4.750000e+00,-1.509784e+01,-1.553944e+01,-1.730217e+01,-1.734715e+01,-1.757867e+01,-1.635616e+01,-1.719879e+01,-1.706129e+01
5.250000e+00,-1.608657e+01,-1.637554e+01,-1.766448e+01,-1.764392e+01,-1.795001e+01,-1.700885e+01,-1.751834e+01,-1.730642e+01
5.750000e+00,-1.681425e+01,-1.701115e+01,-1.790991e+01,-1.784731e+01,-1.824537e+01,-1.750038e+01,-1.772744e+01,-1.751079e+01
6.250000e+00,-1.733036e+01,-1.742744e+01,-1.808813e+01,-1.801961e+01,-1.846084e+01,-1.783225e+01,-1.790175e+01,-1.768472e+01
6.750000e+00,-1.768515e+01,-1.771980e+01,-1.822803e+01,-1.815101e+01,-1.863907e+01,-1.806929e+01,-1.803915e+01,-1.781511e+01
7.250000e+00,-1.792141e+01,-1.793577e+01,-1.834816e+01,-1.827878e+01,-1.878584e+01,-1.825447e+01,-1.817372e+01,-1.792556e+01
7.750000e+00,-1.808961e+01,-1.807901e+01,-1.843804e+01,-1.837714e+01,-1.892325e+01,-1.838077e+01,-1.827292e+01,-1.803219e+01
8.250000e+00,-1.823028e+01,-1.821374e+01,-1.852627e+01,-1.847262e+01,-1.904345e+01,-1.849973e+01,-1.837104e+01,-1.812935e+01
8.750000e+00,-1.829844e+01,-1.831203e+01,-1.861542e+01,-1.855933e+01,-1.914542e+01,-1.859891e+01,-1.846112e+01,-1.821357e+01
9.250000e+00,-1.834636e+01,-1.838968e+01,-1.869236e+01,-1.863979e+01,-1.923965e+01,-1.868234e+01,-1.854243e+01,-1.828992e+01
9.750000e+00,-1.838298e+01,-1.845570e+01,-1.876436e+01,-1.870967e+01,-1.932123e+01,-1.875493e+01,-1.861788e+01,-1.834924e+01
1.025000e+01,-1.840677e+01,-1.851529e+01,-1.883572e+01,-1.877060e+01,-1.939704e+01,-1.882546e+01,-1.868216e+01,-1.840559e+01
1.075000e+01,-1.840190e+01,-1.856386e+01,-1.890313e+01,-1.883070e+01,-1.946582e+01,-1.888558e+01,-1.874758e+01,-1.844772e+01
1.125000e+01,-1.838729e+01,-1.859985e+01,-1.896693e+01,-1.888164e+01,-1.952688e+01,-1.893970e+01,-1.880223e+01,-1.848514e+01
1.175000e+01,-1.836287e+01,-1.862627e+01,-1.902731e+01,-1.893242e+01,-1.958114e+01,-1.898427e+01,-1.885980e+01,-1.851869e+01
1.225000e+01,-1.832272e+01,-1.865078e+01,-1.909014e+01,-1.897555e+01,-1.962737e+01,-1.902837e+01,-1.890999e+01,-1.853511e+01
1.275000e+01,-1.826754e+01,-1.866644e+01,-1.914966e+01,-1.901800e+01,-1.966690e+01,-1.906625e+01,-1.895845e+01,-1.855421e+01
1.325000e+01,-1.820382e+01,-1.866984e+01,-1.919762e+01,-1.905546e+01,-1.970649e+01,-1.909163e+01,-1.900162e+01,-1.856813e+01
1.375000e+01,-1.813446e+01,-1.867119e+01,-1.924685e+01,-1.908714e+01,-1.973983e+01,-1.911589e+01,-1.903860e+01,-1.857732e+01
1.425000e+01,-1.806168e+01,-1.866723e+01,-1.929077e+01,-1.911803e+01,-1.976843e+01,-1.913408e+01,-1.907403e+01,-1.858304e+01
1.475000e+01,-1.798319e+01,-1.865780e+01,-1.933008e+01,-1.914223e+01,-1.978734e+01,-1.914705e+01,-1.910390e+01,-1.858384e+01
1.525000e+01,-1.790350e+01,-1.864707e+01,-1.936883e+01,-1.916326e+01,-1.980702e+01,-1.915978e+01,-1.913061e+01,-1.858024e+01
1.575000e+01,-1.781352e+01,-1.862887e+01,-1.940672e+01,-1.918714e+01,-1.982327e+01,-1.916542e+01,-1.915868e+01,-1.857568e+01
1.625000e+01,-1.771481e+01,-1.859924e+01,-1.943225e+01,-1.921159e+01,-1.983807e+01,-1.915833e+01,-1.918802e+01,-1.857142e+01
1.675000e+01,-1.762220e+01,-1.856746e+01,-1.945449e+01,-1.922934e+01,-1.985017e+01,-1.914945e+01,-1.920935e+01,-1.856735e+01
1.725000e+01,-1.753541e+01,-1.853406e+01,-1.947876e+01,-1.924587e+01,-1.985554e+01,-1.913742e+01,-1.922867e+01,-1.856660e+01
1.775000e+01,-1.743895e+01,-1.849043e+01,-1.949778e+01,-1.926074e+01,-1.985976e+01,-1.911847e+01,-1.924544e+01,-1.856150e+01
1.825000e+01,-1.734444e+01,-1.844633e+01,-1.951357e+01,-1.927239e+01,-1.985666e+01,-1.909662e+01,-1.926076e+01,-1.854416e+01
1.875000e+01,-1.726151e+01,-1.840134e+01,-1.952492e+01,-1.927827e+01,-1.985600e+01,-1.907187e+01,-1.926806e+01,-1.854080e+01
1.925000e+01,-1.717864e+01,-1.834882e+01,-1.953175e+01,-1.928483e+01,-1.985169e+01,-1.903929e+01,-1.927568e+01,-1.853438e+01
1.975000e+01,-1.710996e+01,-1.830438e+01,-1.953452e+01,-1.928487e+01,-1.984918e+01,-1.901075e+01,-1.927577e+01,-1.853094e+01
2.025000e+01,-1.703150e+01,-1.826020e+01,-1.952949e+01,-1.927651e+01,-1.984360e+01,-1.898148e+01,-1.926796e+01,-1.851844e+01
2.075000e+01,-1.696525e+01,-1.821884e+01,-1.952505e+01,-1.927004e+01,-1.983668e+01,-1.895536e+01,-1.926061e+01,-1.850818e+01
