0.000231481 day
# index velocity (km/s) density (g/cm^3) fraction_of_zone_that_is_56ni 
1.000000e+00  2.000000e+02	 2.725508e+01  	9.553000e-01  	
2.000000e+00  4.000000e+02	 2.725508e+01  	9.552939e-01  	
3.000000e+00  6.000000e+02	 2.725508e+01  	9.552772e-01  	
4.000000e+00  8.000000e+02	 2.725508e+01  	9.552448e-01  	
5.000000e+00  1.000000e+03	 2.725508e+01  	9.551913e-01  	
6.000000e+00  1.200000e+03	 2.725508e+01  	9.551115e-01  	
7.000000e+00  1.400000e+03	 2.725508e+01  	9.550000e-01  	
8.000000e+00  1.600000e+03	 2.725508e+01  	9.548514e-01  	
9.000000e+00  1.800000e+03	 2.725508e+01  	9.546602e-01  	
1.000000e+01  2.000000e+03	 2.725508e+01  	9.544210e-01  	
1.100000e+01  2.200000e+03	 2.725508e+01  	9.541280e-01  	
1.200000e+01  2.400000e+03	 2.725508e+01  	9.537754e-01  	
1.300000e+01  2.600000e+03	 2.725508e+01  	9.533571e-01  	
1.400000e+01  2.800000e+03	 2.725508e+01  	9.528671e-01  	
1.500000e+01  3.000000e+03	 2.725508e+01  	9.522987e-01  	
1.600000e+01  3.200000e+03	 2.725508e+01  	9.516453e-01  	
1.700000e+01  3.400000e+03	 2.725508e+01  	9.508996e-01  	
1.800000e+01  3.600000e+03	 2.725508e+01  	9.500542e-01  	
1.900000e+01  3.800000e+03	 2.725508e+01  	9.491011e-01  	
2.000000e+01  4.000000e+03	 2.725508e+01  	9.480318e-01  	
2.100000e+01  4.200000e+03	 2.725508e+01  	9.468370e-01  	
2.200000e+01  4.400000e+03	 2.725508e+01  	9.455071e-01  	
2.300000e+01  4.600000e+03	 2.725508e+01  	9.440316e-01  	
2.400000e+01  4.800000e+03	 2.725508e+01  	9.423989e-01  	
2.500000e+01  5.000000e+03	 2.725508e+01  	9.405967e-01  	
2.600000e+01  5.200000e+03	 2.725508e+01  	9.386117e-01  	
2.700000e+01  5.400000e+03	 2.725508e+01  	9.364292e-01  	
2.800000e+01  5.600000e+03	 2.725508e+01  	9.340332e-01  	
2.900000e+01  5.800000e+03	 2.725508e+01  	9.314064e-01  	
3.000000e+01  6.000000e+03	 2.725508e+01  	9.285297e-01  	
3.100000e+01  6.200000e+03	 2.725508e+01  	9.253822e-01  	
3.200000e+01  6.400000e+03	 2.725508e+01  	9.219410e-01  	
3.300000e+01  6.600000e+03	 2.725508e+01  	9.181812e-01  	
3.400000e+01  6.800000e+03	 2.725508e+01  	9.140753e-01  	
3.500000e+01  7.000000e+03	 2.725508e+01  	9.095931e-01  	
3.600000e+01  7.200000e+03	 2.725508e+01  	9.047017e-01  	
3.700000e+01  7.400000e+03	 2.725508e+01  	8.993650e-01  	
3.800000e+01  7.600000e+03	 2.725508e+01  	8.935437e-01  	
3.900000e+01  7.800000e+03	 2.725508e+01  	8.871946e-01  	
4.000000e+01  8.000000e+03	 2.725508e+01  	8.802709e-01  	
4.100000e+01  8.200000e+03	 2.725508e+01  	8.727217e-01  	
4.200000e+01  8.400000e+03	 2.725508e+01  	8.644921e-01  	
4.300000e+01  8.600000e+03	 2.725508e+01  	8.555228e-01  	
4.400000e+01  8.800000e+03	 2.725508e+01  	8.457502e-01  	
4.500000e+01  9.000000e+03	 2.725508e+01  	8.351070e-01  	
4.600000e+01  9.200000e+03	 2.725508e+01  	8.235218e-01  	
4.700000e+01  9.400000e+03	 2.725508e+01  	8.109203e-01  	
4.800000e+01  9.600000e+03	 2.725508e+01  	7.972257e-01  	
4.900000e+01  9.800000e+03	 2.725508e+01  	7.823604e-01  	
5.000000e+01  1.000000e+04	 2.725508e+01  	7.662470e-01  	
5.100000e+01  1.020000e+04	 2.725508e+01  	7.488112e-01  	
5.200000e+01  1.040000e+04	 2.725508e+01  	7.299840e-01  	
5.300000e+01  1.060000e+04	 2.725508e+01  	7.097050e-01  	
5.400000e+01  1.080000e+04	 2.725508e+01  	6.879268e-01  	
5.500000e+01  1.100000e+04	 2.725508e+01  	6.646192e-01  	
5.600000e+01  1.120000e+04	 2.725508e+01  	6.397744e-01  	
5.700000e+01  1.140000e+04	 2.725508e+01  	6.134121e-01  	
5.800000e+01  1.160000e+04	 2.725508e+01  	5.855852e-01  	
5.900000e+01  1.180000e+04	 2.725508e+01  	5.563843e-01  	
6.000000e+01  1.200000e+04	 2.725508e+01  	5.259419e-01  	
6.100000e+01  1.220000e+04	 2.725508e+01  	4.944344e-01  	
6.200000e+01  1.240000e+04	 2.725508e+01  	4.620827e-01  	
6.300000e+01  1.260000e+04	 2.557191e+01  	4.311643e-01  	
6.400000e+01  1.280000e+04	 2.254488e+01  	4.035763e-01  	
6.500000e+01  1.300000e+04	 1.991502e+01  	3.790188e-01  	
6.600000e+01  1.320000e+04	 1.762528e+01  	3.571820e-01  	
6.700000e+01  1.340000e+04	 1.562749e+01  	3.377658e-01  	
6.800000e+01  1.360000e+04	 1.388086e+01  	3.204903e-01  	
6.900000e+01  1.380000e+04	 1.235079e+01  	3.051008e-01  	
7.000000e+01  1.400000e+04	 1.100787e+01  	2.913694e-01  	
7.100000e+01  1.420000e+04	 9.826997e+00  	2.790946e-01  	
7.200000e+01  1.440000e+04	 8.786738e+00  	2.680995e-01  	
7.300000e+01  1.460000e+04	 7.868732e+00  	2.582294e-01  	
7.400000e+01  1.480000e+04	 7.057223e+00  	2.493497e-01  	
7.500000e+01  1.500000e+04	 6.338661e+00  	2.413434e-01  	
7.600000e+01  1.520000e+04	 5.701366e+00  	2.341085e-01  	
7.700000e+01  1.540000e+04	 5.135253e+00  	2.275565e-01  	
7.800000e+01  1.560000e+04	 4.631597e+00  	2.216102e-01  	
7.900000e+01  1.580000e+04	 4.182837e+00  	2.162026e-01  	
8.000000e+01  1.600000e+04	 3.782402e+00  	2.112749e-01  	
8.100000e+01  1.620000e+04	 3.424581e+00  	2.067759e-01  	
8.200000e+01  1.640000e+04	 3.104394e+00  	2.026604e-01  	
8.300000e+01  1.660000e+04	 2.817493e+00  	1.988892e-01  	
8.400000e+01  1.680000e+04	 2.560079e+00  	1.954273e-01  	
8.500000e+01  1.700000e+04	 2.328822e+00  	1.922441e-01  	
8.600000e+01  1.720000e+04	 2.120801e+00  	1.893125e-01  	
8.700000e+01  1.740000e+04	 1.933453e+00  	1.866085e-01  	
8.800000e+01  1.760000e+04	 1.764519e+00  	1.841107e-01  	
8.900000e+01  1.780000e+04	 1.612009e+00  	1.818002e-01  	
9.000000e+01  1.800000e+04	 1.474170e+00  	1.796599e-01  	
9.100000e+01  1.820000e+04	 1.349449e+00  	1.776748e-01  	
9.200000e+01  1.840000e+04	 1.236474e+00  	1.758313e-01  	
9.300000e+01  1.860000e+04	 1.134029e+00  	1.741173e-01  	
9.400000e+01  1.880000e+04	 1.041034e+00  	1.725218e-01  	
9.500000e+01  1.900000e+04	 9.565304e-01  	1.710350e-01  	
9.600000e+01  1.920000e+04	 8.796659e-01  	1.696479e-01  	
9.700000e+01  1.940000e+04	 8.096806e-01  	1.683526e-01  	
9.800000e+01  1.960000e+04	 7.458973e-01  	1.671418e-01  	
9.900000e+01  1.980000e+04	 6.877112e-01  	1.660088e-01  	
1.000000e+02  2.000000e+04	 6.345818e-01  	1.649478e-01  	
1.010000e+02  2.020000e+04	 5.860257e-01  	1.639531e-01  	
1.020000e+02  2.040000e+04	 5.416095e-01  	1.630200e-01  	
1.030000e+02  2.060000e+04	 5.009447e-01  	1.621438e-01  	
1.040000e+02  2.080000e+04	 4.636827e-01  	1.613204e-01  	
1.050000e+02  2.100000e+04	 4.295100e-01  	1.605460e-01  	
1.060000e+02  2.120000e+04	 3.981445e-01  	1.598171e-01  	
1.070000e+02  2.140000e+04	 3.693324e-01  	1.591306e-01  	
1.080000e+02  2.160000e+04	 3.428448e-01  	1.584836e-01  	
1.090000e+02  2.180000e+04	 3.184752e-01  	1.578733e-01  	
1.100000e+02  2.200000e+04	 2.960371e-01  	1.572972e-01  	
1.110000e+02  2.220000e+04	 2.753619e-01  	1.567532e-01  	
1.120000e+02  2.240000e+04	 2.562970e-01  	1.562390e-01  	
1.130000e+02  2.260000e+04	 2.387042e-01  	1.557528e-01  	
1.140000e+02  2.280000e+04	 2.224584e-01  	1.552928e-01  	
1.150000e+02  2.300000e+04	 2.074459e-01  	1.548572e-01  	
1.160000e+02  2.320000e+04	 1.935636e-01  	1.544446e-01  	
1.170000e+02  2.340000e+04	 1.807177e-01  	1.540535e-01  	
1.180000e+02  2.360000e+04	 1.688230e-01  	1.536826e-01  	
1.190000e+02  2.380000e+04	 1.578018e-01  	1.533307e-01  	
1.200000e+02  2.400000e+04	 1.475835e-01  	1.529966e-01  	
1.210000e+02  2.420000e+04	 1.381035e-01  	1.526793e-01  	
1.220000e+02  2.440000e+04	 1.293031e-01  	1.523778e-01  	
1.230000e+02  2.460000e+04	 1.211286e-01  	1.520911e-01  	
1.240000e+02  2.480000e+04	 1.135309e-01  	1.518184e-01  	
1.250000e+02  2.500000e+04	 1.064652e-01  	1.515589e-01  	
1.260000e+02  2.520000e+04	 9.989029e-02  	1.513118e-01  	
1.270000e+02  2.540000e+04	 9.376869e-02  	1.510765e-01  	
1.280000e+02  2.560000e+04	 8.806592e-02  	1.508523e-01  	
1.290000e+02  2.580000e+04	 8.275037e-02  	1.506385e-01  	
1.300000e+02  2.600000e+04	 7.779305e-02  	1.504346e-01  	
1.310000e+02  2.620000e+04	 7.316734e-02  	1.502402e-01  	
1.320000e+02  2.640000e+04	 6.884877e-02  	1.500545e-01  	
1.330000e+02  2.660000e+04	 6.481485e-02  	1.498773e-01  	
1.340000e+02  2.680000e+04	 6.104488e-02  	1.497080e-01  	
1.350000e+02  2.700000e+04	 5.751981e-02  	1.495462e-01  	
1.360000e+02  2.720000e+04	 5.422210e-02  	1.493915e-01  	
1.370000e+02  2.740000e+04	 5.113557e-02  	1.492437e-01  	
1.380000e+02  2.760000e+04	 4.824529e-02  	1.491022e-01  	
1.390000e+02  2.780000e+04	 4.553750e-02  	1.489668e-01  	
1.400000e+02  2.800000e+04	 4.299949e-02  	1.488373e-01  	
1.410000e+02  2.820000e+04	 4.061951e-02  	1.487132e-01  	
1.420000e+02  2.840000e+04	 3.838671e-02  	1.485943e-01  	
1.430000e+02  2.860000e+04	 3.629103e-02  	1.484805e-01  	
1.440000e+02  2.880000e+04	 3.432319e-02  	1.483713e-01  	
1.450000e+02  2.900000e+04	 3.247458e-02  	1.482667e-01  	
1.460000e+02  2.920000e+04	 3.073723e-02  	1.481663e-01  	
1.470000e+02  2.940000e+04	 2.910375e-02  	1.480700e-01  	
1.480000e+02  2.960000e+04	 2.756728e-02  	1.479776e-01  	
1.490000e+02  2.980000e+04	 2.612146e-02  	1.478889e-01  	
1.500000e+02  3.000000e+04	 2.476039e-02  	1.478037e-01  	