0.000231481 day
# index velocity (km/s) density (g/cm^3) fraction_of_zone_that_is_56ni
1.000000e+00  2.000000e+02	 1.273610e+02  	1.000000e+00  	
2.000000e+00  4.000000e+02	 1.273610e+02  	1.000000e+00  	
3.000000e+00  6.000000e+02	 1.273610e+02  	1.000000e+00  	
4.000000e+00  8.000000e+02	 1.273610e+02  	1.000000e+00  	
5.000000e+00  1.000000e+03	 1.273610e+02  	1.000000e+00  	
6.000000e+00  1.200000e+03	 1.273610e+02  	1.000000e+00  	
7.000000e+00  1.400000e+03	 1.273610e+02  	1.000000e+00  	
8.000000e+00  1.600000e+03	 1.273610e+02  	1.000000e+00  	
9.000000e+00  1.800000e+03	 1.273610e+02  	1.000000e+00  	
1.000000e+01  2.000000e+03	 1.273610e+02  	1.000000e+00  	
1.100000e+01  2.200000e+03	 1.273610e+02  	1.000000e+00  	
1.200000e+01  2.400000e+03	 1.273610e+02  	1.000000e+00  	
1.300000e+01  2.600000e+03	 1.273610e+02  	1.000000e+00  	
1.400000e+01  2.800000e+03	 1.273610e+02  	1.000000e+00  	
1.500000e+01  3.000000e+03	 1.273610e+02  	1.000000e+00  	
1.600000e+01  3.200000e+03	 1.273610e+02  	1.000000e+00  	
1.700000e+01  3.400000e+03	 1.273610e+02  	1.000000e+00  	
1.800000e+01  3.600000e+03	 1.273610e+02  	1.000000e+00  	
1.900000e+01  3.800000e+03	 1.273610e+02  	1.000000e+00  	
2.000000e+01  4.000000e+03	 1.273610e+02  	1.000000e+00  	
2.100000e+01  4.200000e+03	 1.273610e+02  	1.000000e+00  	
2.200000e+01  4.400000e+03	 1.273610e+02  	1.000000e+00  	
2.300000e+01  4.600000e+03	 1.273610e+02  	1.000000e+00  	
2.400000e+01  4.800000e+03	 1.273610e+02  	1.000000e+00  	
2.500000e+01  5.000000e+03	 1.273610e+02  	1.000000e+00  	
2.600000e+01  5.200000e+03	 1.273610e+02  	9.892651e-01  	
2.700000e+01  5.400000e+03	 1.273610e+02  	9.677478e-01  	
2.800000e+01  5.600000e+03	 1.273610e+02  	9.362058e-01  	
2.900000e+01  5.800000e+03	 1.273610e+02  	8.901377e-01  	
3.000000e+01  6.000000e+03	 1.273610e+02  	8.240553e-01  	
3.100000e+01  6.200000e+03	 1.273610e+02  	7.329405e-01  	
3.200000e+01  6.400000e+03	 1.273610e+02  	6.156761e-01  	
3.300000e+01  6.600000e+03	 1.273610e+02  	4.795607e-01  	
3.400000e+01  6.800000e+03	 1.273610e+02  	3.414742e-01  	
3.500000e+01  7.000000e+03	 1.273610e+02  	2.212153e-01  	
3.600000e+01  7.200000e+03	 1.273610e+02  	1.311253e-01  	
3.700000e+01  7.400000e+03	 1.273610e+02  	7.197285e-02  	
3.800000e+01  7.600000e+03	 1.145560e+02  	3.964256e-02  	
3.900000e+01  7.800000e+03	 9.306143e+01  	2.350404e-02  	
4.000000e+01  8.000000e+03	 7.599879e+01  	1.491699e-02  	
4.100000e+01  8.200000e+03	 6.237574e+01  	1.005115e-02  	
4.200000e+01  8.400000e+03	 5.143897e+01  	7.131768e-03  	
4.300000e+01  8.600000e+03	 4.261269e+01  	5.289745e-03  	
4.400000e+01  8.800000e+03	 3.545399e+01  	4.075372e-03  	
4.500000e+01  9.000000e+03	 2.962010e+01  	3.243700e-03  	
4.600000e+01  9.200000e+03	 2.484414e+01  	2.654972e-03  	
4.700000e+01  9.400000e+03	 2.091721e+01  	2.226057e-03  	
4.800000e+01  9.600000e+03	 1.767489e+01  	1.905633e-03  	
4.900000e+01  9.800000e+03	 1.498711e+01  	1.660945e-03  	
5.000000e+01  1.000000e+04	 1.275048e+01  	1.470455e-03  	
5.100000e+01  1.020000e+04	 1.088241e+01  	1.319620e-03  	
5.200000e+01  1.040000e+04	 9.316651e+00  	1.198378e-03  	
5.300000e+01  1.060000e+04	 7.999809e+00  	1.099618e-03  	
5.400000e+01  1.080000e+04	 6.888688e+00  	1.018211e-03  	
5.500000e+01  1.100000e+04	 5.948193e+00  	9.503940e-04  	
5.600000e+01  1.120000e+04	 5.149705e+00  	8.933606e-04  	
5.700000e+01  1.140000e+04	 4.469796e+00  	8.449850e-04  	
5.800000e+01  1.160000e+04	 3.889221e+00  	8.036360e-04  	
5.900000e+01  1.180000e+04	 3.392114e+00  	7.680463e-04  	
6.000000e+01  1.200000e+04	 2.965354e+00  	7.372195e-04  	
6.100000e+01  1.220000e+04	 2.598052e+00  	7.103642e-04  	
6.200000e+01  1.240000e+04	 2.281146e+00  	6.868456e-04  	
6.300000e+01  1.260000e+04	 2.007068e+00  	6.661499e-04  	
6.400000e+01  1.280000e+04	 1.769485e+00  	6.478576e-04  	
6.500000e+01  1.300000e+04	 1.563075e+00  	6.316238e-04  	
6.600000e+01  1.320000e+04	 1.383360e+00  	6.171626e-04  	
6.700000e+01  1.340000e+04	 1.226558e+00  	6.042357e-04  	
6.800000e+01  1.360000e+04	 1.089470e+00  	5.926430e-04  	
6.900000e+01  1.380000e+04	 9.693796e-01  	5.822154e-04  	
7.000000e+01  1.400000e+04	 8.639772e-01  	5.728098e-04  	
7.100000e+01  1.420000e+04	 7.712937e-01  	5.643036e-04  	
7.200000e+01  1.440000e+04	 6.896466e-01  	5.565921e-04  	
7.300000e+01  1.460000e+04	 6.175949e-01  	5.495849e-04  	
7.400000e+01  1.480000e+04	 5.539019e-01  	5.432040e-04  	
7.500000e+01  1.500000e+04	 4.975039e-01  	5.373814e-04  	
7.600000e+01  1.520000e+04	 4.474843e-01  	5.320582e-04  	
7.700000e+01  1.540000e+04	 4.030517e-01  	5.271826e-04  	
7.800000e+01  1.560000e+04	 3.635212e-01  	5.227092e-04  	
7.900000e+01  1.580000e+04	 3.282992e-01  	5.185983e-04  	
8.000000e+01  1.600000e+04	 2.968703e-01  	5.148144e-04  	
8.100000e+01  1.620000e+04	 2.687859e-01  	5.113265e-04  	
8.200000e+01  1.640000e+04	 2.436552e-01  	5.081069e-04  	
8.300000e+01  1.660000e+04	 2.211372e-01  	5.051308e-04  	
8.400000e+01  1.680000e+04	 2.009335e-01  	5.023763e-04  	
8.500000e+01  1.700000e+04	 1.827827e-01  	4.998238e-04  	
8.600000e+01  1.720000e+04	 1.664558e-01  	4.974557e-04  	
8.700000e+01  1.740000e+04	 1.517513e-01  	4.952560e-04  	
8.800000e+01  1.760000e+04	 1.384922e-01  	4.932107e-04  	
8.900000e+01  1.780000e+04	 1.265221e-01  	4.913068e-04  	
9.000000e+01  1.800000e+04	 1.157035e-01  	4.895327e-04  	
9.100000e+01  1.820000e+04	 1.059145e-01  	4.878781e-04  	
9.200000e+01  1.840000e+04	 9.704741e-02  	4.863334e-04  	
9.300000e+01  1.860000e+04	 8.900676e-02  	4.848900e-04  	
9.400000e+01  1.880000e+04	 8.170784e-02  	4.835400e-04  	
9.500000e+01  1.900000e+04	 7.507541e-02  	4.822763e-04  	
9.600000e+01  1.920000e+04	 6.904253e-02  	4.810925e-04  	
9.700000e+01  1.940000e+04	 6.354958e-02  	4.799826e-04  	
9.800000e+01  1.960000e+04	 5.854340e-02  	4.789411e-04  	
9.900000e+01  1.980000e+04	 5.397654e-02  	4.779632e-04  	
1.000000e+02  2.000000e+04	 4.980656e-02  	4.770442e-04  	
1.010000e+02  2.020000e+04	 4.599553e-02  	4.761800e-04  	
1.020000e+02  2.040000e+04	 4.250942e-02  	4.753667e-04  	
1.030000e+02  2.060000e+04	 3.931776e-02  	4.746009e-04  	
1.040000e+02  2.080000e+04	 3.639317e-02  	4.738793e-04  	
1.050000e+02  2.100000e+04	 3.371104e-02  	4.731989e-04  	
1.060000e+02  2.120000e+04	 3.124925e-02  	4.725570e-04  	
1.070000e+02  2.140000e+04	 2.898787e-02  	4.719509e-04  	
1.080000e+02  2.160000e+04	 2.690894e-02  	4.713785e-04  	
1.090000e+02  2.180000e+04	 2.499623e-02  	4.708374e-04  	
1.100000e+02  2.200000e+04	 2.323513e-02  	4.703257e-04  	
1.110000e+02  2.220000e+04	 2.161239e-02  	4.698415e-04  	
1.120000e+02  2.240000e+04	 2.011604e-02  	4.693831e-04  	
1.130000e+02  2.260000e+04	 1.873523e-02  	4.689489e-04  	
1.140000e+02  2.280000e+04	 1.746014e-02  	4.685374e-04  	
1.150000e+02  2.300000e+04	 1.628185e-02  	4.681472e-04  	
1.160000e+02  2.320000e+04	 1.519227e-02  	4.677770e-04  	
1.170000e+02  2.340000e+04	 1.418403e-02  	4.674257e-04  	
1.180000e+02  2.360000e+04	 1.325045e-02  	4.670920e-04  	
1.190000e+02  2.380000e+04	 1.238542e-02  	4.667751e-04  	
1.200000e+02  2.400000e+04	 1.158341e-02  	4.664738e-04  	
1.210000e+02  2.420000e+04	 1.083936e-02  	4.661873e-04  	
1.220000e+02  2.440000e+04	 1.014864e-02  	4.659148e-04  	
1.230000e+02  2.460000e+04	 9.507048e-03  	4.656555e-04  	
1.240000e+02  2.480000e+04	 8.910726e-03  	4.654085e-04  	
1.250000e+02  2.500000e+04	 8.356155e-03  	4.651733e-04  	
1.260000e+02  2.520000e+04	 7.840111e-03  	4.649491e-04  	
1.270000e+02  2.540000e+04	 7.359644e-03  	4.647355e-04  	
1.280000e+02  2.560000e+04	 6.912049e-03  	4.645317e-04  	
1.290000e+02  2.580000e+04	 6.494847e-03  	4.643373e-04  	
1.300000e+02  2.600000e+04	 6.105760e-03  	4.641518e-04  	
1.310000e+02  2.620000e+04	 5.742701e-03  	4.639746e-04  	
1.320000e+02  2.640000e+04	 5.403749e-03  	4.638054e-04  	
1.330000e+02  2.660000e+04	 5.087137e-03  	4.636438e-04  	
1.340000e+02  2.680000e+04	 4.791243e-03  	4.634893e-04  	
1.350000e+02  2.700000e+04	 4.514570e-03  	4.633416e-04  	
1.360000e+02  2.720000e+04	 4.255742e-03  	4.632003e-04  	
1.370000e+02  2.740000e+04	 4.013489e-03  	4.630651e-04  	
1.380000e+02  2.760000e+04	 3.786639e-03  	4.629357e-04  	
1.390000e+02  2.780000e+04	 3.574112e-03  	4.628119e-04  	
1.400000e+02  2.800000e+04	 3.374911e-03  	4.626932e-04  	
1.410000e+02  2.820000e+04	 3.188113e-03  	4.625796e-04  	
1.420000e+02  2.840000e+04	 3.012866e-03  	4.624707e-04  	
1.430000e+02  2.860000e+04	 2.848382e-03  	4.623663e-04  	
1.440000e+02  2.880000e+04	 2.693932e-03  	4.622662e-04  	
1.450000e+02  2.900000e+04	 2.548840e-03  	4.621702e-04  	
1.460000e+02  2.920000e+04	 2.412480e-03  	4.620781e-04  	
1.470000e+02  2.940000e+04	 2.284272e-03  	4.619897e-04  	
1.480000e+02  2.960000e+04	 2.163679e-03  	4.619048e-04  	
1.490000e+02  2.980000e+04	 2.050201e-03  	4.618233e-04  	
1.500000e+02  3.000000e+04	 1.943375e-03  	4.617450e-04  	