0.000231481 day
# index velocity (km/s) density (g/cm^3) fraction_of_zone_that_is_56ni 
1.000000e+00  2.000000e+02	 2.725508e+01  	6.644752e-01  	
2.000000e+00  4.000000e+02	 2.725508e+01  	6.644633e-01  	
3.000000e+00  6.000000e+02	 2.725508e+01  	6.644311e-01  	
4.000000e+00  8.000000e+02	 2.725508e+01  	6.643684e-01  	
5.000000e+00  1.000000e+03	 2.725508e+01  	6.642649e-01  	
6.000000e+00  1.200000e+03	 2.725508e+01  	6.641105e-01  	
7.000000e+00  1.400000e+03	 2.725508e+01  	6.638948e-01  	
8.000000e+00  1.600000e+03	 2.725508e+01  	6.636075e-01  	
9.000000e+00  1.800000e+03	 2.725508e+01  	6.632383e-01  	
1.000000e+01  2.000000e+03	 2.725508e+01  	6.627764e-01  	
1.100000e+01  2.200000e+03	 2.725508e+01  	6.622114e-01  	
1.200000e+01  2.400000e+03	 2.725508e+01  	6.615322e-01  	
1.300000e+01  2.600000e+03	 2.725508e+01  	6.607278e-01  	
1.400000e+01  2.800000e+03	 2.725508e+01  	6.597869e-01  	
1.500000e+01  3.000000e+03	 2.725508e+01  	6.586977e-01  	
1.600000e+01  3.200000e+03	 2.725508e+01  	6.574484e-01  	
1.700000e+01  3.400000e+03	 2.725508e+01  	6.560264e-01  	
1.800000e+01  3.600000e+03	 2.725508e+01  	6.544189e-01  	
1.900000e+01  3.800000e+03	 2.725508e+01  	6.526127e-01  	
2.000000e+01  4.000000e+03	 2.725508e+01  	6.505936e-01  	
2.100000e+01  4.200000e+03	 2.725508e+01  	6.483473e-01  	
2.200000e+01  4.400000e+03	 2.725508e+01  	6.458584e-01  	
2.300000e+01  4.600000e+03	 2.725508e+01  	6.431110e-01  	
2.400000e+01  4.800000e+03	 2.725508e+01  	6.400884e-01  	
2.500000e+01  5.000000e+03	 2.725508e+01  	6.367728e-01  	
2.600000e+01  5.200000e+03	 2.725508e+01  	6.331458e-01  	
2.700000e+01  5.400000e+03	 2.725508e+01  	6.291879e-01  	
2.800000e+01  5.600000e+03	 2.725508e+01  	6.248787e-01  	
2.900000e+01  5.800000e+03	 2.725508e+01  	6.201966e-01  	
3.000000e+01  6.000000e+03	 2.725508e+01  	6.151192e-01  	
3.100000e+01  6.200000e+03	 2.725508e+01  	6.096231e-01  	
3.200000e+01  6.400000e+03	 2.725508e+01  	6.036838e-01  	
3.300000e+01  6.600000e+03	 2.725508e+01  	5.972761e-01  	
3.400000e+01  6.800000e+03	 2.725508e+01  	5.903739e-01  	
3.500000e+01  7.000000e+03	 2.725508e+01  	5.829505e-01  	
3.600000e+01  7.200000e+03	 2.725508e+01  	5.749788e-01  	
3.700000e+01  7.400000e+03	 2.725508e+01  	5.664319e-01  	
3.800000e+01  7.600000e+03	 2.725508e+01  	5.572828e-01  	
3.900000e+01  7.800000e+03	 2.725508e+01  	5.475053e-01  	
4.000000e+01  8.000000e+03	 2.725508e+01  	5.370747e-01  	
4.100000e+01  8.200000e+03	 2.725508e+01  	5.259681e-01  	
4.200000e+01  8.400000e+03	 2.725508e+01  	5.141652e-01  	
4.300000e+01  8.600000e+03	 2.725508e+01  	5.016495e-01  	
4.400000e+01  8.800000e+03	 2.725508e+01  	4.884090e-01  	
4.500000e+01  9.000000e+03	 2.725508e+01  	4.744377e-01  	
4.600000e+01  9.200000e+03	 2.725508e+01  	4.597364e-01  	
4.700000e+01  9.400000e+03	 2.725508e+01  	4.443139e-01  	
4.800000e+01  9.600000e+03	 2.725508e+01  	4.281890e-01  	
4.900000e+01  9.800000e+03	 2.725508e+01  	4.113908e-01  	
5.000000e+01  1.000000e+04	 2.725508e+01  	3.939607e-01  	
5.100000e+01  1.020000e+04	 2.725508e+01  	3.759525e-01  	
5.200000e+01  1.040000e+04	 2.725508e+01  	3.574337e-01  	
5.300000e+01  1.060000e+04	 2.725508e+01  	3.384852e-01  	
5.400000e+01  1.080000e+04	 2.725508e+01  	3.192015e-01  	
5.500000e+01  1.100000e+04	 2.725508e+01  	2.996895e-01  	
5.600000e+01  1.120000e+04	 2.725508e+01  	2.800670e-01  	
5.700000e+01  1.140000e+04	 2.725508e+01  	2.604608e-01  	
5.800000e+01  1.160000e+04	 2.725508e+01  	2.410040e-01  	
5.900000e+01  1.180000e+04	 2.725508e+01  	2.218321e-01  	
6.000000e+01  1.200000e+04	 2.725508e+01  	2.030803e-01  	
6.100000e+01  1.220000e+04	 2.725508e+01  	1.848789e-01  	
6.200000e+01  1.240000e+04	 2.725508e+01  	1.673496e-01  	
6.300000e+01  1.260000e+04	 2.557191e+01  	1.515969e-01  	
6.400000e+01  1.280000e+04	 2.254488e+01  	1.382973e-01  	
6.500000e+01  1.300000e+04	 1.991502e+01  	1.270137e-01  	
6.600000e+01  1.320000e+04	 1.762528e+01  	1.173908e-01  	
6.700000e+01  1.340000e+04	 1.562749e+01  	1.091406e-01  	
6.800000e+01  1.360000e+04	 1.388086e+01  	1.020301e-01  	
6.900000e+01  1.380000e+04	 1.235079e+01  	9.587038e-02  	
7.000000e+01  1.400000e+04	 1.100787e+01  	9.050771e-02  	
7.100000e+01  1.420000e+04	 9.826997e+00  	8.581676e-02  	
7.200000e+01  1.440000e+04	 8.786738e+00  	8.169479e-02  	
7.300000e+01  1.460000e+04	 7.868732e+00  	7.805723e-02  	
7.400000e+01  1.480000e+04	 7.057223e+00  	7.483410e-02  	
7.500000e+01  1.500000e+04	 6.338661e+00  	7.196723e-02  	
7.600000e+01  1.520000e+04	 5.701366e+00  	6.940800e-02  	
7.700000e+01  1.540000e+04	 5.135253e+00  	6.711562e-02  	
7.800000e+01  1.560000e+04	 4.631597e+00  	6.505568e-02  	
7.900000e+01  1.580000e+04	 4.182837e+00  	6.319901e-02  	
8.000000e+01  1.600000e+04	 3.782402e+00  	6.152079e-02  	
8.100000e+01  1.620000e+04	 3.424581e+00  	5.999978e-02  	
8.200000e+01  1.640000e+04	 3.104394e+00  	5.861778e-02  	
8.300000e+01  1.660000e+04	 2.817493e+00  	5.735908e-02  	
8.400000e+01  1.680000e+04	 2.560079e+00  	5.621009e-02  	
8.500000e+01  1.700000e+04	 2.328822e+00  	5.515900e-02  	
8.600000e+01  1.720000e+04	 2.120801e+00  	5.419554e-02  	
8.700000e+01  1.740000e+04	 1.933453e+00  	5.331071e-02  	
8.800000e+01  1.760000e+04	 1.764519e+00  	5.249661e-02  	
8.900000e+01  1.780000e+04	 1.612009e+00  	5.174631e-02  	
9.000000e+01  1.800000e+04	 1.474170e+00  	5.105367e-02  	
9.100000e+01  1.820000e+04	 1.349449e+00  	5.041326e-02  	
9.200000e+01  1.840000e+04	 1.236474e+00  	4.982026e-02  	
9.300000e+01  1.860000e+04	 1.134029e+00  	4.927040e-02  	
9.400000e+01  1.880000e+04	 1.041034e+00  	4.875984e-02  	
9.500000e+01  1.900000e+04	 9.565304e-01  	4.828517e-02  	
9.600000e+01  1.920000e+04	 8.796659e-01  	4.784332e-02  	
9.700000e+01  1.940000e+04	 8.096806e-01  	4.743152e-02  	
9.800000e+01  1.960000e+04	 7.458973e-01  	4.704732e-02  	
9.900000e+01  1.980000e+04	 6.877112e-01  	4.668846e-02  	
1.000000e+02  2.000000e+04	 6.345818e-01  	4.635293e-02  	
1.010000e+02  2.020000e+04	 5.860257e-01  	4.603889e-02  	
1.020000e+02  2.040000e+04	 5.416095e-01  	4.574469e-02  	
1.030000e+02  2.060000e+04	 5.009447e-01  	4.546882e-02  	
1.040000e+02  2.080000e+04	 4.636827e-01  	4.520991e-02  	
1.050000e+02  2.100000e+04	 4.295100e-01  	4.496669e-02  	
1.060000e+02  2.120000e+04	 3.981445e-01  	4.473804e-02  	
1.070000e+02  2.140000e+04	 3.693324e-01  	4.452291e-02  	
1.080000e+02  2.160000e+04	 3.428448e-01  	4.432034e-02  	
1.090000e+02  2.180000e+04	 3.184752e-01  	4.412946e-02  	
1.100000e+02  2.200000e+04	 2.960371e-01  	4.394945e-02  	
1.110000e+02  2.220000e+04	 2.753619e-01  	4.377958e-02  	
1.120000e+02  2.240000e+04	 2.562970e-01  	4.361918e-02  	
1.130000e+02  2.260000e+04	 2.387042e-01  	4.346761e-02  	
1.140000e+02  2.280000e+04	 2.224584e-01  	4.332429e-02  	
1.150000e+02  2.300000e+04	 2.074459e-01  	4.318869e-02  	
1.160000e+02  2.320000e+04	 1.935636e-01  	4.306032e-02  	
1.170000e+02  2.340000e+04	 1.807177e-01  	4.293872e-02  	
1.180000e+02  2.360000e+04	 1.688230e-01  	4.282347e-02  	
1.190000e+02  2.380000e+04	 1.578018e-01  	4.271417e-02  	
1.200000e+02  2.400000e+04	 1.475835e-01  	4.261046e-02  	
1.210000e+02  2.420000e+04	 1.381035e-01  	4.251200e-02  	
1.220000e+02  2.440000e+04	 1.293031e-01  	4.241848e-02  	
1.230000e+02  2.460000e+04	 1.211286e-01  	4.232961e-02  	
1.240000e+02  2.480000e+04	 1.135309e-01  	4.224511e-02  	
1.250000e+02  2.500000e+04	 1.064652e-01  	4.216473e-02  	
1.260000e+02  2.520000e+04	 9.989029e-02  	4.208823e-02  	
1.270000e+02  2.540000e+04	 9.376869e-02  	4.201540e-02  	
1.280000e+02  2.560000e+04	 8.806592e-02  	4.194602e-02  	
1.290000e+02  2.580000e+04	 8.275037e-02  	4.187990e-02  	
1.300000e+02  2.600000e+04	 7.779305e-02  	4.181686e-02  	
1.310000e+02  2.620000e+04	 7.316734e-02  	4.175674e-02  	
1.320000e+02  2.640000e+04	 6.884877e-02  	4.169937e-02  	
1.330000e+02  2.660000e+04	 6.481485e-02  	4.164461e-02  	
1.340000e+02  2.680000e+04	 6.104488e-02  	4.159232e-02  	
1.350000e+02  2.700000e+04	 5.751981e-02  	4.154236e-02  	
1.360000e+02  2.720000e+04	 5.422210e-02  	4.149462e-02  	
1.370000e+02  2.740000e+04	 5.113557e-02  	4.144898e-02  	
1.380000e+02  2.760000e+04	 4.824529e-02  	4.140533e-02  	
1.390000e+02  2.780000e+04	 4.553750e-02  	4.136357e-02  	
1.400000e+02  2.800000e+04	 4.299949e-02  	4.132360e-02  	
1.410000e+02  2.820000e+04	 4.061951e-02  	4.128533e-02  	
1.420000e+02  2.840000e+04	 3.838671e-02  	4.124869e-02  	
1.430000e+02  2.860000e+04	 3.629103e-02  	4.121358e-02  	
1.440000e+02  2.880000e+04	 3.432319e-02  	4.117993e-02  	
1.450000e+02  2.900000e+04	 3.247458e-02  	4.114768e-02  	
1.460000e+02  2.920000e+04	 3.073723e-02  	4.111675e-02  	
1.470000e+02  2.940000e+04	 2.910375e-02  	4.108708e-02  	
1.480000e+02  2.960000e+04	 2.756728e-02  	4.105861e-02  	
1.490000e+02  2.980000e+04	 2.612146e-02  	4.103129e-02  	
1.500000e+02  3.000000e+04	 2.476039e-02  	4.100505e-02  	