0.000231481 day
# index velocity (km/s) density (g/cm^3) fraction_of_zone_that_is_56ni 
1.000000e+00  2.000000e+02	 7.883021e+02  	9.529886e-01  	
2.000000e+00  4.000000e+02	 7.291987e+02  	9.528248e-01  	
3.000000e+00  6.000000e+02	 6.745266e+02  	9.524123e-01  	
4.000000e+00  8.000000e+02	 6.239536e+02  	9.516646e-01  	
5.000000e+00  1.000000e+03	 5.771723e+02  	9.505131e-01  	
6.000000e+00  1.200000e+03	 5.338984e+02  	9.489017e-01  	
7.000000e+00  1.400000e+03	 4.938691e+02  	9.467824e-01  	
8.000000e+00  1.600000e+03	 4.568410e+02  	9.441123e-01  	
9.000000e+00  1.800000e+03	 4.225890e+02  	9.408511e-01  	
1.000000e+01  2.000000e+03	 3.909052e+02  	9.369598e-01  	
1.100000e+01  2.200000e+03	 3.615968e+02  	9.323993e-01  	
1.200000e+01  2.400000e+03	 3.344859e+02  	9.271303e-01  	
1.300000e+01  2.600000e+03	 3.094076e+02  	9.211131e-01  	
1.400000e+01  2.800000e+03	 2.862096e+02  	9.143083e-01  	
1.500000e+01  3.000000e+03	 2.647509e+02  	9.066773e-01  	
1.600000e+01  3.200000e+03	 2.449010e+02  	8.981835e-01  	
1.700000e+01  3.400000e+03	 2.265394e+02  	8.887937e-01  	
1.800000e+01  3.600000e+03	 2.095545e+02  	8.784791e-01  	
1.900000e+01  3.800000e+03	 1.938430e+02  	8.672179e-01  	
2.000000e+01  4.000000e+03	 1.793095e+02  	8.549957e-01  	
2.100000e+01  4.200000e+03	 1.658657e+02  	8.418084e-01  	
2.200000e+01  4.400000e+03	 1.534298e+02  	8.276628e-01  	
2.300000e+01  4.600000e+03	 1.419263e+02  	8.125781e-01  	
2.400000e+01  4.800000e+03	 1.312853e+02  	7.965872e-01  	
2.500000e+01  5.000000e+03	 1.214421e+02  	7.797366e-01  	
2.600000e+01  5.200000e+03	 1.123369e+02  	7.620868e-01  	
2.700000e+01  5.400000e+03	 1.039144e+02  	7.437116e-01  	
2.800000e+01  5.600000e+03	 9.612334e+01  	7.246968e-01  	
2.900000e+01  5.800000e+03	 8.891644e+01  	7.051391e-01  	
3.000000e+01  6.000000e+03	 8.224988e+01  	6.851435e-01  	
3.100000e+01  6.200000e+03	 7.608314e+01  	6.648210e-01  	
3.200000e+01  6.400000e+03	 7.037877e+01  	6.442861e-01  	
3.300000e+01  6.600000e+03	 6.510208e+01  	6.236541e-01  	
3.400000e+01  6.800000e+03	 6.022101e+01  	6.030381e-01  	
3.500000e+01  7.000000e+03	 5.570590e+01  	5.825470e-01  	
3.600000e+01  7.200000e+03	 5.152932e+01  	5.622833e-01  	
3.700000e+01  7.400000e+03	 4.766588e+01  	5.423407e-01  	
3.800000e+01  7.600000e+03	 4.409210e+01  	5.228038e-01  	
3.900000e+01  7.800000e+03	 4.078627e+01  	5.037462e-01  	
4.000000e+01  8.000000e+03	 3.772829e+01  	4.852307e-01  	
4.100000e+01  8.200000e+03	 3.489959e+01  	4.673088e-01  	
4.200000e+01  8.400000e+03	 3.228298e+01  	4.500213e-01  	
4.300000e+01  8.600000e+03	 2.986254e+01  	4.333984e-01  	
4.400000e+01  8.800000e+03	 2.762358e+01  	4.174608e-01  	
4.500000e+01  9.000000e+03	 2.555248e+01  	4.022205e-01  	
4.600000e+01  9.200000e+03	 2.363667e+01  	3.876818e-01  	
4.700000e+01  9.400000e+03	 2.186450e+01  	3.738419e-01  	
4.800000e+01  9.600000e+03	 2.022519e+01  	3.606926e-01  	
4.900000e+01  9.800000e+03	 1.870880e+01  	3.482207e-01  	
5.000000e+01  1.000000e+04	 1.730610e+01  	3.364091e-01  	
5.100000e+01  1.020000e+04	 1.600856e+01  	3.252378e-01  	
5.200000e+01  1.040000e+04	 1.480831e+01  	3.146843e-01  	
5.300000e+01  1.060000e+04	 1.369805e+01  	3.047244e-01  	
5.400000e+01  1.080000e+04	 1.267103e+01  	2.953330e-01  	
5.500000e+01  1.100000e+04	 1.172101e+01  	2.864841e-01  	
5.600000e+01  1.120000e+04	 1.084222e+01  	2.781517e-01  	
5.700000e+01  1.140000e+04	 1.002932e+01  	2.703096e-01  	
5.800000e+01  1.160000e+04	 9.277365e+00  	2.629323e-01  	
5.900000e+01  1.180000e+04	 8.581789e+00  	2.559946e-01  	
6.000000e+01  1.200000e+04	 7.938364e+00  	2.494722e-01  	
6.100000e+01  1.220000e+04	 7.343181e+00  	2.433415e-01  	
6.200000e+01  1.240000e+04	 6.792621e+00  	2.375800e-01  	
6.300000e+01  1.260000e+04	 6.283340e+00  	2.321661e-01  	
6.400000e+01  1.280000e+04	 5.812243e+00  	2.270790e-01  	
6.500000e+01  1.300000e+04	 5.376467e+00  	2.222994e-01  	
6.600000e+01  1.320000e+04	 4.973363e+00  	2.178086e-01  	
6.700000e+01  1.340000e+04	 4.600482e+00  	2.135891e-01  	
6.800000e+01  1.360000e+04	 4.255558e+00  	2.096244e-01  	
6.900000e+01  1.380000e+04	 3.936495e+00  	2.058989e-01  	
7.000000e+01  1.400000e+04	 3.641354e+00  	2.023979e-01  	
7.100000e+01  1.420000e+04	 3.368342e+00  	1.991077e-01  	
7.200000e+01  1.440000e+04	 3.115798e+00  	1.960152e-01  	
7.300000e+01  1.460000e+04	 2.882189e+00  	1.931083e-01  	
7.400000e+01  1.480000e+04	 2.666095e+00  	1.903757e-01  	
7.500000e+01  1.500000e+04	 2.466203e+00  	1.878065e-01  	
7.600000e+01  1.520000e+04	 2.281298e+00  	1.853909e-01  	
7.700000e+01  1.540000e+04	 2.110257e+00  	1.831194e-01  	
7.800000e+01  1.560000e+04	 1.952039e+00  	1.809832e-01  	
7.900000e+01  1.580000e+04	 1.805684e+00  	1.789741e-01  	
8.000000e+01  1.600000e+04	 1.670301e+00  	1.770843e-01  	
8.100000e+01  1.620000e+04	 1.545070e+00  	1.753067e-01  	
8.200000e+01  1.640000e+04	 1.429227e+00  	1.736344e-01  	
8.300000e+01  1.660000e+04	 1.322070e+00  	1.720610e-01  	
8.400000e+01  1.680000e+04	 1.222947e+00  	1.705808e-01  	
8.500000e+01  1.700000e+04	 1.131256e+00  	1.691879e-01  	
8.600000e+01  1.720000e+04	 1.046439e+00  	1.678773e-01  	
8.700000e+01  1.740000e+04	 9.679818e-01  	1.666440e-01  	
8.800000e+01  1.760000e+04	 8.954068e-01  	1.654833e-01  	
8.900000e+01  1.780000e+04	 8.282731e-01  	1.643911e-01  	
9.000000e+01  1.800000e+04	 7.661729e-01  	1.633632e-01  	
9.100000e+01  1.820000e+04	 7.087286e-01  	1.623958e-01  	
9.200000e+01  1.840000e+04	 6.555913e-01  	1.614853e-01  	
9.300000e+01  1.860000e+04	 6.064379e-01  	1.606285e-01  	
9.400000e+01  1.880000e+04	 5.609699e-01  	1.598220e-01  	
9.500000e+01  1.900000e+04	 5.189108e-01  	1.590631e-01  	
9.600000e+01  1.920000e+04	 4.800052e-01  	1.583488e-01  	
9.700000e+01  1.940000e+04	 4.440165e-01  	1.576766e-01  	
9.800000e+01  1.960000e+04	 4.107261e-01  	1.570440e-01  	
9.900000e+01  1.980000e+04	 3.799317e-01  	1.564486e-01  	
1.000000e+02  2.000000e+04	 3.514461e-01  	1.558884e-01  	
1.010000e+02  2.020000e+04	 3.250962e-01  	1.553612e-01  	
1.020000e+02  2.040000e+04	 3.007219e-01  	1.548651e-01  	
1.030000e+02  2.060000e+04	 2.781751e-01  	1.543984e-01  	
1.040000e+02  2.080000e+04	 2.573188e-01  	1.539592e-01  	
1.050000e+02  2.100000e+04	 2.380261e-01  	1.535460e-01  	
1.060000e+02  2.120000e+04	 2.201800e-01  	1.531573e-01  	
1.070000e+02  2.140000e+04	 2.036719e-01  	1.527917e-01  	
1.080000e+02  2.160000e+04	 1.884014e-01  	1.524477e-01  	
1.090000e+02  2.180000e+04	 1.742759e-01  	1.521241e-01  	
1.100000e+02  2.200000e+04	 1.612095e-01  	1.518198e-01  	
1.110000e+02  2.220000e+04	 1.491227e-01  	1.515336e-01  	
1.120000e+02  2.240000e+04	 1.379421e-01  	1.512645e-01  	
1.130000e+02  2.260000e+04	 1.275999e-01  	1.510114e-01  	
1.140000e+02  2.280000e+04	 1.180330e-01  	1.507734e-01  	
1.150000e+02  2.300000e+04	 1.091834e-01  	1.505497e-01  	
1.160000e+02  2.320000e+04	 1.009973e-01  	1.503394e-01  	
1.170000e+02  2.340000e+04	 9.342497e-02  	1.501416e-01  	
1.180000e+02  2.360000e+04	 8.642037e-02  	1.499558e-01  	
1.190000e+02  2.380000e+04	 7.994095e-02  	1.497811e-01  	
1.200000e+02  2.400000e+04	 7.394733e-02  	1.496169e-01  	
1.210000e+02  2.420000e+04	 6.840309e-02  	1.494626e-01  	
1.220000e+02  2.440000e+04	 6.327453e-02  	1.493176e-01  	
1.230000e+02  2.460000e+04	 5.853048e-02  	1.491814e-01  	
1.240000e+02  2.480000e+04	 5.414212e-02  	1.490535e-01  	
1.250000e+02  2.500000e+04	 5.008279e-02  	1.489332e-01  	
1.260000e+02  2.520000e+04	 4.632780e-02  	1.488203e-01  	
1.270000e+02  2.540000e+04	 4.285435e-02  	1.487142e-01  	
1.280000e+02  2.560000e+04	 3.964132e-02  	1.486146e-01  	
1.290000e+02  2.580000e+04	 3.666918e-02  	1.485211e-01  	
1.300000e+02  2.600000e+04	 3.391989e-02  	1.484332e-01  	
1.310000e+02  2.620000e+04	 3.137673e-02  	1.483508e-01  	
1.320000e+02  2.640000e+04	 2.902424e-02  	1.482733e-01  	
1.330000e+02  2.660000e+04	 2.684813e-02  	1.482006e-01  	
1.340000e+02  2.680000e+04	 2.483517e-02  	1.481324e-01  	
1.350000e+02  2.700000e+04	 2.297314e-02  	1.480684e-01  	
1.360000e+02  2.720000e+04	 2.125072e-02  	1.480083e-01  	
1.370000e+02  2.740000e+04	 1.965743e-02  	1.479519e-01  	
1.380000e+02  2.760000e+04	 1.818360e-02  	1.478990e-01  	
1.390000e+02  2.780000e+04	 1.682028e-02  	1.478493e-01  	
1.400000e+02  2.800000e+04	 1.555917e-02  	1.478027e-01  	
1.410000e+02  2.820000e+04	 1.439261e-02  	1.477590e-01  	
1.420000e+02  2.840000e+04	 1.331352e-02  	1.477180e-01  	
1.430000e+02  2.860000e+04	 1.231533e-02  	1.476796e-01  	
1.440000e+02  2.880000e+04	 1.139198e-02  	1.476435e-01  	
1.450000e+02  2.900000e+04	 1.053786e-02  	1.476097e-01  	
1.460000e+02  2.920000e+04	 9.747775e-03  	1.475780e-01  	
1.470000e+02  2.940000e+04	 9.016930e-03  	1.475483e-01  	
1.480000e+02  2.960000e+04	 8.340880e-03  	1.475204e-01  	
1.490000e+02  2.980000e+04	 7.715518e-03  	1.474943e-01  	
1.500000e+02  3.000000e+04	 7.137042e-03  	1.474698e-01  	