0.000231481 day
# index velocity (km/s) density (g/cm^3) fraction_of_zone_that_is_56ni 
1.000000e+00  2.000000e+02	 5.522483e+02  	8.382594e-01  	
2.000000e+00  4.000000e+02	 5.153857e+02  	8.380858e-01  	
3.000000e+00  6.000000e+02	 4.809837e+02  	8.376452e-01  	
4.000000e+00  8.000000e+02	 4.488781e+02  	8.368414e-01  	
5.000000e+00  1.000000e+03	 4.189155e+02  	8.355972e-01  	
6.000000e+00  1.200000e+03	 3.909529e+02  	8.338498e-01  	
7.000000e+00  1.400000e+03	 3.648568e+02  	8.315470e-01  	
8.000000e+00  1.600000e+03	 3.405026e+02  	8.286446e-01  	
9.000000e+00  1.800000e+03	 3.177741e+02  	8.251042e-01  	
1.000000e+01  2.000000e+03	 2.965627e+02  	8.208912e-01  	
1.100000e+01  2.200000e+03	 2.767671e+02  	8.159738e-01  	
1.200000e+01  2.400000e+03	 2.582929e+02  	8.103229e-01  	
1.300000e+01  2.600000e+03	 2.410519e+02  	8.039112e-01  	
1.400000e+01  2.800000e+03	 2.249617e+02  	7.967138e-01  	
1.500000e+01  3.000000e+03	 2.099455e+02  	7.887087e-01  	
1.600000e+01  3.200000e+03	 1.959316e+02  	7.798770e-01  	
1.700000e+01  3.400000e+03	 1.828532e+02  	7.702042e-01  	
1.800000e+01  3.600000e+03	 1.706477e+02  	7.596810e-01  	
1.900000e+01  3.800000e+03	 1.592570e+02  	7.483042e-01  	
2.000000e+01  4.000000e+03	 1.486266e+02  	7.360782e-01  	
2.100000e+01  4.200000e+03	 1.387058e+02  	7.230152e-01  	
2.200000e+01  4.400000e+03	 1.294472e+02  	7.091368e-01  	
2.300000e+01  4.600000e+03	 1.208066e+02  	6.944740e-01  	
2.400000e+01  4.800000e+03	 1.127428e+02  	6.790680e-01  	
2.500000e+01  5.000000e+03	 1.052172e+02  	6.629702e-01  	
2.600000e+01  5.200000e+03	 9.819393e+01  	6.462416e-01  	
2.700000e+01  5.400000e+03	 9.163949e+01  	6.289525e-01  	
2.800000e+01  5.600000e+03	 8.552256e+01  	6.111813e-01  	
2.900000e+01  5.800000e+03	 7.981393e+01  	5.930134e-01  	
3.000000e+01  6.000000e+03	 7.448635e+01  	5.745391e-01  	
3.100000e+01  6.200000e+03	 6.951439e+01  	5.558525e-01  	
3.200000e+01  6.400000e+03	 6.487431e+01  	5.370489e-01  	
3.300000e+01  6.600000e+03	 6.054395e+01  	5.182232e-01  	
3.400000e+01  6.800000e+03	 5.650264e+01  	4.994682e-01  	
3.500000e+01  7.000000e+03	 5.273109e+01  	4.808722e-01  	
3.600000e+01  7.200000e+03	 4.921129e+01  	4.625182e-01  	
3.700000e+01  7.400000e+03	 4.592644e+01  	4.444822e-01  	
3.800000e+01  7.600000e+03	 4.286085e+01  	4.268324e-01  	
3.900000e+01  7.800000e+03	 3.999989e+01  	4.096283e-01  	
4.000000e+01  8.000000e+03	 3.732990e+01  	3.929207e-01  	
4.100000e+01  8.200000e+03	 3.483813e+01  	3.767514e-01  	
4.200000e+01  8.400000e+03	 3.251268e+01  	3.611535e-01  	
4.300000e+01  8.600000e+03	 3.034246e+01  	3.461516e-01  	
4.400000e+01  8.800000e+03	 2.831711e+01  	3.317624e-01  	
4.500000e+01  9.000000e+03	 2.642694e+01  	3.179957e-01  	
4.600000e+01  9.200000e+03	 2.466294e+01  	3.048545e-01  	
4.700000e+01  9.400000e+03	 2.301669e+01  	2.923364e-01  	
4.800000e+01  9.600000e+03	 2.148033e+01  	2.804340e-01  	
4.900000e+01  9.800000e+03	 2.004652e+01  	2.691359e-01  	
5.000000e+01  1.000000e+04	 1.870841e+01  	2.584272e-01  	
5.100000e+01  1.020000e+04	 1.745963e+01  	2.482904e-01  	
5.200000e+01  1.040000e+04	 1.629420e+01  	2.387059e-01  	
5.300000e+01  1.060000e+04	 1.520656e+01  	2.296526e-01  	
5.400000e+01  1.080000e+04	 1.419152e+01  	2.211082e-01  	
5.500000e+01  1.100000e+04	 1.324424e+01  	2.130500e-01  	
5.600000e+01  1.120000e+04	 1.236019e+01  	2.054549e-01  	
5.700000e+01  1.140000e+04	 1.153514e+01  	1.982999e-01  	
5.800000e+01  1.160000e+04	 1.076517e+01  	1.915620e-01  	
5.900000e+01  1.180000e+04	 1.004660e+01  	1.852191e-01  	
6.000000e+01  1.200000e+04	 9.375988e+00  	1.792493e-01  	
6.100000e+01  1.220000e+04	 8.750141e+00  	1.736316e-01  	
6.200000e+01  1.240000e+04	 8.166069e+00  	1.683457e-01  	
6.300000e+01  1.260000e+04	 7.620984e+00  	1.633723e-01  	
6.400000e+01  1.280000e+04	 7.112284e+00  	1.586929e-01  	
6.500000e+01  1.300000e+04	 6.637539e+00  	1.542899e-01  	
6.600000e+01  1.320000e+04	 6.194483e+00  	1.501466e-01  	
6.700000e+01  1.340000e+04	 5.781002e+00  	1.462473e-01  	
6.800000e+01  1.360000e+04	 5.395120e+00  	1.425770e-01  	
6.900000e+01  1.380000e+04	 5.034996e+00  	1.391218e-01  	
7.000000e+01  1.400000e+04	 4.698910e+00  	1.358684e-01  	
7.100000e+01  1.420000e+04	 4.385258e+00  	1.328045e-01  	
7.200000e+01  1.440000e+04	 4.092542e+00  	1.299184e-01  	
7.300000e+01  1.460000e+04	 3.819365e+00  	1.271991e-01  	
7.400000e+01  1.480000e+04	 3.564423e+00  	1.246365e-01  	
7.500000e+01  1.500000e+04	 3.326497e+00  	1.222209e-01  	
7.600000e+01  1.520000e+04	 3.104454e+00  	1.199434e-01  	
7.700000e+01  1.540000e+04	 2.897232e+00  	1.177956e-01  	
7.800000e+01  1.560000e+04	 2.703842e+00  	1.157697e-01  	
7.900000e+01  1.580000e+04	 2.523360e+00  	1.138581e-01  	
8.000000e+01  1.600000e+04	 2.354926e+00  	1.120542e-01  	
8.100000e+01  1.620000e+04	 2.197735e+00  	1.103514e-01  	
8.200000e+01  1.640000e+04	 2.051036e+00  	1.087437e-01  	
8.300000e+01  1.660000e+04	 1.914129e+00  	1.072255e-01  	
8.400000e+01  1.680000e+04	 1.786361e+00  	1.057914e-01  	
8.500000e+01  1.700000e+04	 1.667122e+00  	1.044366e-01  	
8.600000e+01  1.720000e+04	 1.555841e+00  	1.031565e-01  	
8.700000e+01  1.740000e+04	 1.451989e+00  	1.019466e-01  	
8.800000e+01  1.760000e+04	 1.355069e+00  	1.008029e-01  	
8.900000e+01  1.780000e+04	 1.264618e+00  	9.972170e-02  	
9.000000e+01  1.800000e+04	 1.180205e+00  	9.869929e-02  	
9.100000e+01  1.820000e+04	 1.101426e+00  	9.773238e-02  	
9.200000e+01  1.840000e+04	 1.027906e+00  	9.681781e-02  	
9.300000e+01  1.860000e+04	 9.592933e-01  	9.595264e-02  	
9.400000e+01  1.880000e+04	 8.952605e-01  	9.513409e-02  	
9.500000e+01  1.900000e+04	 8.355019e-01  	9.435955e-02  	
9.600000e+01  1.920000e+04	 7.797321e-01  	9.362659e-02  	
9.700000e+01  1.940000e+04	 7.276850e-01  	9.293288e-02  	
9.800000e+01  1.960000e+04	 6.791121e-01  	9.227628e-02  	
9.900000e+01  1.980000e+04	 6.337814e-01  	9.165474e-02  	
1.000000e+02  2.000000e+04	 5.914765e-01  	9.106634e-02  	
1.010000e+02  2.020000e+04	 5.519954e-01  	9.050928e-02  	
1.020000e+02  2.040000e+04	 5.151498e-01  	8.998184e-02  	
1.030000e+02  2.060000e+04	 4.807635e-01  	8.948243e-02  	
1.040000e+02  2.080000e+04	 4.486726e-01  	8.900954e-02  	
1.050000e+02  2.100000e+04	 4.187237e-01  	8.856173e-02  	
1.060000e+02  2.120000e+04	 3.907739e-01  	8.813766e-02  	
1.070000e+02  2.140000e+04	 3.646898e-01  	8.773605e-02  	
1.080000e+02  2.160000e+04	 3.403467e-01  	8.735571e-02  	
1.090000e+02  2.180000e+04	 3.176286e-01  	8.699551e-02  	
1.100000e+02  2.200000e+04	 2.964269e-01  	8.665436e-02  	
1.110000e+02  2.220000e+04	 2.766404e-01  	8.633127e-02  	
1.120000e+02  2.240000e+04	 2.581747e-01  	8.602526e-02  	
1.130000e+02  2.260000e+04	 2.409415e-01  	8.573545e-02  	
1.140000e+02  2.280000e+04	 2.248587e-01  	8.546097e-02  	
1.150000e+02  2.300000e+04	 2.098494e-01  	8.520101e-02  	
1.160000e+02  2.320000e+04	 1.958419e-01  	8.495481e-02  	
1.170000e+02  2.340000e+04	 1.827695e-01  	8.472164e-02  	
1.180000e+02  2.360000e+04	 1.705696e-01  	8.450083e-02  	
1.190000e+02  2.380000e+04	 1.591841e-01  	8.429171e-02  	
1.200000e+02  2.400000e+04	 1.485586e-01  	8.409367e-02  	
1.210000e+02  2.420000e+04	 1.386423e-01  	8.390614e-02  	
1.220000e+02  2.440000e+04	 1.293879e-01  	8.372856e-02  	
1.230000e+02  2.460000e+04	 1.207513e-01  	8.356041e-02  	
1.240000e+02  2.480000e+04	 1.126911e-01  	8.340120e-02  	
1.250000e+02  2.500000e+04	 1.051690e-01  	8.325045e-02  	
1.260000e+02  2.520000e+04	 9.814898e-02  	8.310772e-02  	
1.270000e+02  2.540000e+04	 9.159753e-02  	8.297259e-02  	
1.280000e+02  2.560000e+04	 8.548340e-02  	8.284466e-02  	
1.290000e+02  2.580000e+04	 7.977739e-02  	8.272356e-02  	
1.300000e+02  2.600000e+04	 7.445225e-02  	8.260893e-02  	
1.310000e+02  2.620000e+04	 6.948256e-02  	8.250042e-02  	
1.320000e+02  2.640000e+04	 6.484460e-02  	8.239771e-02  	
1.330000e+02  2.660000e+04	 6.051623e-02  	8.230051e-02  	
1.340000e+02  2.680000e+04	 5.647677e-02  	8.220851e-02  	
1.350000e+02  2.700000e+04	 5.270695e-02  	8.212145e-02  	
1.360000e+02  2.720000e+04	 4.918876e-02  	8.203907e-02  	
1.370000e+02  2.740000e+04	 4.590541e-02  	8.196112e-02  	
1.380000e+02  2.760000e+04	 4.284123e-02  	8.188736e-02  	
1.390000e+02  2.780000e+04	 3.998158e-02  	8.181757e-02  	
1.400000e+02  2.800000e+04	 3.731281e-02  	8.175155e-02  	
1.410000e+02  2.820000e+04	 3.482218e-02  	8.168910e-02  	
1.420000e+02  2.840000e+04	 3.249780e-02  	8.163002e-02  	
1.430000e+02  2.860000e+04	 3.032857e-02  	8.157414e-02  	
1.440000e+02  2.880000e+04	 2.830414e-02  	8.152128e-02  	
1.450000e+02  2.900000e+04	 2.641484e-02  	8.147129e-02  	
1.460000e+02  2.920000e+04	 2.465165e-02  	8.142402e-02  	
1.470000e+02  2.940000e+04	 2.300615e-02  	8.137932e-02  	
1.480000e+02  2.960000e+04	 2.147049e-02  	8.133705e-02  	
1.490000e+02  2.980000e+04	 2.003734e-02  	8.129708e-02  	
1.500000e+02  3.000000e+04	 1.869985e-02  	8.125929e-02  	