0.000231481 day
# index velocity (km/s) density (g/cm^3) fraction_of_zone_that_is_56ni 
1.000000e+00  2.000000e+02	 4.223405e+02  	1.000000e+00  	
2.000000e+00  4.000000e+02	 3.965288e+02  	1.000000e+00  	
3.000000e+00  6.000000e+02	 3.722947e+02  	1.000000e+00  	
4.000000e+00  8.000000e+02	 3.495416e+02  	1.000000e+00  	
5.000000e+00  1.000000e+03	 3.281791e+02  	1.000000e+00  	
6.000000e+00  1.200000e+03	 3.081222e+02  	9.993358e-01  	
7.000000e+00  1.400000e+03	 2.892911e+02  	9.982332e-01  	
8.000000e+00  1.600000e+03	 2.716109e+02  	9.967831e-01  	
9.000000e+00  1.800000e+03	 2.550112e+02  	9.949220e-01  	
1.000000e+01  2.000000e+03	 2.394260e+02  	9.925720e-01  	
1.100000e+01  2.200000e+03	 2.247933e+02  	9.896368e-01  	
1.200000e+01  2.400000e+03	 2.110549e+02  	9.859969e-01  	
1.300000e+01  2.600000e+03	 1.981561e+02  	9.815043e-01  	
1.400000e+01  2.800000e+03	 1.860456e+02  	9.759763e-01  	
1.500000e+01  3.000000e+03	 1.746753e+02  	9.691888e-01  	
1.600000e+01  3.200000e+03	 1.639999e+02  	9.608697e-01  	
1.700000e+01  3.400000e+03	 1.539769e+02  	9.506921e-01  	
1.800000e+01  3.600000e+03	 1.445665e+02  	9.382706e-01  	
1.900000e+01  3.800000e+03	 1.357312e+02  	9.231600e-01  	
2.000000e+01  4.000000e+03	 1.274359e+02  	9.048616e-01  	
2.100000e+01  4.200000e+03	 1.196476e+02  	8.828401e-01  	
2.200000e+01  4.400000e+03	 1.123352e+02  	8.565543e-01  	
2.300000e+01  4.600000e+03	 1.054698e+02  	8.255076e-01  	
2.400000e+01  4.800000e+03	 9.902390e+01  	7.893180e-01  	
2.500000e+01  5.000000e+03	 9.297198e+01  	7.478044e-01  	
2.600000e+01  5.200000e+03	 8.728993e+01  	7.010792e-01  	
2.700000e+01  5.400000e+03	 8.195514e+01  	6.496263e-01  	
2.800000e+01  5.600000e+03	 7.694639e+01  	5.943382e-01  	
2.900000e+01  5.800000e+03	 7.224375e+01  	5.364906e-01  	
3.000000e+01  6.000000e+03	 6.782852e+01  	4.776409e-01  	
3.100000e+01  6.200000e+03	 6.368313e+01  	4.194652e-01  	
3.200000e+01  6.400000e+03	 5.979109e+01  	3.635664e-01  	
3.300000e+01  6.600000e+03	 5.613691e+01  	3.112992e-01  	
3.400000e+01  6.800000e+03	 5.270606e+01  	2.636515e-01  	
3.500000e+01  7.000000e+03	 4.948489e+01  	2.211993e-01  	
3.600000e+01  7.200000e+03	 4.646059e+01  	1.841304e-01  	
3.700000e+01  7.400000e+03	 4.362112e+01  	1.523159e-01  	
3.800000e+01  7.600000e+03	 4.095518e+01  	1.254012e-01  	
3.900000e+01  7.800000e+03	 3.845217e+01  	1.028970e-01  	
4.000000e+01  8.000000e+03	 3.610214e+01  	8.425418e-02  	
4.100000e+01  8.200000e+03	 3.389573e+01  	6.891983e-02  	
4.200000e+01  8.400000e+03	 3.182417e+01  	5.637289e-02  	
4.300000e+01  8.600000e+03	 2.987921e+01  	4.614425e-02  	
4.400000e+01  8.800000e+03	 2.805312e+01  	3.782494e-02  	
4.500000e+01  9.000000e+03	 2.633863e+01  	3.106675e-02  	
4.600000e+01  9.200000e+03	 2.472893e+01  	2.557832e-02  	
4.700000e+01  9.400000e+03	 2.321760e+01  	2.111897e-02  	
4.800000e+01  9.600000e+03	 2.179864e+01  	1.749177e-02  	
4.900000e+01  9.800000e+03	 2.046640e+01  	1.453668e-02  	
5.000000e+01  1.000000e+04	 1.921558e+01  	1.212429e-02  	
5.100000e+01  1.020000e+04	 1.804121e+01  	1.015025e-02  	
5.200000e+01  1.040000e+04	 1.693860e+01  	8.530666e-03  	
5.300000e+01  1.060000e+04	 1.590339e+01  	7.198079e-03  	
5.400000e+01  1.080000e+04	 1.493144e+01  	6.098305e-03  	
5.500000e+01  1.100000e+04	 1.401889e+01  	5.187789e-03  	
5.600000e+01  1.120000e+04	 1.316212e+01  	4.431491e-03  	
5.700000e+01  1.140000e+04	 1.235771e+01  	3.801179e-03  	
5.800000e+01  1.160000e+04	 1.160246e+01  	3.274072e-03  	
5.900000e+01  1.180000e+04	 1.089336e+01  	2.831750e-03  	
6.000000e+01  1.200000e+04	 1.022761e+01  	2.459286e-03  	
6.100000e+01  1.220000e+04	 9.602540e+00  	2.144554e-03  	
6.200000e+01  1.240000e+04	 9.015674e+00  	1.877683e-03  	
6.300000e+01  1.260000e+04	 8.464674e+00  	1.650612e-03  	
6.400000e+01  1.280000e+04	 7.947349e+00  	1.456741e-03  	
6.500000e+01  1.300000e+04	 7.461641e+00  	1.290653e-03  	
6.600000e+01  1.320000e+04	 7.005617e+00  	1.147888e-03  	
6.700000e+01  1.340000e+04	 6.577464e+00  	1.024764e-03  	
6.800000e+01  1.360000e+04	 6.175477e+00  	9.182327e-04  	
6.900000e+01  1.380000e+04	 5.798058e+00  	8.257614e-04  	
7.000000e+01  1.400000e+04	 5.443706e+00  	7.452416e-04  	
7.100000e+01  1.420000e+04	 5.111009e+00  	6.749119e-04  	
7.200000e+01  1.440000e+04	 4.798646e+00  	6.132968e-04  	
7.300000e+01  1.460000e+04	 4.505373e+00  	5.591567e-04  	
7.400000e+01  1.480000e+04	 4.230024e+00  	5.114470e-04  	
7.500000e+01  1.500000e+04	 3.971503e+00  	4.692855e-04  	
7.600000e+01  1.520000e+04	 3.728782e+00  	4.319243e-04  	
7.700000e+01  1.540000e+04	 3.500895e+00  	3.987281e-04  	
7.800000e+01  1.560000e+04	 3.286935e+00  	3.691557e-04  	
7.900000e+01  1.580000e+04	 3.086051e+00  	3.427447e-04  	
8.000000e+01  1.600000e+04	 2.897445e+00  	3.190989e-04  	
8.100000e+01  1.620000e+04	 2.720365e+00  	2.978783e-04  	
8.200000e+01  1.640000e+04	 2.554108e+00  	2.787897e-04  	
8.300000e+01  1.660000e+04	 2.398012e+00  	2.615804e-04  	
8.400000e+01  1.680000e+04	 2.251456e+00  	2.460316e-04  	
8.500000e+01  1.700000e+04	 2.113856e+00  	2.319533e-04  	
8.600000e+01  1.720000e+04	 1.984666e+00  	2.191805e-04  	
8.700000e+01  1.740000e+04	 1.863372e+00  	2.075692e-04  	
8.800000e+01  1.760000e+04	 1.749491e+00  	1.969937e-04  	
8.900000e+01  1.780000e+04	 1.642569e+00  	1.873438e-04  	
9.000000e+01  1.800000e+04	 1.542182e+00  	1.785229e-04  	
9.100000e+01  1.820000e+04	 1.447931e+00  	1.704458e-04  	
9.200000e+01  1.840000e+04	 1.359439e+00  	1.630377e-04  	
9.300000e+01  1.860000e+04	 1.276356e+00  	1.562324e-04  	
9.400000e+01  1.880000e+04	 1.198351e+00  	1.499711e-04  	
9.500000e+01  1.900000e+04	 1.125113e+00  	1.442018e-04  	
9.600000e+01  1.920000e+04	 1.056351e+00  	1.388785e-04  	
9.700000e+01  1.940000e+04	 9.917910e-01  	1.339598e-04  	
9.800000e+01  1.960000e+04	 9.311769e-01  	1.294091e-04  	
9.900000e+01  1.980000e+04	 8.742674e-01  	1.251935e-04  	
1.000000e+02  2.000000e+04	 8.208359e-01  	1.212837e-04  	
1.010000e+02  2.020000e+04	 7.706699e-01  	1.176531e-04  	
1.020000e+02  2.040000e+04	 7.235698e-01  	1.142782e-04  	
1.030000e+02  2.060000e+04	 6.793483e-01  	1.111376e-04  	
1.040000e+02  2.080000e+04	 6.378294e-01  	1.082119e-04  	
1.050000e+02  2.100000e+04	 5.988480e-01  	1.054839e-04  	
1.060000e+02  2.120000e+04	 5.622490e-01  	1.029378e-04  	
1.070000e+02  2.140000e+04	 5.278867e-01  	1.005592e-04  	
1.080000e+02  2.160000e+04	 4.956245e-01  	9.833540e-05  	
1.090000e+02  2.180000e+04	 4.653341e-01  	9.625447e-05  	
1.100000e+02  2.200000e+04	 4.368948e-01  	9.430573e-05  	
1.110000e+02  2.220000e+04	 4.101937e-01  	9.247943e-05  	
1.120000e+02  2.240000e+04	 3.851244e-01  	9.076663e-05  	
1.130000e+02  2.260000e+04	 3.615872e-01  	8.915920e-05  	
1.140000e+02  2.280000e+04	 3.394885e-01  	8.764967e-05  	
1.150000e+02  2.300000e+04	 3.187404e-01  	8.623118e-05  	
1.160000e+02  2.320000e+04	 2.992604e-01  	8.489747e-05  	
1.170000e+02  2.340000e+04	 2.809709e-01  	8.364276e-05  	
1.180000e+02  2.360000e+04	 2.637991e-01  	8.246174e-05  	
1.190000e+02  2.380000e+04	 2.476768e-01  	8.134951e-05  	
1.200000e+02  2.400000e+04	 2.325399e-01  	8.030155e-05  	
1.210000e+02  2.420000e+04	 2.183280e-01  	7.931371e-05  	
1.220000e+02  2.440000e+04	 2.049848e-01  	7.838211e-05  	
1.230000e+02  2.460000e+04	 1.924570e-01  	7.750320e-05  	
1.240000e+02  2.480000e+04	 1.806948e-01  	7.667367e-05  	
1.250000e+02  2.500000e+04	 1.696515e-01  	7.589045e-05  	
1.260000e+02  2.520000e+04	 1.592831e-01  	7.515070e-05  	
1.270000e+02  2.540000e+04	 1.495484e-01  	7.445176e-05  	
1.280000e+02  2.560000e+04	 1.404087e-01  	7.379119e-05  	
1.290000e+02  2.580000e+04	 1.318275e-01  	7.316667e-05  	
1.300000e+02  2.600000e+04	 1.237708e-01  	7.257609e-05  	
1.310000e+02  2.620000e+04	 1.162064e-01  	7.201744e-05  	
1.320000e+02  2.640000e+04	 1.091044e-01  	7.148887e-05  	
1.330000e+02  2.660000e+04	 1.024364e-01  	7.098864e-05  	
1.340000e+02  2.680000e+04	 9.617590e-02  	7.051513e-05  	
1.350000e+02  2.700000e+04	 9.029804e-02  	7.006680e-05  	
1.360000e+02  2.720000e+04	 8.477940e-02  	6.964225e-05  	
1.370000e+02  2.740000e+04	 7.959805e-02  	6.924013e-05  	
1.380000e+02  2.760000e+04	 7.473335e-02  	6.885919e-05  	
1.390000e+02  2.780000e+04	 7.016597e-02  	6.849827e-05  	
1.400000e+02  2.800000e+04	 6.587772e-02  	6.815625e-05  	
1.410000e+02  2.820000e+04	 6.185156e-02  	6.783210e-05  	
1.420000e+02  2.840000e+04	 5.807145e-02  	6.752485e-05  	
1.430000e+02  2.860000e+04	 5.452237e-02  	6.723357e-05  	
1.440000e+02  2.880000e+04	 5.119020e-02  	6.695742e-05  	
1.450000e+02  2.900000e+04	 4.806167e-02  	6.669557e-05  	
1.460000e+02  2.920000e+04	 4.512435e-02  	6.644726e-05  	
1.470000e+02  2.940000e+04	 4.236654e-02  	6.621176e-05  	
1.480000e+02  2.960000e+04	 3.977728e-02  	6.598841e-05  	
1.490000e+02  2.980000e+04	 3.734626e-02  	6.577655e-05  	
1.500000e+02  3.000000e+04	 3.506381e-02  	6.557559e-05  	