0.000231481 day
# index velocity (km/s) density (g/cm^3) 56ni_mass_fraction 52fe_mass_fraction 48cr_mass_fraction
0.000000e+00 2.000000e+02 3.947655e+02 9.891197e-01 9.891197e-03 9.891197e-04
1.000000e+00 4.000000e+02 3.684149e+02 9.891197e-01 9.891197e-03 9.891197e-04
2.000000e+00 6.000000e+02 3.438232e+02 9.891197e-01 9.891197e-03 9.891197e-04
3.000000e+00 8.000000e+02 3.208730e+02 9.891197e-01 9.891197e-03 9.891197e-04
4.000000e+00 1.000000e+03 2.994548e+02 9.891197e-01 9.891197e-03 9.891197e-04
5.000000e+00 1.200000e+03 2.794662e+02 9.891197e-01 9.891197e-03 9.891197e-04
6.000000e+00 1.400000e+03 2.608118e+02 9.891197e-01 9.891197e-03 9.891197e-04
7.000000e+00 1.600000e+03 2.434026e+02 9.891197e-01 9.891197e-03 9.891197e-04
8.000000e+00 1.800000e+03 2.271555e+02 9.891197e-01 9.891197e-03 9.891197e-04
9.000000e+00 2.000000e+03 2.119929e+02 9.891197e-01 9.891197e-03 9.891197e-04
1.000000e+01 2.200000e+03 1.978424e+02 9.891197e-01 9.891197e-03 9.891197e-04
1.100000e+01 2.400000e+03 1.846364e+02 9.891197e-01 9.891197e-03 9.891197e-04
1.200000e+01 2.600000e+03 1.723119e+02 9.891197e-01 9.891197e-03 9.891197e-04
1.300000e+01 2.800000e+03 1.608101e+02 9.891197e-01 9.891197e-03 9.891197e-04
1.400000e+01 3.000000e+03 1.500760e+02 9.891197e-01 9.891197e-03 9.891197e-04
1.500000e+01 3.200000e+03 1.400584e+02 9.891197e-01 9.891197e-03 9.891197e-04
1.600000e+01 3.400000e+03 1.307096e+02 9.891197e-01 9.891197e-03 9.891197e-04
1.700000e+01 3.600000e+03 1.219847e+02 9.891197e-01 9.891197e-03 9.891197e-04
1.800000e+01 3.800000e+03 1.138422e+02 9.891197e-01 9.891197e-03 9.891197e-04
1.900000e+01 4.000000e+03 1.062433e+02 9.891197e-01 9.891197e-03 9.891197e-04
2.000000e+01 4.200000e+03 9.915153e+01 9.891197e-01 9.891197e-03 9.891197e-04
2.100000e+01 4.400000e+03 9.253318e+01 9.891197e-01 9.891197e-03 9.891197e-04
2.200000e+01 4.600000e+03 8.635659e+01 9.891197e-01 9.891197e-03 9.891197e-04
2.300000e+01 4.800000e+03 8.059231e+01 9.819385e-01 9.819385e-03 9.819385e-04
2.400000e+01 5.000000e+03 7.521276e+01 9.633383e-01 9.633383e-03 9.633383e-04
2.500000e+01 5.200000e+03 7.019230e+01 9.369572e-01 9.369572e-03 9.369572e-04
2.600000e+01 5.400000e+03 6.550696e+01 9.002915e-01 9.002915e-03 9.002915e-04
2.700000e+01 5.600000e+03 6.113438e+01 8.507962e-01 8.507962e-03 8.507962e-04
2.800000e+01 5.800000e+03 5.705366e+01 7.865886e-01 7.865886e-03 7.865886e-04
2.900000e+01 6.000000e+03 5.324533e+01 7.074772e-01 7.074772e-03 7.074772e-04
3.000000e+01 6.200000e+03 4.969120e+01 6.159455e-01 6.159455e-03 6.159455e-04
3.100000e+01 6.400000e+03 4.637432e+01 5.173910e-01 5.173910e-03 5.173910e-04
3.200000e+01 6.600000e+03 4.327883e+01 4.190807e-01 4.190807e-03 4.190807e-04
3.300000e+01 6.800000e+03 4.038997e+01 3.281156e-01 3.281156e-03 3.281156e-04
3.400000e+01 7.000000e+03 3.769394e+01 2.495193e-01 2.495193e-03 2.495193e-04
3.500000e+01 7.200000e+03 3.517787e+01 1.854388e-01 1.854388e-03 1.854388e-04
3.600000e+01 7.400000e+03 3.282975e+01 1.355422e-01 1.355422e-03 1.355422e-04
3.700000e+01 7.600000e+03 3.063836e+01 9.800040e-02 9.800040e-04 9.800040e-05
3.800000e+01 7.800000e+03 2.859326e+01 7.042762e-02 7.042762e-04 7.042762e-05
3.900000e+01 8.000000e+03 2.668466e+01 5.049598e-02 5.049598e-04 5.049598e-05
4.000000e+01 8.200000e+03 2.490346e+01 3.622500e-02 3.622500e-04 3.622500e-05
4.100000e+01 8.400000e+03 2.324115e+01 2.605639e-02 2.605639e-04 2.605639e-05
4.200000e+01 8.600000e+03 2.168980e+01 1.882100e-02 1.882100e-04 1.882100e-05
4.300000e+01 8.800000e+03 2.024201e+01 1.366715e-02 1.366715e-04 1.366715e-05
4.400000e+01 9.000000e+03 1.889086e+01 9.985478e-03 9.985478e-05 9.985478e-06
4.500000e+01 9.200000e+03 1.762989e+01 7.344556e-03 7.344556e-05 7.344556e-06
4.600000e+01 9.400000e+03 1.645310e+01 5.440591e-03 5.440591e-05 5.440591e-06
4.700000e+01 9.600000e+03 1.535486e+01 4.060088e-03 4.060088e-05 4.060088e-06
4.800000e+01 9.800000e+03 1.432992e+01 3.052942e-03 3.052942e-05 3.052942e-06
4.900000e+01 1.000000e+04 1.337340e+01 2.313397e-03 2.313397e-05 2.313397e-06
5.000000e+01 1.020000e+04 1.248073e+01 1.766696e-03 1.766696e-05 1.766696e-06
5.100000e+01 1.040000e+04 1.164764e+01 1.359772e-03 1.359772e-05 1.359772e-06
5.200000e+01 1.060000e+04 1.087016e+01 1.054778e-03 1.054778e-05 1.054778e-06
5.300000e+01 1.080000e+04 1.014457e+01 8.245788e-04 8.245788e-06 8.245788e-07
5.400000e+01 1.100000e+04 9.467424e+00 6.496136e-04 6.496136e-06 6.496136e-07
5.500000e+01 1.120000e+04 8.835476e+00 5.156999e-04 5.156999e-06 5.156999e-07
5.600000e+01 1.140000e+04 8.245703e+00 4.124944e-04 4.124944e-06 4.124944e-07
5.700000e+01 1.160000e+04 7.695303e+00 3.324085e-04 3.324085e-06 3.324085e-07
5.800000e+01 1.180000e+04 7.181645e+00 2.698410e-04 2.698410e-06 2.698410e-07
5.900000e+01 1.200000e+04 6.702269e+00 2.206327e-04 2.206327e-06 2.206327e-07
6.000000e+01 1.220000e+04 6.254893e+00 1.816766e-04 1.816766e-06 1.816766e-07
6.100000e+01 1.240000e+04 5.837378e+00 1.506373e-04 1.506373e-06 1.506373e-07
6.200000e+01 1.260000e+04 5.447734e+00 1.257494e-04 1.257494e-06 1.257494e-07
6.300000e+01 1.280000e+04 5.084098e+00 1.056699e-04 1.056699e-06 1.056699e-07
6.400000e+01 1.300000e+04 4.744734e+00 8.937189e-05 8.937189e-07 8.937189e-08
6.500000e+01 1.320000e+04 4.428023e+00 7.606485e-05 7.606575e-07 7.606643e-08
6.600000e+01 1.340000e+04 4.132453e+00 6.513872e-05 6.523828e-07 6.531393e-08
6.700000e+01 1.360000e+04 3.856612e+00 5.619603e-05 6.173389e-07 6.594145e-08
6.800000e+01 1.380000e+04 3.599183e+00 5.109503e-05 2.166131e-06 3.423710e-07
6.900000e+01 1.400000e+04 3.358938e+00 8.465791e-05 2.913542e-05 5.062880e-06
7.000000e+01 1.420000e+04 3.134729e+00 4.753398e-04 2.978791e-04 5.205910e-05
7.100000e+01 1.440000e+04 2.925486e+00 2.941883e-03 1.975373e-03 3.453876e-04
7.200000e+01 1.460000e+04 2.730209e+00 1.306797e-02 8.852470e-03 1.547914e-03
7.300000e+01 1.480000e+04 2.547968e+00 4.151136e-02 2.816481e-02 4.924855e-03
7.400000e+01 1.500000e+04 2.377891e+00 9.838210e-02 6.677612e-02 1.167640e-02
7.500000e+01 1.520000e+04 2.219167e+00 1.822529e-01 1.237175e-01 2.163312e-02
7.600000e+01 1.540000e+04 2.071038e+00 2.764708e-01 1.876834e-01 3.281814e-02
7.700000e+01 1.560000e+04 1.932796e+00 3.594098e-01 2.439918e-01 4.266418e-02
7.800000e+01 1.580000e+04 1.803782e+00 4.179145e-01 2.837116e-01 4.960956e-02
7.900000e+01 1.600000e+04 1.683380e+00 4.512945e-01 3.063740e-01 5.357230e-02
8.000000e+01 1.620000e+04 1.571014e+00 4.662286e-01 3.165136e-01 5.534530e-02
8.100000e+01 1.640000e+04 1.466149e+00 4.703439e-01 3.193082e-01 5.583396e-02
8.200000e+01 1.660000e+04 1.368283e+00 4.690548e-01 3.184336e-01 5.568103e-02
8.300000e+01 1.680000e+04 1.276950e+00 4.653322e-01 3.159069e-01 5.523921e-02
8.400000e+01 1.700000e+04 1.191714e+00 4.605539e-01 3.126633e-01 5.467205e-02
8.500000e+01 1.720000e+04 1.112167e+00 4.552994e-01 3.090965e-01 5.404835e-02
8.600000e+01 1.740000e+04 1.037930e+00 4.498106e-01 3.053705e-01 5.339683e-02
8.700000e+01 1.760000e+04 9.686485e-01 4.442013e-01 3.015627e-01 5.273100e-02
8.800000e+01 1.780000e+04 9.039911e-01 4.385378e-01 2.977180e-01 5.205873e-02
8.900000e+01 1.800000e+04 8.436499e-01 4.328673e-01 2.938686e-01 5.138562e-02
9.000000e+01 1.820000e+04 7.873360e-01 4.272271e-01 2.900398e-01 5.071611e-02
9.100000e+01 1.840000e+04 7.347815e-01 4.216479e-01 2.862523e-01 5.005383e-02
9.200000e+01 1.860000e+04 6.857348e-01 4.161548e-01 2.825232e-01 4.940177e-02
9.300000e+01 1.880000e+04 6.399621e-01 4.107684e-01 2.788666e-01 4.876237e-02
9.400000e+01 1.900000e+04 5.972446e-01 4.055053e-01 2.752936e-01 4.813761e-02
9.500000e+01 1.920000e+04 5.573785e-01 4.003786e-01 2.718132e-01 4.752903e-02
9.600000e+01 1.940000e+04 5.201735e-01 3.953984e-01 2.684323e-01 4.693785e-02
9.700000e+01 1.960000e+04 4.854520e-01 3.905722e-01 2.651559e-01 4.636494e-02
9.800000e+01 1.980000e+04 4.530481e-01 3.859052e-01 2.619876e-01 4.581094e-02
9.900000e+01 2.000000e+04 4.228071e-01 3.814008e-01 2.589297e-01 4.527623e-02
1.000000e+02 2.020000e+04 3.945847e-01 3.770607e-01 2.559833e-01 4.476103e-02
1.010000e+02 2.040000e+04 3.682463e-01 3.728853e-01 2.531488e-01 4.426538e-02
1.020000e+02 2.060000e+04 3.436658e-01 3.688739e-01 2.504255e-01 4.378919e-02
1.030000e+02 2.080000e+04 3.207261e-01 3.650247e-01 2.478124e-01 4.333227e-02
1.040000e+02 2.100000e+04 2.993177e-01 3.613354e-01 2.453078e-01 4.289431e-02
1.050000e+02 2.120000e+04 2.793382e-01 3.578027e-01 2.429095e-01 4.247496e-02
1.060000e+02 2.140000e+04 2.606924e-01 3.544232e-01 2.406152e-01 4.207378e-02
1.070000e+02 2.160000e+04 2.432912e-01 3.511929e-01 2.384222e-01 4.169031e-02
1.080000e+02 2.180000e+04 2.270515e-01 3.481075e-01 2.363276e-01 4.132404e-02
1.090000e+02 2.200000e+04 2.118958e-01 3.451625e-01 2.343283e-01 4.097444e-02
1.100000e+02 2.220000e+04 1.977518e-01 3.423532e-01 2.324211e-01 4.064096e-02
1.110000e+02 2.240000e+04 1.845519e-01 3.396751e-01 2.306030e-01 4.032304e-02
1.120000e+02 2.260000e+04 1.722330e-01 3.371232e-01 2.288706e-01 4.002011e-02
1.130000e+02 2.280000e+04 1.607365e-01 3.346929e-01 2.272206e-01 3.973161e-02
1.140000e+02 2.300000e+04 1.500073e-01 3.323793e-01 2.256500e-01 3.945696e-02
1.150000e+02 2.320000e+04 1.399943e-01 3.301777e-01 2.241554e-01 3.919562e-02
1.160000e+02 2.340000e+04 1.306497e-01 3.280836e-01 2.227337e-01 3.894703e-02
1.170000e+02 2.360000e+04 1.219288e-01 3.260924e-01 2.213819e-01 3.871065e-02
1.180000e+02 2.380000e+04 1.137901e-01 3.241996e-01 2.200969e-01 3.848596e-02
1.190000e+02 2.400000e+04 1.061946e-01 3.224009e-01 2.188758e-01 3.827244e-02
1.200000e+02 2.420000e+04 9.910614e-02 3.206922e-01 2.177158e-01 3.806960e-02
1.210000e+02 2.440000e+04 9.249079e-02 3.190693e-01 2.166141e-01 3.787695e-02
1.220000e+02 2.460000e+04 8.631706e-02 3.175285e-01 2.155680e-01 3.769403e-02
1.230000e+02 2.480000e+04 8.055536e-02 3.160657e-01 2.145749e-01 3.752039e-02
1.240000e+02 2.500000e+04 7.517831e-02 3.146775e-01 2.136325e-01 3.735559e-02
1.250000e+02 2.520000e+04 7.016016e-02 3.133602e-01 2.127382e-01 3.719922e-02
1.260000e+02 2.540000e+04 6.547697e-02 3.121105e-01 2.118898e-01 3.705088e-02
1.270000e+02 2.560000e+04 6.110639e-02 3.109252e-01 2.110851e-01 3.691017e-02
1.280000e+02 2.580000e+04 5.702754e-02 3.098012e-01 2.103220e-01 3.677673e-02
1.290000e+02 2.600000e+04 5.322095e-02 3.087354e-01 2.095985e-01 3.665021e-02
1.300000e+02 2.620000e+04 4.966845e-02 3.077250e-01 2.089125e-01 3.653027e-02
1.310000e+02 2.640000e+04 4.635308e-02 3.067673e-01 2.082624e-01 3.641658e-02
1.320000e+02 2.660000e+04 4.325902e-02 3.058597e-01 2.076462e-01 3.630884e-02
1.330000e+02 2.680000e+04 4.037148e-02 3.049996e-01 2.070623e-01 3.620674e-02
1.340000e+02 2.700000e+04 3.767669e-02 3.041848e-01 2.065091e-01 3.611001e-02
1.350000e+02 2.720000e+04 3.516177e-02 3.034128e-01 2.059851e-01 3.601837e-02
1.360000e+02 2.740000e+04 3.281472e-02 3.026817e-01 2.054887e-01 3.593158e-02
1.370000e+02 2.760000e+04 3.062434e-02 3.019892e-01 2.050186e-01 3.584937e-02
1.380000e+02 2.780000e+04 2.858017e-02 3.013334e-01 2.045734e-01 3.577153e-02
1.390000e+02 2.800000e+04 2.667244e-02 3.007125e-01 2.041519e-01 3.569782e-02
1.400000e+02 2.820000e+04 2.489206e-02 3.001247e-01 2.037528e-01 3.562804e-02
1.410000e+02 2.840000e+04 2.323051e-02 2.995683e-01 2.033750e-01 3.556199e-02
1.420000e+02 2.860000e+04 2.167987e-02 2.990416e-01 2.030175e-01 3.549946e-02
1.430000e+02 2.880000e+04 2.023274e-02 2.985431e-01 2.026790e-01 3.544029e-02
1.440000e+02 2.900000e+04 1.888221e-02 2.980713e-01 2.023588e-01 3.538429e-02
1.450000e+02 2.920000e+04 1.762182e-02 2.976250e-01 2.020558e-01 3.533130e-02
1.460000e+02 2.940000e+04 1.644556e-02 2.972027e-01 2.017691e-01 3.528117e-02
1.470000e+02 2.960000e+04 1.534782e-02 2.968031e-01 2.014978e-01 3.523374e-02
1.480000e+02 2.980000e+04 1.432336e-02 2.964252e-01 2.012412e-01 3.518887e-02
1.490000e+02 3.000000e+04 1.336728e-02 2.960677e-01 2.009985e-01 3.514644e-02