0.000231481 day
# index velocity (km/s) density (g/cm^3) 56ni_mass_fraction 52fe_mass_fraction 48cr_mass_fraction
0.000000e+00 2.000000e+02 3.829225e+02 9.891197e-01 9.891197e-03 9.891197e-04
1.000000e+00 4.000000e+02 3.573624e+02 9.891197e-01 9.891197e-03 9.891197e-04
2.000000e+00 6.000000e+02 3.335085e+02 9.891197e-01 9.891197e-03 9.891197e-04
3.000000e+00 8.000000e+02 3.112468e+02 9.891197e-01 9.891197e-03 9.891197e-04
4.000000e+00 1.000000e+03 2.904711e+02 9.891197e-01 9.891197e-03 9.891197e-04
5.000000e+00 1.200000e+03 2.710822e+02 9.891197e-01 9.891197e-03 9.891197e-04
6.000000e+00 1.400000e+03 2.529875e+02 9.891197e-01 9.891197e-03 9.891197e-04
7.000000e+00 1.600000e+03 2.361005e+02 9.891197e-01 9.891197e-03 9.891197e-04
8.000000e+00 1.800000e+03 2.203409e+02 9.891197e-01 9.891197e-03 9.891197e-04
9.000000e+00 2.000000e+03 2.056331e+02 9.891197e-01 9.891197e-03 9.891197e-04
1.000000e+01 2.200000e+03 1.919071e+02 9.891197e-01 9.891197e-03 9.891197e-04
1.100000e+01 2.400000e+03 1.790973e+02 9.891197e-01 9.891197e-03 9.891197e-04
1.200000e+01 2.600000e+03 1.671426e+02 9.891197e-01 9.891197e-03 9.891197e-04
1.300000e+01 2.800000e+03 1.559858e+02 9.891197e-01 9.891197e-03 9.891197e-04
1.400000e+01 3.000000e+03 1.455738e+02 9.891197e-01 9.891197e-03 9.891197e-04
1.500000e+01 3.200000e+03 1.358567e+02 9.891197e-01 9.891197e-03 9.891197e-04
1.600000e+01 3.400000e+03 1.267883e+02 9.891197e-01 9.891197e-03 9.891197e-04
1.700000e+01 3.600000e+03 1.183251e+02 9.891197e-01 9.891197e-03 9.891197e-04
1.800000e+01 3.800000e+03 1.104269e+02 9.891197e-01 9.891197e-03 9.891197e-04
1.900000e+01 4.000000e+03 1.030560e+02 9.790067e-01 9.790067e-03 9.790067e-04
2.000000e+01 4.200000e+03 9.617699e+01 9.595681e-01 9.595681e-03 9.595681e-04
2.100000e+01 4.400000e+03 8.975718e+01 9.326495e-01 9.326495e-03 9.326495e-04
2.200000e+01 4.600000e+03 8.376589e+01 8.959645e-01 8.959645e-03 8.959645e-04
2.300000e+01 4.800000e+03 7.817454e+01 8.471746e-01 8.471746e-03 8.471746e-04
2.400000e+01 5.000000e+03 7.295638e+01 7.844878e-01 7.844878e-03 7.844878e-04
2.500000e+01 5.200000e+03 6.808653e+01 7.075601e-01 7.075601e-03 7.075601e-04
2.600000e+01 5.400000e+03 6.354175e+01 6.184200e-01 6.184200e-03 6.184200e-04
2.700000e+01 5.600000e+03 5.930035e+01 5.218295e-01 5.218295e-03 5.218295e-04
2.800000e+01 5.800000e+03 5.534205e+01 4.245322e-01 4.245322e-03 4.245322e-04
2.900000e+01 6.000000e+03 5.164797e+01 3.334813e-01 3.334813e-03 3.334813e-04
3.000000e+01 6.200000e+03 4.820047e+01 2.539494e-01 2.539494e-03 2.539494e-04
3.100000e+01 6.400000e+03 4.498309e+01 1.885251e-01 1.885251e-03 1.885251e-04
3.200000e+01 6.600000e+03 4.198047e+01 1.372762e-01 1.372762e-03 1.372762e-04
3.300000e+01 6.800000e+03 3.917827e+01 9.861376e-02 9.861376e-04 9.861376e-05
3.400000e+01 7.000000e+03 3.656312e+01 7.023538e-02 7.023538e-04 7.023538e-05
3.500000e+01 7.200000e+03 3.412254e+01 4.979606e-02 4.979606e-04 4.979606e-05
3.600000e+01 7.400000e+03 3.184486e+01 3.525395e-02 3.525395e-04 3.525395e-05
3.700000e+01 7.600000e+03 2.971921e+01 2.498154e-02 2.498154e-04 2.498154e-05
3.800000e+01 7.800000e+03 2.773546e+01 1.774990e-02 1.774990e-04 1.774990e-05
3.900000e+01 8.000000e+03 2.588412e+01 1.266222e-02 1.266222e-04 1.266222e-05
4.000000e+01 8.200000e+03 2.415635e+01 9.077940e-03 9.077940e-05 9.077940e-06
4.100000e+01 8.400000e+03 2.254391e+01 6.545586e-03 6.545586e-05 6.545586e-06
4.200000e+01 8.600000e+03 2.103911e+01 4.749352e-03 4.749352e-05 4.749352e-06
4.300000e+01 8.800000e+03 1.963475e+01 3.469179e-03 3.469179e-05 3.469179e-06
4.400000e+01 9.000000e+03 1.832413e+01 2.551896e-03 2.551896e-05 2.551896e-06
4.500000e+01 9.200000e+03 1.710100e+01 1.890800e-03 1.890800e-05 1.890800e-06
4.600000e+01 9.400000e+03 1.595950e+01 1.411401e-03 1.411401e-05 1.411401e-06
4.700000e+01 9.600000e+03 1.489421e+01 1.061525e-03 1.061525e-05 1.061525e-06
4.800000e+01 9.800000e+03 1.390002e+01 8.044900e-04 8.044900e-06 8.044900e-07
4.900000e+01 1.000000e+04 1.297219e+01 6.143865e-04 6.143865e-06 6.143865e-07
5.000000e+01 1.020000e+04 1.210630e+01 4.728249e-04 4.728249e-06 4.728249e-07
5.100000e+01 1.040000e+04 1.129821e+01 3.666846e-04 3.666846e-06 3.666846e-07
5.200000e+01 1.060000e+04 1.054405e+01 2.865530e-04 2.865530e-06 2.865530e-07
5.300000e+01 1.080000e+04 9.840235e+00 2.256394e-04 2.256394e-06 2.256394e-07
5.400000e+01 1.100000e+04 9.183402e+00 1.790164e-04 1.790164e-06 1.790164e-07
5.500000e+01 1.120000e+04 8.570412e+00 1.430878e-04 1.430878e-06 1.430878e-07
5.600000e+01 1.140000e+04 7.998332e+00 1.152132e-04 1.152132e-06 1.152132e-07
5.700000e+01 1.160000e+04 7.464443e+00 9.344258e-05 9.344258e-07 9.344258e-08
5.800000e+01 1.180000e+04 6.966195e+00 7.632714e-05 7.632714e-07 7.632714e-08
5.900000e+01 1.200000e+04 6.501201e+00 6.278410e-05 6.278410e-07 6.278410e-08
6.000000e+01 1.220000e+04 6.067246e+00 5.199940e-05 5.199940e-07 5.199940e-08
6.100000e+01 1.240000e+04 5.662257e+00 4.335746e-05 4.335746e-07 4.335746e-08
6.200000e+01 1.260000e+04 5.284302e+00 3.639004e-05 3.639004e-07 3.639004e-08
6.300000e+01 1.280000e+04 4.931575e+00 3.073895e-05 3.073895e-07 3.073895e-08
6.400000e+01 1.300000e+04 4.602392e+00 2.612860e-05 2.612860e-07 2.612860e-08
6.500000e+01 1.320000e+04 4.295182e+00 2.234579e-05 2.234579e-07 2.234579e-08
6.600000e+01 1.340000e+04 4.008479e+00 1.922466e-05 1.922466e-07 1.922466e-08
6.700000e+01 1.360000e+04 3.740913e+00 1.663547e-05 1.663547e-07 1.663547e-08
6.800000e+01 1.380000e+04 3.491208e+00 1.447620e-05 1.447620e-07 1.447620e-08
6.900000e+01 1.400000e+04 3.258169e+00 1.266623e-05 1.266623e-07 1.266623e-08
7.000000e+01 1.420000e+04 3.040687e+00 1.114148e-05 1.114148e-07 1.114148e-08
7.100000e+01 1.440000e+04 2.837721e+00 9.850799e-06 9.850799e-08 9.850843e-09
7.200000e+01 1.460000e+04 2.648303e+00 8.753133e-06 8.753236e-08 8.766763e-09
7.300000e+01 1.480000e+04 2.471529e+00 7.815385e-06 7.829131e-08 9.642188e-09
7.400000e+01 1.500000e+04 2.306554e+00 7.010750e-06 7.880195e-08 1.225595e-07
7.500000e+01 1.520000e+04 2.152592e+00 6.317660e-06 3.436457e-07 3.733737e-06
7.600000e+01 1.540000e+04 2.008907e+00 5.722412e-06 5.016398e-06 6.591288e-05
7.700000e+01 1.560000e+04 1.874813e+00 5.247633e-06 5.145758e-05 6.831764e-04
7.800000e+01 1.580000e+04 1.749668e+00 5.073846e-06 3.327237e-04 4.421212e-03
7.900000e+01 1.600000e+04 1.632878e+00 5.767328e-06 1.426456e-03 1.895676e-02
8.000000e+01 1.620000e+04 1.523884e+00 8.273051e-06 4.288195e-03 5.698880e-02
8.100000e+01 1.640000e+04 1.422164e+00 1.321085e-05 9.546206e-03 1.268668e-01
8.200000e+01 1.660000e+04 1.327235e+00 1.997459e-05 1.659873e-02 2.205937e-01
8.300000e+01 1.680000e+04 1.238642e+00 2.686610e-05 2.374848e-02 3.156126e-01
8.400000e+01 1.700000e+04 1.155963e+00 3.228057e-05 2.939101e-02 3.906007e-01
8.500000e+01 1.720000e+04 1.078802e+00 3.561760e-05 3.292796e-02 4.376061e-01
8.600000e+01 1.740000e+04 1.006792e+00 3.719510e-05 3.468100e-02 4.609038e-01
8.700000e+01 1.760000e+04 9.395891e-01 3.765905e-05 3.530017e-02 4.691325e-01
8.800000e+01 1.780000e+04 8.768714e-01 3.754991e-05 3.532939e-02 4.695207e-01
8.900000e+01 1.800000e+04 8.183404e-01 3.718729e-05 3.509088e-02 4.663510e-01
9.000000e+01 1.820000e+04 7.637160e-01 3.672352e-05 3.473896e-02 4.616741e-01
9.100000e+01 1.840000e+04 7.127380e-01 3.622179e-05 3.433834e-02 4.563499e-01
9.200000e+01 1.860000e+04 6.651628e-01 3.570678e-05 3.391496e-02 4.507233e-01
9.300000e+01 1.880000e+04 6.207632e-01 3.518873e-05 3.348015e-02 4.449448e-01
9.400000e+01 1.900000e+04 5.793273e-01 3.467282e-05 3.304000e-02 4.390953e-01
9.500000e+01 1.920000e+04 5.406572e-01 3.416238e-05 3.259864e-02 4.332296e-01
9.600000e+01 1.940000e+04 5.045683e-01 3.365989e-05 3.215925e-02 4.273903e-01
9.700000e+01 1.960000e+04 4.708884e-01 3.316732e-05 3.172443e-02 4.216116e-01
9.800000e+01 1.980000e+04 4.394566e-01 3.268624e-05 3.129628e-02 4.159216e-01
9.900000e+01 2.000000e+04 4.101229e-01 3.221790e-05 3.087654e-02 4.103433e-01
1.000000e+02 2.020000e+04 3.827472e-01 3.176325e-05 3.046657e-02 4.048949e-01
1.010000e+02 2.040000e+04 3.571989e-01 3.132299e-05 3.006745e-02 3.995907e-01
1.020000e+02 2.060000e+04 3.333558e-01 3.089761e-05 2.968001e-02 3.944417e-01
1.030000e+02 2.080000e+04 3.111044e-01 3.048743e-05 2.930485e-02 3.894559e-01
1.040000e+02 2.100000e+04 2.903381e-01 3.009259e-05 2.894239e-02 3.846388e-01
1.050000e+02 2.120000e+04 2.709581e-01 2.971312e-05 2.859289e-02 3.799940e-01
1.060000e+02 2.140000e+04 2.528717e-01 2.934893e-05 2.825647e-02 3.755231e-01
1.070000e+02 2.160000e+04 2.359924e-01 2.899985e-05 2.793315e-02 3.712262e-01
1.080000e+02 2.180000e+04 2.202400e-01 2.866564e-05 2.762285e-02 3.671024e-01
1.090000e+02 2.200000e+04 2.055390e-01 2.834597e-05 2.732542e-02 3.631497e-01
1.100000e+02 2.220000e+04 1.918192e-01 2.804052e-05 2.704065e-02 3.593651e-01
1.110000e+02 2.240000e+04 1.790153e-01 2.774887e-05 2.676827e-02 3.557452e-01
1.120000e+02 2.260000e+04 1.670660e-01 2.747063e-05 2.650797e-02 3.522860e-01
1.130000e+02 2.280000e+04 1.559144e-01 2.720535e-05 2.625944e-02 3.489830e-01
1.140000e+02 2.300000e+04 1.455071e-01 2.695259e-05 2.602230e-02 3.458315e-01
1.150000e+02 2.320000e+04 1.357945e-01 2.671189e-05 2.579620e-02 3.428266e-01
1.160000e+02 2.340000e+04 1.267302e-01 2.648280e-05 2.558075e-02 3.399633e-01
1.170000e+02 2.360000e+04 1.182710e-01 2.626485e-05 2.537557e-02 3.372365e-01
1.180000e+02 2.380000e+04 1.103764e-01 2.605760e-05 2.518025e-02 3.346408e-01
1.190000e+02 2.400000e+04 1.030088e-01 2.586059e-05 2.499443e-02 3.321712e-01
1.200000e+02 2.420000e+04 9.613296e-02 2.567339e-05 2.481771e-02 3.298226e-01
1.210000e+02 2.440000e+04 8.971606e-02 2.549557e-05 2.464971e-02 3.275900e-01
1.220000e+02 2.460000e+04 8.372754e-02 2.532670e-05 2.449006e-02 3.254683e-01
1.230000e+02 2.480000e+04 7.813870e-02 2.516640e-05 2.433840e-02 3.234527e-01
1.240000e+02 2.500000e+04 7.292296e-02 2.501425e-05 2.419437e-02 3.215385e-01
1.250000e+02 2.520000e+04 6.805536e-02 2.486989e-05 2.405762e-02 3.197212e-01
1.260000e+02 2.540000e+04 6.351266e-02 2.473294e-05 2.392783e-02 3.179964e-01
1.270000e+02 2.560000e+04 5.927319e-02 2.460305e-05 2.380467e-02 3.163596e-01
1.280000e+02 2.580000e+04 5.531671e-02 2.447989e-05 2.368783e-02 3.148068e-01
1.290000e+02 2.600000e+04 5.162432e-02 2.436312e-05 2.357701e-02 3.133340e-01
1.300000e+02 2.620000e+04 4.817840e-02 2.425244e-05 2.347192e-02 3.119374e-01
1.310000e+02 2.640000e+04 4.496249e-02 2.414754e-05 2.337228e-02 3.106132e-01
1.320000e+02 2.660000e+04 4.196125e-02 2.404814e-05 2.327784e-02 3.093580e-01
1.330000e+02 2.680000e+04 3.916033e-02 2.395396e-05 2.318832e-02 3.081684e-01
1.340000e+02 2.700000e+04 3.654639e-02 2.386475e-05 2.310350e-02 3.070412e-01
1.350000e+02 2.720000e+04 3.410691e-02 2.378025e-05 2.302314e-02 3.059731e-01
1.360000e+02 2.740000e+04 3.183028e-02 2.370023e-05 2.294700e-02 3.049613e-01
1.370000e+02 2.760000e+04 2.970561e-02 2.362445e-05 2.287489e-02 3.040030e-01
1.380000e+02 2.780000e+04 2.772276e-02 2.355270e-05 2.280660e-02 3.030955e-01
1.390000e+02 2.800000e+04 2.587227e-02 2.348478e-05 2.274194e-02 3.022361e-01
1.400000e+02 2.820000e+04 2.414529e-02 2.342048e-05 2.268071e-02 3.014224e-01
1.410000e+02 2.840000e+04 2.253360e-02 2.335962e-05 2.262275e-02 3.006521e-01
1.420000e+02 2.860000e+04 2.102948e-02 2.330203e-05 2.256789e-02 2.999230e-01
1.430000e+02 2.880000e+04 1.962576e-02 2.324753e-05 2.251596e-02 2.992329e-01
1.440000e+02 2.900000e+04 1.831574e-02 2.319596e-05 2.246682e-02 2.985798e-01
1.450000e+02 2.920000e+04 1.709317e-02 2.314718e-05 2.242032e-02 2.979619e-01
1.460000e+02 2.940000e+04 1.595220e-02 2.310102e-05 2.237633e-02 2.973772e-01
1.470000e+02 2.960000e+04 1.488739e-02 2.305736e-05 2.233471e-02 2.968240e-01
1.480000e+02 2.980000e+04 1.389366e-02 2.301607e-05 2.229534e-02 2.963008e-01
1.490000e+02 3.000000e+04 1.296626e-02 2.297702e-05 2.225809e-02 2.958059e-01