0.000231481 day
# index velocity (km/s) density (g/cm^3) 56ni_mass_fraction 52fe_mass_fraction 48cr_mass_fraction
0.000000e+00 2.000000e+02 4.223991e+02 9.891197e-01 9.891197e-03 9.891197e-04
1.000000e+00 4.000000e+02 3.942039e+02 9.891197e-01 9.891197e-03 9.891197e-04
2.000000e+00 6.000000e+02 3.678908e+02 9.891197e-01 9.891197e-03 9.891197e-04
3.000000e+00 8.000000e+02 3.433341e+02 9.891197e-01 9.891197e-03 9.891197e-04
4.000000e+00 1.000000e+03 3.204166e+02 9.891197e-01 9.891197e-03 9.891197e-04
5.000000e+00 1.200000e+03 2.990288e+02 9.891197e-01 9.891197e-03 9.891197e-04
6.000000e+00 1.400000e+03 2.790686e+02 9.891197e-01 9.891197e-03 9.891197e-04
7.000000e+00 1.600000e+03 2.604408e+02 9.891197e-01 9.891197e-03 9.891197e-04
8.000000e+00 1.800000e+03 2.430564e+02 9.891197e-01 9.891197e-03 9.891197e-04
9.000000e+00 2.000000e+03 2.268324e+02 9.891197e-01 9.891197e-03 9.891197e-04
1.000000e+01 2.200000e+03 2.116913e+02 9.891197e-01 9.891197e-03 9.891197e-04
1.100000e+01 2.400000e+03 1.975609e+02 9.891197e-01 9.891197e-03 9.891197e-04
1.200000e+01 2.600000e+03 1.843738e+02 9.891197e-01 9.891197e-03 9.891197e-04
1.300000e+01 2.800000e+03 1.720668e+02 9.891197e-01 9.891197e-03 9.891197e-04
1.400000e+01 3.000000e+03 1.605814e+02 9.891197e-01 9.891197e-03 9.891197e-04
1.500000e+01 3.200000e+03 1.498625e+02 9.891197e-01 9.891197e-03 9.891197e-04
1.600000e+01 3.400000e+03 1.398592e+02 9.891197e-01 9.891197e-03 9.891197e-04
1.700000e+01 3.600000e+03 1.305236e+02 9.891197e-01 9.891197e-03 9.891197e-04
1.800000e+01 3.800000e+03 1.218112e+02 9.891197e-01 9.891197e-03 9.891197e-04
1.900000e+01 4.000000e+03 1.136803e+02 9.891197e-01 9.891197e-03 9.891197e-04
2.000000e+01 4.200000e+03 1.060921e+02 9.891197e-01 9.891197e-03 9.891197e-04
2.100000e+01 4.400000e+03 9.901050e+01 9.891197e-01 9.891197e-03 9.891197e-04
2.200000e+01 4.600000e+03 9.240155e+01 9.891197e-01 9.891197e-03 9.891197e-04
2.300000e+01 4.800000e+03 8.623378e+01 9.891197e-01 9.891197e-03 9.891197e-04
2.400000e+01 5.000000e+03 8.047766e+01 9.891197e-01 9.891197e-03 9.891197e-04
2.500000e+01 5.200000e+03 7.510576e+01 9.891197e-01 9.891197e-03 9.891197e-04
2.600000e+01 5.400000e+03 7.009245e+01 9.891197e-01 9.891197e-03 9.891197e-04
2.700000e+01 5.600000e+03 6.541378e+01 9.891197e-01 9.891197e-03 9.891197e-04
2.800000e+01 5.800000e+03 6.104742e+01 9.891197e-01 9.891197e-03 9.891197e-04
2.900000e+01 6.000000e+03 5.697250e+01 9.891197e-01 9.891197e-03 9.891197e-04
3.000000e+01 6.200000e+03 5.316959e+01 9.891197e-01 9.891197e-03 9.891197e-04
3.100000e+01 6.400000e+03 4.962052e+01 9.871443e-01 9.871443e-03 9.871443e-04
3.200000e+01 6.600000e+03 4.630835e+01 9.732774e-01 9.732774e-03 9.732774e-04
3.300000e+01 6.800000e+03 4.321727e+01 9.532054e-01 9.532054e-03 9.532054e-04
3.400000e+01 7.000000e+03 4.033252e+01 9.247777e-01 9.247777e-03 9.247777e-04
3.500000e+01 7.200000e+03 3.764032e+01 8.856516e-01 8.856516e-03 8.856516e-04
3.600000e+01 7.400000e+03 3.512783e+01 8.337488e-01 8.337488e-03 8.337488e-04
3.700000e+01 7.600000e+03 3.278305e+01 7.679986e-01 7.679986e-03 7.679986e-04
3.800000e+01 7.800000e+03 3.059478e+01 6.892000e-01 6.892000e-03 6.892000e-04
3.900000e+01 8.000000e+03 2.855258e+01 6.005697e-01 6.005697e-03 6.005697e-04
4.000000e+01 8.200000e+03 2.664670e+01 5.074747e-01 5.074747e-03 5.074747e-04
4.100000e+01 8.400000e+03 2.486803e+01 4.162196e-01 4.162196e-03 4.162196e-04
4.200000e+01 8.600000e+03 2.320809e+01 3.324109e-01 3.324109e-03 3.324109e-04
4.300000e+01 8.800000e+03 2.165896e+01 2.597356e-01 2.597356e-03 2.597356e-04
4.400000e+01 9.000000e+03 2.021322e+01 1.996337e-01 1.996337e-03 1.996337e-04
4.500000e+01 9.200000e+03 1.886398e+01 1.517297e-01 1.517297e-03 1.517297e-04
4.600000e+01 9.400000e+03 1.760481e+01 1.145669e-01 1.145669e-03 1.145669e-04
4.700000e+01 9.600000e+03 1.642970e+01 8.626924e-02 8.626924e-04 8.626924e-05
4.800000e+01 9.800000e+03 1.533302e+01 6.497635e-02 6.497635e-04 6.497635e-05
4.900000e+01 1.000000e+04 1.430953e+01 4.906045e-02 4.906045e-04 4.906045e-05
5.000000e+01 1.020000e+04 1.335438e+01 3.719622e-02 3.719622e-04 3.719622e-05
5.100000e+01 1.040000e+04 1.246297e+01 2.835107e-02 2.835107e-04 2.835107e-05
5.200000e+01 1.060000e+04 1.163107e+01 2.174218e-02 2.174218e-04 2.174218e-05
5.300000e+01 1.080000e+04 1.085469e+01 1.678594e-02 1.678594e-04 1.678594e-05
5.400000e+01 1.100000e+04 1.013014e+01 1.305149e-02 1.305149e-04 1.305149e-05
5.500000e+01 1.120000e+04 9.453959e+00 1.022227e-02 1.022227e-04 1.022227e-05
5.600000e+01 1.140000e+04 8.822902e+00 8.066106e-03 8.066106e-05 8.066106e-06
5.700000e+01 1.160000e+04 8.233974e+00 6.412565e-03 6.412565e-05 6.412565e-06
5.800000e+01 1.180000e+04 7.684360e+00 5.136281e-03 5.136281e-05 5.136281e-06
5.900000e+01 1.200000e+04 7.171428e+00 4.144708e-03 4.144708e-05 4.144708e-06
6.000000e+01 1.220000e+04 6.692735e+00 3.369243e-03 3.369243e-05 3.369243e-06
6.100000e+01 1.240000e+04 6.245995e+00 2.758786e-03 2.758786e-05 2.758786e-06
6.200000e+01 1.260000e+04 5.829075e+00 2.275085e-03 2.275085e-05 2.275085e-06
6.300000e+01 1.280000e+04 5.439985e+00 1.889343e-03 1.889343e-05 1.889343e-06
6.400000e+01 1.300000e+04 5.076866e+00 1.579766e-03 1.579766e-05 1.579766e-06
6.500000e+01 1.320000e+04 4.737985e+00 1.329768e-03 1.329768e-05 1.329768e-06
6.600000e+01 1.340000e+04 4.421725e+00 1.126648e-03 1.126648e-05 1.126648e-06
6.700000e+01 1.360000e+04 4.126575e+00 9.606339e-04 9.606339e-06 9.606339e-07
6.800000e+01 1.380000e+04 3.851126e+00 8.241575e-04 8.241575e-06 8.241575e-07
6.900000e+01 1.400000e+04 3.594063e+00 7.113285e-04 7.113285e-06 7.113285e-07
7.000000e+01 1.420000e+04 3.354160e+00 6.175363e-04 6.175363e-06 6.175363e-07
7.100000e+01 1.440000e+04 3.130269e+00 5.391523e-04 5.391523e-06 5.391523e-07
7.200000e+01 1.460000e+04 2.921324e+00 4.733057e-04 4.733057e-06 4.733057e-07
7.300000e+01 1.480000e+04 2.726326e+00 4.177134e-04 4.177134e-06 4.177134e-07
7.400000e+01 1.500000e+04 2.544343e+00 3.705503e-04 3.705506e-06 3.705521e-07
7.500000e+01 1.520000e+04 2.374509e+00 3.303502e-04 3.303890e-06 3.306137e-07
7.600000e+01 1.540000e+04 2.216011e+00 2.959314e-04 2.985633e-06 3.138108e-07
7.700000e+01 1.560000e+04 2.068092e+00 2.663951e-04 3.558249e-06 8.739227e-07
7.800000e+01 1.580000e+04 1.930047e+00 2.419980e-04 1.882247e-05 1.138478e-05
7.900000e+01 1.600000e+04 1.801216e+00 2.317078e-04 1.764669e-04 1.185378e-04
8.000000e+01 1.620000e+04 1.680985e+00 2.853381e-04 1.145498e-03 7.765237e-04
8.100000e+01 1.640000e+04 1.568779e+00 5.534683e-04 4.932865e-03 3.347862e-03
8.200000e+01 1.660000e+04 1.464063e+00 1.282662e-03 1.482014e-02 1.006041e-02
8.300000e+01 1.680000e+04 1.366337e+00 2.625485e-03 3.283890e-02 2.229341e-02
8.400000e+01 1.700000e+04 1.275134e+00 4.409225e-03 5.669714e-02 3.849082e-02
8.500000e+01 1.720000e+04 1.190019e+00 6.188741e-03 8.048184e-02 5.463829e-02
8.600000e+01 1.740000e+04 1.110585e+00 7.563960e-03 9.887844e-02 6.712778e-02
8.700000e+01 1.760000e+04 1.036454e+00 8.403068e-03 1.101372e-01 7.477137e-02
8.800000e+01 1.780000e+04 9.672705e-01 8.802551e-03 1.155420e-01 7.844074e-02
8.900000e+01 1.800000e+04 9.027054e-01 8.930428e-03 1.173273e-01 7.965282e-02
9.000000e+01 1.820000e+04 8.424496e-01 8.920680e-03 1.172749e-01 7.961727e-02
9.100000e+01 1.840000e+04 7.862162e-01 8.849994e-03 1.164050e-01 7.902673e-02
9.200000e+01 1.860000e+04 7.337363e-01 8.754056e-03 1.151928e-01 7.820378e-02
9.300000e+01 1.880000e+04 6.847594e-01 8.647497e-03 1.138334e-01 7.728095e-02
9.400000e+01 1.900000e+04 6.390517e-01 8.536122e-03 1.124048e-01 7.631109e-02
9.500000e+01 1.920000e+04 5.963950e-01 8.422485e-03 1.109415e-01 7.531763e-02
9.600000e+01 1.940000e+04 5.565857e-01 8.307996e-03 1.094626e-01 7.431366e-02
9.700000e+01 1.960000e+04 5.194336e-01 8.193630e-03 1.079816e-01 7.330826e-02
9.800000e+01 1.980000e+04 4.847614e-01 8.080143e-03 1.065090e-01 7.230852e-02
9.900000e+01 2.000000e+04 4.524036e-01 7.968150e-03 1.050533e-01 7.132023e-02
1.000000e+02 2.020000e+04 4.222057e-01 7.858151e-03 1.036213e-01 7.034810e-02
1.010000e+02 2.040000e+04 3.940235e-01 7.750546e-03 1.022188e-01 6.939592e-02
1.020000e+02 2.060000e+04 3.677224e-01 7.645655e-03 1.008501e-01 6.846674e-02
1.030000e+02 2.080000e+04 3.431770e-01 7.543724e-03 9.951879e-02 6.756291e-02
1.040000e+02 2.100000e+04 3.202699e-01 7.444935e-03 9.822743e-02 6.668622e-02
1.050000e+02 2.120000e+04 2.988919e-01 7.349420e-03 9.697795e-02 6.583795e-02
1.060000e+02 2.140000e+04 2.789409e-01 7.257264e-03 9.577161e-02 6.501898e-02
1.070000e+02 2.160000e+04 2.603216e-01 7.168515e-03 9.460920e-02 6.422982e-02
1.080000e+02 2.180000e+04 2.429451e-01 7.083188e-03 9.349102e-02 6.347070e-02
1.090000e+02 2.200000e+04 2.267285e-01 7.001273e-03 9.241705e-02 6.274159e-02
1.100000e+02 2.220000e+04 2.115944e-01 6.922736e-03 9.138694e-02 6.204225e-02
1.110000e+02 2.240000e+04 1.974705e-01 6.847527e-03 9.040011e-02 6.137230e-02
1.120000e+02 2.260000e+04 1.842893e-01 6.775583e-03 8.945579e-02 6.073120e-02
1.130000e+02 2.280000e+04 1.719881e-01 6.706826e-03 8.855302e-02 6.011832e-02
1.140000e+02 2.300000e+04 1.605079e-01 6.641172e-03 8.769075e-02 5.953293e-02
1.150000e+02 2.320000e+04 1.497939e-01 6.578530e-03 8.686782e-02 5.897425e-02
1.160000e+02 2.340000e+04 1.397952e-01 6.518804e-03 8.608301e-02 5.844145e-02
1.170000e+02 2.360000e+04 1.304639e-01 6.461894e-03 8.533504e-02 5.793365e-02
1.180000e+02 2.380000e+04 1.217554e-01 6.407699e-03 8.462261e-02 5.744999e-02
1.190000e+02 2.400000e+04 1.136283e-01 6.356117e-03 8.394441e-02 5.698956e-02
1.200000e+02 2.420000e+04 1.060436e-01 6.307046e-03 8.329910e-02 5.655147e-02
1.210000e+02 2.440000e+04 9.896514e-02 6.260383e-03 8.268538e-02 5.613481e-02
1.220000e+02 2.460000e+04 9.235925e-02 6.216029e-03 8.210193e-02 5.573871e-02
1.230000e+02 2.480000e+04 8.619423e-02 6.173886e-03 8.154749e-02 5.536230e-02
1.240000e+02 2.500000e+04 8.044079e-02 6.133856e-03 8.102078e-02 5.500473e-02
1.250000e+02 2.520000e+04 7.507138e-02 6.095845e-03 8.052059e-02 5.466515e-02
1.260000e+02 2.540000e+04 7.006036e-02 6.059763e-03 8.004573e-02 5.434277e-02
1.270000e+02 2.560000e+04 6.538383e-02 6.025522e-03 7.959504e-02 5.403680e-02
1.280000e+02 2.580000e+04 6.101947e-02 5.993034e-03 7.916740e-02 5.374648e-02
1.290000e+02 2.600000e+04 5.694642e-02 5.962218e-03 7.876173e-02 5.347107e-02
1.300000e+02 2.620000e+04 5.314524e-02 5.932994e-03 7.837698e-02 5.320987e-02
1.310000e+02 2.640000e+04 4.959780e-02 5.905286e-03 7.801217e-02 5.296219e-02
1.320000e+02 2.660000e+04 4.628715e-02 5.879020e-03 7.766631e-02 5.272740e-02
1.330000e+02 2.680000e+04 4.319748e-02 5.854126e-03 7.733850e-02 5.250484e-02
1.340000e+02 2.700000e+04 4.031405e-02 5.830536e-03 7.702784e-02 5.229394e-02
1.350000e+02 2.720000e+04 3.762309e-02 5.808185e-03 7.673348e-02 5.209410e-02
1.360000e+02 2.740000e+04 3.511175e-02 5.787012e-03 7.645462e-02 5.190479e-02
1.370000e+02 2.760000e+04 3.276804e-02 5.766957e-03 7.619048e-02 5.172546e-02
1.380000e+02 2.780000e+04 3.058078e-02 5.747965e-03 7.594032e-02 5.155563e-02
1.390000e+02 2.800000e+04 2.853951e-02 5.729981e-03 7.570343e-02 5.139480e-02
1.400000e+02 2.820000e+04 2.663450e-02 5.712954e-03 7.547913e-02 5.124253e-02
1.410000e+02 2.840000e+04 2.485665e-02 5.696835e-03 7.526680e-02 5.109837e-02
1.420000e+02 2.860000e+04 2.319746e-02 5.681578e-03 7.506580e-02 5.096192e-02
1.430000e+02 2.880000e+04 2.164904e-02 5.667138e-03 7.487556e-02 5.083277e-02
1.440000e+02 2.900000e+04 2.020396e-02 5.653473e-03 7.469553e-02 5.071054e-02
1.450000e+02 2.920000e+04 1.885535e-02 5.640543e-03 7.452517e-02 5.059489e-02
1.460000e+02 2.940000e+04 1.759675e-02 5.628309e-03 7.436398e-02 5.048546e-02
1.470000e+02 2.960000e+04 1.642217e-02 5.616736e-03 7.421149e-02 5.038193e-02
1.480000e+02 2.980000e+04 1.532599e-02 5.605788e-03 7.406724e-02 5.028400e-02
1.490000e+02 3.000000e+04 1.430299e-02 5.595433e-03 7.393079e-02 5.019137e-02