0.000231481 day
# index velocity (km/s) density (g/cm^3) 56ni_mass_fraction 52fe_mass_fraction 48cr_mass_fraction
0.000000e+00 2.000000e+02 4.500327e+02 9.891197e-01 9.891197e-03 9.891197e-04
1.000000e+00 4.000000e+02 4.199930e+02 9.891197e-01 9.891197e-03 9.891197e-04
2.000000e+00 6.000000e+02 3.919584e+02 9.891197e-01 9.891197e-03 9.891197e-04
3.000000e+00 8.000000e+02 3.657953e+02 9.891197e-01 9.891197e-03 9.891197e-04
4.000000e+00 1.000000e+03 3.413784e+02 9.891197e-01 9.891197e-03 9.891197e-04
5.000000e+00 1.200000e+03 3.185914e+02 9.891197e-01 9.891197e-03 9.891197e-04
6.000000e+00 1.400000e+03 2.973255e+02 9.891197e-01 9.891197e-03 9.891197e-04
7.000000e+00 1.600000e+03 2.774790e+02 9.891197e-01 9.891197e-03 9.891197e-04
8.000000e+00 1.800000e+03 2.589573e+02 9.891197e-01 9.891197e-03 9.891197e-04
9.000000e+00 2.000000e+03 2.416719e+02 9.891197e-01 9.891197e-03 9.891197e-04
1.000000e+01 2.200000e+03 2.255403e+02 9.891197e-01 9.891197e-03 9.891197e-04
1.100000e+01 2.400000e+03 2.104855e+02 9.891197e-01 9.891197e-03 9.891197e-04
1.200000e+01 2.600000e+03 1.964356e+02 9.891197e-01 9.891197e-03 9.891197e-04
1.300000e+01 2.800000e+03 1.833235e+02 9.891197e-01 9.891197e-03 9.891197e-04
1.400000e+01 3.000000e+03 1.710867e+02 9.891197e-01 9.891197e-03 9.891197e-04
1.500000e+01 3.200000e+03 1.596666e+02 9.891197e-01 9.891197e-03 9.891197e-04
1.600000e+01 3.400000e+03 1.490089e+02 9.891197e-01 9.891197e-03 9.891197e-04
1.700000e+01 3.600000e+03 1.390625e+02 9.891197e-01 9.891197e-03 9.891197e-04
1.800000e+01 3.800000e+03 1.297801e+02 9.891197e-01 9.891197e-03 9.891197e-04
1.900000e+01 4.000000e+03 1.211173e+02 9.891197e-01 9.891197e-03 9.891197e-04
2.000000e+01 4.200000e+03 1.130327e+02 9.891197e-01 9.891197e-03 9.891197e-04
2.100000e+01 4.400000e+03 1.054878e+02 9.891197e-01 9.891197e-03 9.891197e-04
2.200000e+01 4.600000e+03 9.844651e+01 9.891197e-01 9.891197e-03 9.891197e-04
2.300000e+01 4.800000e+03 9.187524e+01 9.891197e-01 9.891197e-03 9.891197e-04
2.400000e+01 5.000000e+03 8.574255e+01 9.891197e-01 9.891197e-03 9.891197e-04
2.500000e+01 5.200000e+03 8.001922e+01 9.891197e-01 9.891197e-03 9.891197e-04
2.600000e+01 5.400000e+03 7.467794e+01 9.891197e-01 9.891197e-03 9.891197e-04
2.700000e+01 5.600000e+03 6.969319e+01 9.891197e-01 9.891197e-03 9.891197e-04
2.800000e+01 5.800000e+03 6.504117e+01 9.891197e-01 9.891197e-03 9.891197e-04
2.900000e+01 6.000000e+03 6.069967e+01 9.891197e-01 9.891197e-03 9.891197e-04
3.000000e+01 6.200000e+03 5.664797e+01 9.891197e-01 9.891197e-03 9.891197e-04
3.100000e+01 6.400000e+03 5.286673e+01 9.891197e-01 9.891197e-03 9.891197e-04
3.200000e+01 6.600000e+03 4.933787e+01 9.891197e-01 9.891197e-03 9.891197e-04
3.300000e+01 6.800000e+03 4.604457e+01 9.891197e-01 9.891197e-03 9.891197e-04
3.400000e+01 7.000000e+03 4.297109e+01 9.891197e-01 9.891197e-03 9.891197e-04
3.500000e+01 7.200000e+03 4.010277e+01 9.891197e-01 9.891197e-03 9.891197e-04
3.600000e+01 7.400000e+03 3.742592e+01 9.891197e-01 9.891197e-03 9.891197e-04
3.700000e+01 7.600000e+03 3.492774e+01 9.891197e-01 9.891197e-03 9.891197e-04
3.800000e+01 7.800000e+03 3.259631e+01 9.891197e-01 9.891197e-03 9.891197e-04
3.900000e+01 8.000000e+03 3.042051e+01 9.852354e-01 9.852354e-03 9.852354e-04
4.000000e+01 8.200000e+03 2.838994e+01 9.738467e-01 9.738467e-03 9.738467e-04
4.100000e+01 8.400000e+03 2.649491e+01 9.578066e-01 9.578066e-03 9.578066e-04
4.200000e+01 8.600000e+03 2.472637e+01 9.356847e-01 9.356847e-03 9.356847e-04
4.300000e+01 8.800000e+03 2.307590e+01 9.059331e-01 9.059331e-03 9.059331e-04
4.400000e+01 9.000000e+03 2.153558e+01 8.671047e-01 8.671047e-03 8.671047e-04
4.500000e+01 9.200000e+03 2.009808e+01 8.181970e-01 8.181970e-03 8.181970e-04
4.600000e+01 9.400000e+03 1.875653e+01 7.590702e-01 7.590702e-03 7.590702e-04
4.700000e+01 9.600000e+03 1.750454e+01 6.908073e-01 6.908073e-03 6.908073e-04
4.800000e+01 9.800000e+03 1.633611e+01 6.158258e-01 6.158258e-03 6.158258e-04
4.900000e+01 1.000000e+04 1.524567e+01 5.376014e-01 5.376014e-03 5.376014e-04
5.000000e+01 1.020000e+04 1.422803e+01 4.600369e-01 4.600369e-03 4.600369e-04
5.100000e+01 1.040000e+04 1.327831e+01 3.867054e-01 3.867054e-03 3.867054e-04
5.200000e+01 1.060000e+04 1.239198e+01 3.202607e-01 3.202607e-03 3.202607e-04
5.300000e+01 1.080000e+04 1.156481e+01 2.621915e-01 2.621915e-03 2.621915e-04
5.400000e+01 1.100000e+04 1.079286e+01 2.129068e-01 2.129068e-03 2.129068e-04
5.500000e+01 1.120000e+04 1.007244e+01 1.720157e-01 1.720157e-03 1.720157e-04
5.600000e+01 1.140000e+04 9.400101e+00 1.386520e-01 1.386520e-03 1.386520e-04
5.700000e+01 1.160000e+04 8.772645e+00 1.117457e-01 1.117457e-03 1.117457e-04
5.800000e+01 1.180000e+04 8.187075e+00 9.020935e-02 9.020935e-04 9.020935e-05
5.900000e+01 1.200000e+04 7.640587e+00 7.304363e-02 7.304363e-04 7.304363e-05
6.000000e+01 1.220000e+04 7.130578e+00 5.938395e-02 5.938395e-04 5.938395e-05
6.100000e+01 1.240000e+04 6.654611e+00 4.851073e-02 4.851073e-04 4.851073e-05
6.200000e+01 1.260000e+04 6.210416e+00 3.984004e-02 3.984004e-04 3.984004e-05
6.300000e+01 1.280000e+04 5.795871e+00 3.290581e-02 3.290581e-04 3.290581e-05
6.400000e+01 1.300000e+04 5.408997e+00 2.733990e-02 2.733990e-04 2.733990e-05
6.500000e+01 1.320000e+04 5.047946e+00 2.285337e-02 2.285337e-04 2.285337e-05
6.600000e+01 1.340000e+04 4.710996e+00 1.922016e-02 1.922016e-04 1.922016e-05
6.700000e+01 1.360000e+04 4.396537e+00 1.626358e-02 1.626358e-04 1.626358e-05
6.800000e+01 1.380000e+04 4.103069e+00 1.384550e-02 1.384550e-04 1.384550e-05
6.900000e+01 1.400000e+04 3.829189e+00 1.185770e-02 1.185770e-04 1.185770e-05
7.000000e+01 1.420000e+04 3.573591e+00 1.021520e-02 1.021520e-04 1.021520e-05
7.100000e+01 1.440000e+04 3.335053e+00 8.851071e-03 8.851071e-05 8.851071e-06
7.200000e+01 1.460000e+04 3.112439e+00 7.712393e-03 7.712393e-05 7.712393e-06
7.300000e+01 1.480000e+04 2.904684e+00 6.757163e-03 6.757163e-05 6.757163e-06
7.400000e+01 1.500000e+04 2.710796e+00 5.951910e-03 5.951910e-05 5.951910e-06
7.500000e+01 1.520000e+04 2.529851e+00 5.269844e-03 5.269844e-05 5.269844e-06
7.600000e+01 1.540000e+04 2.360983e+00 4.689433e-03 4.689433e-05 4.689433e-06
7.700000e+01 1.560000e+04 2.203388e+00 4.193292e-03 4.193292e-05 4.193292e-06
7.800000e+01 1.580000e+04 2.056311e+00 3.767326e-03 3.767326e-05 3.767326e-06
7.900000e+01 1.600000e+04 1.919053e+00 3.400054e-03 3.400054e-05 3.400054e-06
8.000000e+01 1.620000e+04 1.790956e+00 3.082089e-03 3.082089e-05 3.082089e-06
8.100000e+01 1.640000e+04 1.671410e+00 2.805717e-03 2.805717e-05 2.805717e-06
8.200000e+01 1.660000e+04 1.559843e+00 2.564578e-03 2.564578e-05 2.564578e-06
8.300000e+01 1.680000e+04 1.455723e+00 2.353403e-03 2.353403e-05 2.353403e-06
8.400000e+01 1.700000e+04 1.358554e+00 2.167812e-03 2.167812e-05 2.167812e-06
8.500000e+01 1.720000e+04 1.267870e+00 2.004148e-03 2.004148e-05 2.004148e-06
8.600000e+01 1.740000e+04 1.183240e+00 1.859344e-03 1.859344e-05 1.859345e-06
8.700000e+01 1.760000e+04 1.104259e+00 1.730824e-03 1.730825e-05 1.730940e-06
8.800000e+01 1.780000e+04 1.030550e+00 1.616410e-03 1.616520e-05 1.631113e-06
8.900000e+01 1.800000e+04 9.617609e-01 1.514257e-03 1.520382e-05 2.328219e-06
9.000000e+01 1.820000e+04 8.975631e-01 1.422799e-03 1.585778e-05 2.308265e-05
9.100000e+01 1.840000e+04 8.376509e-01 1.340715e-03 3.618207e-05 3.040181e-04
9.200000e+01 1.860000e+04 7.817377e-01 1.266978e-03 1.940382e-04 2.411643e-03
9.300000e+01 1.880000e+04 7.295568e-01 1.201014e-03 9.003126e-04 1.180669e-02
9.400000e+01 1.900000e+04 6.808589e-01 1.142704e-03 2.886951e-03 3.821670e-02
9.500000e+01 1.920000e+04 6.354115e-01 1.091766e-03 6.602516e-03 8.760308e-02
9.600000e+01 1.940000e+04 5.929978e-01 1.046969e-03 1.145184e-02 1.520562e-01
9.700000e+01 1.960000e+04 5.534153e-01 1.006390e-03 1.605924e-02 2.132936e-01
9.800000e+01 1.980000e+04 5.164748e-01 9.684838e-04 1.935737e-02 2.571307e-01
9.900000e+01 2.000000e+04 4.820001e-01 9.326514e-04 2.116826e-02 2.812020e-01
1.000000e+02 2.020000e+04 4.498266e-01 8.989352e-04 2.190332e-02 2.909754e-01
1.010000e+02 2.040000e+04 4.198007e-01 8.674985e-04 2.205067e-02 2.929378e-01
1.020000e+02 2.060000e+04 3.917790e-01 8.383781e-04 2.193309e-02 2.913790e-01
1.030000e+02 2.080000e+04 3.656278e-01 8.114799e-04 2.170866e-02 2.883999e-01
1.040000e+02 2.100000e+04 3.412221e-01 7.866451e-04 2.144160e-02 2.848540e-01
1.050000e+02 2.120000e+04 3.184456e-01 7.636997e-04 2.115590e-02 2.810601e-01
1.060000e+02 2.140000e+04 2.971894e-01 7.424774e-04 2.086112e-02 2.771452e-01
1.070000e+02 2.160000e+04 2.773519e-01 7.228262e-04 2.056207e-02 2.731735e-01
1.080000e+02 2.180000e+04 2.588387e-01 7.046092e-04 2.026194e-02 2.691871e-01
1.090000e+02 2.200000e+04 2.415613e-01 6.877036e-04 1.996314e-02 2.652184e-01
1.100000e+02 2.220000e+04 2.254370e-01 6.719989e-04 1.966763e-02 2.612932e-01
1.110000e+02 2.240000e+04 2.103891e-01 6.573956e-04 1.937700e-02 2.574325e-01
1.120000e+02 2.260000e+04 1.963456e-01 6.438039e-04 1.909249e-02 2.536533e-01
1.130000e+02 2.280000e+04 1.832396e-01 6.311429e-04 1.881512e-02 2.499687e-01
1.140000e+02 2.300000e+04 1.710084e-01 6.193391e-04 1.854564e-02 2.463889e-01
1.150000e+02 2.320000e+04 1.595935e-01 6.083259e-04 1.828463e-02 2.429215e-01
1.160000e+02 2.340000e+04 1.489407e-01 5.980429e-04 1.803247e-02 2.395717e-01
1.170000e+02 2.360000e+04 1.389989e-01 5.884349e-04 1.778944e-02 2.363432e-01
1.180000e+02 2.380000e+04 1.297207e-01 5.794517e-04 1.755568e-02 2.332377e-01
1.190000e+02 2.400000e+04 1.210619e-01 5.710475e-04 1.733124e-02 2.302559e-01
1.200000e+02 2.420000e+04 1.129810e-01 5.631805e-04 1.711608e-02 2.273975e-01
1.210000e+02 2.440000e+04 1.054395e-01 5.558120e-04 1.691011e-02 2.246612e-01
1.220000e+02 2.460000e+04 9.840144e-02 5.489071e-04 1.671318e-02 2.220449e-01
1.230000e+02 2.480000e+04 9.183311e-02 5.424333e-04 1.652511e-02 2.195463e-01
1.240000e+02 2.500000e+04 8.570327e-02 5.363609e-04 1.634566e-02 2.171622e-01
1.250000e+02 2.520000e+04 7.998259e-02 5.306625e-04 1.617460e-02 2.148896e-01
1.260000e+02 2.540000e+04 7.464374e-02 5.253130e-04 1.601167e-02 2.127249e-01
1.270000e+02 2.560000e+04 6.966128e-02 5.202889e-04 1.585657e-02 2.106644e-01
1.280000e+02 2.580000e+04 6.501139e-02 5.155688e-04 1.570904e-02 2.087043e-01
1.290000e+02 2.600000e+04 6.067188e-02 5.111327e-04 1.556878e-02 2.068409e-01
1.300000e+02 2.620000e+04 5.662203e-02 5.069623e-04 1.543551e-02 2.050702e-01
1.310000e+02 2.640000e+04 5.284251e-02 5.030405e-04 1.530893e-02 2.033885e-01
1.320000e+02 2.660000e+04 4.931528e-02 4.993513e-04 1.518876e-02 2.017919e-01
1.330000e+02 2.680000e+04 4.602349e-02 4.958801e-04 1.507471e-02 2.002767e-01
1.340000e+02 2.700000e+04 4.295142e-02 4.926133e-04 1.496652e-02 1.988393e-01
1.350000e+02 2.720000e+04 4.008441e-02 4.895379e-04 1.486392e-02 1.974762e-01
1.360000e+02 2.740000e+04 3.740878e-02 4.866423e-04 1.476664e-02 1.961837e-01
1.370000e+02 2.760000e+04 3.491175e-02 4.839154e-04 1.467444e-02 1.949587e-01
1.380000e+02 2.780000e+04 3.258139e-02 4.813468e-04 1.458707e-02 1.937979e-01
1.390000e+02 2.800000e+04 3.040658e-02 4.789270e-04 1.450429e-02 1.926981e-01
1.400000e+02 2.820000e+04 2.837694e-02 4.766469e-04 1.442589e-02 1.916565e-01
1.410000e+02 2.840000e+04 2.648278e-02 4.744982e-04 1.435164e-02 1.906700e-01
1.420000e+02 2.860000e+04 2.471506e-02 4.724730e-04 1.428134e-02 1.897360e-01
1.430000e+02 2.880000e+04 2.306533e-02 4.705641e-04 1.421479e-02 1.888517e-01
1.440000e+02 2.900000e+04 2.152572e-02 4.687644e-04 1.415180e-02 1.880148e-01
1.450000e+02 2.920000e+04 2.008888e-02 4.670676e-04 1.409218e-02 1.872228e-01
1.460000e+02 2.940000e+04 1.874794e-02 4.654677e-04 1.403577e-02 1.864733e-01
1.470000e+02 2.960000e+04 1.749652e-02 4.639589e-04 1.398240e-02 1.857642e-01
1.480000e+02 2.980000e+04 1.632863e-02 4.625360e-04 1.393191e-02 1.850934e-01
1.490000e+02 3.000000e+04 1.523870e-02 4.611940e-04 1.388416e-02 1.844589e-01