0.000231481 day
# index velocity (km/s) density (g/cm^3) 56ni_mass_fraction 52fe_mass_fraction 48cr_mass_fraction
0.000000e+00 2.000000e+02 4.500327e+02 9.891197e-01 9.891197e-03 9.891197e-04
1.000000e+00 4.000000e+02 4.199930e+02 9.891197e-01 9.891197e-03 9.891197e-04
2.000000e+00 6.000000e+02 3.919584e+02 9.891197e-01 9.891197e-03 9.891197e-04
3.000000e+00 8.000000e+02 3.657953e+02 9.891197e-01 9.891197e-03 9.891197e-04
4.000000e+00 1.000000e+03 3.413784e+02 9.891197e-01 9.891197e-03 9.891197e-04
5.000000e+00 1.200000e+03 3.185914e+02 9.891197e-01 9.891197e-03 9.891197e-04
6.000000e+00 1.400000e+03 2.973255e+02 9.891197e-01 9.891197e-03 9.891197e-04
7.000000e+00 1.600000e+03 2.774790e+02 9.891197e-01 9.891197e-03 9.891197e-04
8.000000e+00 1.800000e+03 2.589573e+02 9.891197e-01 9.891197e-03 9.891197e-04
9.000000e+00 2.000000e+03 2.416719e+02 9.891197e-01 9.891197e-03 9.891197e-04
1.000000e+01 2.200000e+03 2.255403e+02 9.891197e-01 9.891197e-03 9.891197e-04
1.100000e+01 2.400000e+03 2.104855e+02 9.891197e-01 9.891197e-03 9.891197e-04
1.200000e+01 2.600000e+03 1.964356e+02 9.891197e-01 9.891197e-03 9.891197e-04
1.300000e+01 2.800000e+03 1.833235e+02 9.891197e-01 9.891197e-03 9.891197e-04
1.400000e+01 3.000000e+03 1.710867e+02 9.891197e-01 9.891197e-03 9.891197e-04
1.500000e+01 3.200000e+03 1.596666e+02 9.891197e-01 9.891197e-03 9.891197e-04
1.600000e+01 3.400000e+03 1.490089e+02 9.891197e-01 9.891197e-03 9.891197e-04
1.700000e+01 3.600000e+03 1.390625e+02 9.891197e-01 9.891197e-03 9.891197e-04
1.800000e+01 3.800000e+03 1.297801e+02 9.891197e-01 9.891197e-03 9.891197e-04
1.900000e+01 4.000000e+03 1.211173e+02 9.891197e-01 9.891197e-03 9.891197e-04
2.000000e+01 4.200000e+03 1.130327e+02 9.891197e-01 9.891197e-03 9.891197e-04
2.100000e+01 4.400000e+03 1.054878e+02 9.891197e-01 9.891197e-03 9.891197e-04
2.200000e+01 4.600000e+03 9.844651e+01 9.891197e-01 9.891197e-03 9.891197e-04
2.300000e+01 4.800000e+03 9.187524e+01 9.891197e-01 9.891197e-03 9.891197e-04
2.400000e+01 5.000000e+03 8.574255e+01 9.891197e-01 9.891197e-03 9.891197e-04
2.500000e+01 5.200000e+03 8.001922e+01 9.891197e-01 9.891197e-03 9.891197e-04
2.600000e+01 5.400000e+03 7.467794e+01 9.891197e-01 9.891197e-03 9.891197e-04
2.700000e+01 5.600000e+03 6.969319e+01 9.891197e-01 9.891197e-03 9.891197e-04
2.800000e+01 5.800000e+03 6.504117e+01 9.891197e-01 9.891197e-03 9.891197e-04
2.900000e+01 6.000000e+03 6.069967e+01 9.891197e-01 9.891197e-03 9.891197e-04
3.000000e+01 6.200000e+03 5.664797e+01 9.891197e-01 9.891197e-03 9.891197e-04
3.100000e+01 6.400000e+03 5.286673e+01 9.891197e-01 9.891197e-03 9.891197e-04
3.200000e+01 6.600000e+03 4.933787e+01 9.891197e-01 9.891197e-03 9.891197e-04
3.300000e+01 6.800000e+03 4.604457e+01 9.891197e-01 9.891197e-03 9.891197e-04
3.400000e+01 7.000000e+03 4.297109e+01 9.891197e-01 9.891197e-03 9.891197e-04
3.500000e+01 7.200000e+03 4.010277e+01 9.891197e-01 9.891197e-03 9.891197e-04
3.600000e+01 7.400000e+03 3.742592e+01 9.891197e-01 9.891197e-03 9.891197e-04
3.700000e+01 7.600000e+03 3.492774e+01 9.891197e-01 9.891197e-03 9.891197e-04
3.800000e+01 7.800000e+03 3.259631e+01 9.891197e-01 9.891197e-03 9.891197e-04
3.900000e+01 8.000000e+03 3.042051e+01 9.852354e-01 9.852354e-03 9.852354e-04
4.000000e+01 8.200000e+03 2.838994e+01 9.738467e-01 9.738467e-03 9.738467e-04
4.100000e+01 8.400000e+03 2.649491e+01 9.578066e-01 9.578066e-03 9.578066e-04
4.200000e+01 8.600000e+03 2.472637e+01 9.356847e-01 9.356847e-03 9.356847e-04
4.300000e+01 8.800000e+03 2.307590e+01 9.059331e-01 9.059331e-03 9.059331e-04
4.400000e+01 9.000000e+03 2.153558e+01 8.671047e-01 8.671047e-03 8.671047e-04
4.500000e+01 9.200000e+03 2.009808e+01 8.181970e-01 8.181970e-03 8.181970e-04
4.600000e+01 9.400000e+03 1.875653e+01 7.590702e-01 7.590702e-03 7.590702e-04
4.700000e+01 9.600000e+03 1.750454e+01 6.908073e-01 6.908073e-03 6.908073e-04
4.800000e+01 9.800000e+03 1.633611e+01 6.158258e-01 6.158258e-03 6.158258e-04
4.900000e+01 1.000000e+04 1.524567e+01 5.376014e-01 5.376014e-03 5.376014e-04
5.000000e+01 1.020000e+04 1.422803e+01 4.600369e-01 4.600369e-03 4.600369e-04
5.100000e+01 1.040000e+04 1.327831e+01 3.867054e-01 3.867054e-03 3.867054e-04
5.200000e+01 1.060000e+04 1.239198e+01 3.202607e-01 3.202607e-03 3.202607e-04
5.300000e+01 1.080000e+04 1.156481e+01 2.621915e-01 2.621915e-03 2.621915e-04
5.400000e+01 1.100000e+04 1.079286e+01 2.129068e-01 2.129068e-03 2.129068e-04
5.500000e+01 1.120000e+04 1.007244e+01 1.720157e-01 1.720157e-03 1.720157e-04
5.600000e+01 1.140000e+04 9.400101e+00 1.386520e-01 1.386520e-03 1.386520e-04
5.700000e+01 1.160000e+04 8.772645e+00 1.117457e-01 1.117457e-03 1.117457e-04
5.800000e+01 1.180000e+04 8.187075e+00 9.020935e-02 9.020935e-04 9.020935e-05
5.900000e+01 1.200000e+04 7.640587e+00 7.304363e-02 7.304363e-04 7.304363e-05
6.000000e+01 1.220000e+04 7.130578e+00 5.938395e-02 5.938395e-04 5.938395e-05
6.100000e+01 1.240000e+04 6.654611e+00 4.851073e-02 4.851073e-04 4.851073e-05
6.200000e+01 1.260000e+04 6.210416e+00 3.984004e-02 3.984004e-04 3.984004e-05
6.300000e+01 1.280000e+04 5.795871e+00 3.290581e-02 3.290581e-04 3.290581e-05
6.400000e+01 1.300000e+04 5.408997e+00 2.733990e-02 2.733990e-04 2.733990e-05
6.500000e+01 1.320000e+04 5.047946e+00 2.285337e-02 2.285337e-04 2.285337e-05
6.600000e+01 1.340000e+04 4.710996e+00 1.922016e-02 1.922016e-04 1.922016e-05
6.700000e+01 1.360000e+04 4.396537e+00 1.626358e-02 1.626358e-04 1.626358e-05
6.800000e+01 1.380000e+04 4.103069e+00 1.384550e-02 1.384550e-04 1.384550e-05
6.900000e+01 1.400000e+04 3.829189e+00 1.185770e-02 1.185770e-04 1.185770e-05
7.000000e+01 1.420000e+04 3.573591e+00 1.021520e-02 1.021520e-04 1.021520e-05
7.100000e+01 1.440000e+04 3.335053e+00 8.851071e-03 8.851071e-05 8.851071e-06
7.200000e+01 1.460000e+04 3.112439e+00 7.712393e-03 7.712393e-05 7.712393e-06
7.300000e+01 1.480000e+04 2.904684e+00 6.757163e-03 6.757163e-05 6.757163e-06
7.400000e+01 1.500000e+04 2.710796e+00 5.951910e-03 5.951910e-05 5.951910e-06
7.500000e+01 1.520000e+04 2.529851e+00 5.269844e-03 5.269844e-05 5.269844e-06
7.600000e+01 1.540000e+04 2.360983e+00 4.689433e-03 4.689433e-05 4.689433e-06
7.700000e+01 1.560000e+04 2.203388e+00 4.193292e-03 4.193292e-05 4.193292e-06
7.800000e+01 1.580000e+04 2.056311e+00 3.767326e-03 3.767326e-05 3.767326e-06
7.900000e+01 1.600000e+04 1.919053e+00 3.400054e-03 3.400054e-05 3.400054e-06
8.000000e+01 1.620000e+04 1.790956e+00 3.082089e-03 3.082089e-05 3.082089e-06
8.100000e+01 1.640000e+04 1.671410e+00 2.805717e-03 2.805717e-05 2.805717e-06
8.200000e+01 1.660000e+04 1.559843e+00 2.564578e-03 2.564578e-05 2.564578e-06
8.300000e+01 1.680000e+04 1.455723e+00 2.353403e-03 2.353403e-05 2.353403e-06
8.400000e+01 1.700000e+04 1.358554e+00 2.167812e-03 2.167812e-05 2.167812e-06
8.500000e+01 1.720000e+04 1.267870e+00 2.004148e-03 2.004148e-05 2.004148e-06
8.600000e+01 1.740000e+04 1.183240e+00 1.859344e-03 1.859344e-05 1.859344e-06
8.700000e+01 1.760000e+04 1.104259e+00 1.730824e-03 1.730824e-05 1.730838e-06
8.800000e+01 1.780000e+04 1.030550e+00 1.616410e-03 1.616410e-05 1.618180e-06
8.900000e+01 1.800000e+04 9.617609e-01 1.514257e-03 1.514267e-05 1.612252e-06
9.000000e+01 1.820000e+04 8.975631e-01 1.422797e-03 1.423057e-05 4.030491e-06
9.100000e+01 1.840000e+04 8.376509e-01 1.340693e-03 1.344328e-05 3.778092e-05
9.200000e+01 1.860000e+04 7.817377e-01 1.266797e-03 1.295748e-05 2.914591e-04
9.300000e+01 1.880000e+04 7.295568e-01 1.200127e-03 1.341921e-05 1.422498e-03
9.400000e+01 1.900000e+04 6.808589e-01 1.139836e-03 1.598837e-05 4.602023e-03
9.500000e+01 1.920000e+04 6.354115e-01 1.085190e-03 2.137364e-05 1.054775e-02
9.600000e+01 1.940000e+04 5.929978e-01 1.035555e-03 2.861867e-05 1.830741e-02
9.700000e+01 1.960000e+04 5.534153e-01 9.903793e-04 3.552205e-05 2.567992e-02
9.800000e+01 1.980000e+04 5.164748e-01 9.491819e-04 4.037528e-05 3.095756e-02
9.900000e+01 2.000000e+04 4.820001e-01 9.115426e-04 4.289005e-05 3.385554e-02
1.000000e+02 2.020000e+04 4.498266e-01 8.770927e-04 4.371944e-05 3.503216e-02
1.010000e+02 2.040000e+04 4.198007e-01 8.455087e-04 4.363929e-05 3.526838e-02
1.020000e+02 2.060000e+04 3.917790e-01 8.165053e-04 4.316203e-05 3.508069e-02
1.030000e+02 2.080000e+04 3.656278e-01 7.898308e-04 4.253748e-05 3.472200e-02
1.040000e+02 2.100000e+04 3.412221e-01 7.652621e-04 4.186590e-05 3.429508e-02
1.050000e+02 2.120000e+04 3.184456e-01 7.426015e-04 4.118362e-05 3.383830e-02
1.060000e+02 2.140000e+04 2.971894e-01 7.216730e-04 4.050413e-05 3.336696e-02
1.070000e+02 2.160000e+04 2.773519e-01 7.023200e-04 3.983357e-05 3.288878e-02
1.080000e+02 2.180000e+04 2.588387e-01 6.844023e-04 3.917559e-05 3.240883e-02
1.090000e+02 2.200000e+04 2.415613e-01 6.677946e-04 3.853284e-05 3.193101e-02
1.100000e+02 2.220000e+04 2.254370e-01 6.523845e-04 3.790729e-05 3.145843e-02
1.110000e+02 2.240000e+04 2.103891e-01 6.380710e-04 3.730046e-05 3.099362e-02
1.120000e+02 2.260000e+04 1.963456e-01 6.247630e-04 3.671346e-05 3.053862e-02
1.130000e+02 2.280000e+04 1.832396e-01 6.123786e-04 3.614707e-05 3.009501e-02
1.140000e+02 2.300000e+04 1.710084e-01 6.008435e-04 3.560176e-05 2.966402e-02
1.150000e+02 2.320000e+04 1.595935e-01 5.900906e-04 3.507776e-05 2.924655e-02
1.160000e+02 2.340000e+04 1.489407e-01 5.800590e-04 3.457511e-05 2.884326e-02
1.170000e+02 2.360000e+04 1.389989e-01 5.706934e-04 3.409368e-05 2.845455e-02
1.180000e+02 2.380000e+04 1.297207e-01 5.619434e-04 3.363318e-05 2.808066e-02
1.190000e+02 2.400000e+04 1.210619e-01 5.537630e-04 3.319325e-05 2.772168e-02
1.200000e+02 2.420000e+04 1.129810e-01 5.461105e-04 3.277341e-05 2.737754e-02
1.210000e+02 2.440000e+04 1.054395e-01 5.389475e-04 3.237312e-05 2.704809e-02
1.220000e+02 2.460000e+04 9.840144e-02 5.322390e-04 3.199180e-05 2.673311e-02
1.230000e+02 2.480000e+04 9.183311e-02 5.259527e-04 3.162883e-05 2.643228e-02
1.240000e+02 2.500000e+04 8.570327e-02 5.200593e-04 3.128355e-05 2.614526e-02
1.250000e+02 2.520000e+04 7.998259e-02 5.145315e-04 3.095532e-05 2.587165e-02
1.260000e+02 2.540000e+04 7.464374e-02 5.093444e-04 3.064344e-05 2.561102e-02
1.270000e+02 2.560000e+04 6.966128e-02 5.044750e-04 3.034727e-05 2.536295e-02
1.280000e+02 2.580000e+04 6.501139e-02 4.999020e-04 3.006612e-05 2.512697e-02
1.290000e+02 2.600000e+04 6.067188e-02 4.956059e-04 2.979934e-05 2.490262e-02
1.300000e+02 2.620000e+04 5.662203e-02 4.915684e-04 2.954629e-05 2.468944e-02
1.310000e+02 2.640000e+04 5.284251e-02 4.877728e-04 2.930635e-05 2.448697e-02
1.320000e+02 2.660000e+04 4.931528e-02 4.842035e-04 2.907889e-05 2.429475e-02
1.330000e+02 2.680000e+04 4.602349e-02 4.808460e-04 2.886334e-05 2.411233e-02
1.340000e+02 2.700000e+04 4.295142e-02 4.776871e-04 2.865910e-05 2.393927e-02
1.350000e+02 2.720000e+04 4.008441e-02 4.747141e-04 2.846564e-05 2.377515e-02
1.360000e+02 2.740000e+04 3.740878e-02 4.719155e-04 2.828243e-05 2.361955e-02
1.370000e+02 2.760000e+04 3.491175e-02 4.692805e-04 2.810894e-05 2.347207e-02
1.380000e+02 2.780000e+04 3.258139e-02 4.667990e-04 2.794470e-05 2.333231e-02
1.390000e+02 2.800000e+04 3.040658e-02 4.644618e-04 2.778924e-05 2.319990e-02
1.400000e+02 2.820000e+04 2.837694e-02 4.622599e-04 2.764211e-05 2.307449e-02
1.410000e+02 2.840000e+04 2.648278e-02 4.601853e-04 2.750288e-05 2.295572e-02
1.420000e+02 2.860000e+04 2.471506e-02 4.582302e-04 2.737114e-05 2.284327e-02
1.430000e+02 2.880000e+04 2.306533e-02 4.563876e-04 2.724651e-05 2.273682e-02
1.440000e+02 2.900000e+04 2.152572e-02 4.546508e-04 2.712862e-05 2.263606e-02
1.450000e+02 2.920000e+04 2.008888e-02 4.530134e-04 2.701712e-05 2.254070e-02
1.460000e+02 2.940000e+04 1.874794e-02 4.514698e-04 2.691166e-05 2.245046e-02
1.470000e+02 2.960000e+04 1.749652e-02 4.500142e-04 2.681194e-05 2.236509e-02
1.480000e+02 2.980000e+04 1.632863e-02 4.486417e-04 2.671764e-05 2.228433e-02
1.490000e+02 3.000000e+04 1.523870e-02 4.473473e-04 2.662849e-05 2.220794e-02