0.000231481 day
# index velocity (km/s) density (g/cm^3) 56ni_mass_fraction 52fe_mass_fraction 48cr_mass_fraction
0.000000e+00 2.000000e+02 5.013522e+02 9.891197e-01 9.891197e-03 9.891197e-04
1.000000e+00 4.000000e+02 4.678869e+02 9.891197e-01 9.891197e-03 9.891197e-04
2.000000e+00 6.000000e+02 4.366555e+02 9.891197e-01 9.891197e-03 9.891197e-04
3.000000e+00 8.000000e+02 4.075088e+02 9.891197e-01 9.891197e-03 9.891197e-04
4.000000e+00 1.000000e+03 3.803076e+02 9.891197e-01 9.891197e-03 9.891197e-04
5.000000e+00 1.200000e+03 3.549220e+02 9.891197e-01 9.891197e-03 9.891197e-04
6.000000e+00 1.400000e+03 3.312310e+02 9.891197e-01 9.891197e-03 9.891197e-04
7.000000e+00 1.600000e+03 3.091213e+02 9.891197e-01 9.891197e-03 9.891197e-04
8.000000e+00 1.800000e+03 2.884875e+02 9.891197e-01 9.891197e-03 9.891197e-04
9.000000e+00 2.000000e+03 2.692310e+02 9.891197e-01 9.891197e-03 9.891197e-04
1.000000e+01 2.200000e+03 2.512598e+02 9.891197e-01 9.891197e-03 9.891197e-04
1.100000e+01 2.400000e+03 2.344882e+02 9.891197e-01 9.891197e-03 9.891197e-04
1.200000e+01 2.600000e+03 2.188362e+02 9.891197e-01 9.891197e-03 9.891197e-04
1.300000e+01 2.800000e+03 2.042289e+02 9.891197e-01 9.891197e-03 9.891197e-04
1.400000e+01 3.000000e+03 1.905966e+02 9.891197e-01 9.891197e-03 9.891197e-04
1.500000e+01 3.200000e+03 1.778742e+02 9.891197e-01 9.891197e-03 9.891197e-04
1.600000e+01 3.400000e+03 1.660011e+02 9.891197e-01 9.891197e-03 9.891197e-04
1.700000e+01 3.600000e+03 1.549205e+02 9.891197e-01 9.891197e-03 9.891197e-04
1.800000e+01 3.800000e+03 1.445796e+02 9.891197e-01 9.891197e-03 9.891197e-04
1.900000e+01 4.000000e+03 1.349289e+02 9.891197e-01 9.891197e-03 9.891197e-04
2.000000e+01 4.200000e+03 1.259224e+02 9.891197e-01 9.891197e-03 9.891197e-04
2.100000e+01 4.400000e+03 1.175171e+02 9.891197e-01 9.891197e-03 9.891197e-04
2.200000e+01 4.600000e+03 1.096729e+02 9.891197e-01 9.891197e-03 9.891197e-04
2.300000e+01 4.800000e+03 1.023522e+02 9.891197e-01 9.891197e-03 9.891197e-04
2.400000e+01 5.000000e+03 9.552021e+01 9.891197e-01 9.891197e-03 9.891197e-04
2.500000e+01 5.200000e+03 8.914422e+01 9.891197e-01 9.891197e-03 9.891197e-04
2.600000e+01 5.400000e+03 8.319384e+01 9.891197e-01 9.891197e-03 9.891197e-04
2.700000e+01 5.600000e+03 7.764066e+01 9.891197e-01 9.891197e-03 9.891197e-04
2.800000e+01 5.800000e+03 7.245815e+01 9.891197e-01 9.891197e-03 9.891197e-04
2.900000e+01 6.000000e+03 6.762157e+01 9.891197e-01 9.891197e-03 9.891197e-04
3.000000e+01 6.200000e+03 6.310783e+01 9.891197e-01 9.891197e-03 9.891197e-04
3.100000e+01 6.400000e+03 5.889539e+01 9.891197e-01 9.891197e-03 9.891197e-04
3.200000e+01 6.600000e+03 5.496412e+01 9.891197e-01 9.891197e-03 9.891197e-04
3.300000e+01 6.800000e+03 5.129526e+01 9.891197e-01 9.891197e-03 9.891197e-04
3.400000e+01 7.000000e+03 4.787131e+01 9.891197e-01 9.891197e-03 9.891197e-04
3.500000e+01 7.200000e+03 4.467590e+01 9.891197e-01 9.891197e-03 9.891197e-04
3.600000e+01 7.400000e+03 4.169378e+01 9.891197e-01 9.891197e-03 9.891197e-04
3.700000e+01 7.600000e+03 3.891072e+01 9.891197e-01 9.891197e-03 9.891197e-04
3.800000e+01 7.800000e+03 3.631343e+01 9.891197e-01 9.891197e-03 9.891197e-04
3.900000e+01 8.000000e+03 3.388951e+01 9.891197e-01 9.891197e-03 9.891197e-04
4.000000e+01 8.200000e+03 3.162739e+01 9.891197e-01 9.891197e-03 9.891197e-04
4.100000e+01 8.400000e+03 2.951626e+01 9.891197e-01 9.891197e-03 9.891197e-04
4.200000e+01 8.600000e+03 2.754605e+01 9.891197e-01 9.891197e-03 9.891197e-04
4.300000e+01 8.800000e+03 2.570736e+01 9.891197e-01 9.891197e-03 9.891197e-04
4.400000e+01 9.000000e+03 2.399139e+01 9.891197e-01 9.891197e-03 9.891197e-04
4.500000e+01 9.200000e+03 2.238996e+01 9.891197e-01 9.891197e-03 9.891197e-04
4.600000e+01 9.400000e+03 2.089543e+01 9.891197e-01 9.891197e-03 9.891197e-04
4.700000e+01 9.600000e+03 1.950067e+01 9.891197e-01 9.891197e-03 9.891197e-04
4.800000e+01 9.800000e+03 1.819900e+01 9.891197e-01 9.891197e-03 9.891197e-04
4.900000e+01 1.000000e+04 1.698421e+01 9.891197e-01 9.891197e-03 9.891197e-04
5.000000e+01 1.020000e+04 1.585052e+01 9.891197e-01 9.891197e-03 9.891197e-04
5.100000e+01 1.040000e+04 1.479250e+01 9.891197e-01 9.891197e-03 9.891197e-04
5.200000e+01 1.060000e+04 1.380510e+01 9.891197e-01 9.891197e-03 9.891197e-04
5.300000e+01 1.080000e+04 1.288361e+01 9.891197e-01 9.891197e-03 9.891197e-04
5.400000e+01 1.100000e+04 1.202363e+01 9.891197e-01 9.891197e-03 9.891197e-04
5.500000e+01 1.120000e+04 1.122105e+01 9.871832e-01 9.871832e-03 9.871832e-04
5.600000e+01 1.140000e+04 1.047204e+01 9.813827e-01 9.813827e-03 9.813827e-04
5.700000e+01 1.160000e+04 9.773034e+00 9.740721e-01 9.740721e-03 9.740721e-04
5.800000e+01 1.180000e+04 9.120689e+00 9.649815e-01 9.649815e-03 9.649815e-04
5.900000e+01 1.200000e+04 8.511882e+00 9.538341e-01 9.538341e-03 9.538341e-04
6.000000e+01 1.220000e+04 7.943714e+00 9.403612e-01 9.403612e-03 9.403612e-04
6.100000e+01 1.240000e+04 7.413471e+00 9.243201e-01 9.243201e-03 9.243201e-04
6.200000e+01 1.260000e+04 6.918622e+00 9.055160e-01 9.055160e-03 9.055160e-04
6.300000e+01 1.280000e+04 6.456804e+00 8.838238e-01 8.838238e-03 8.838238e-04
6.400000e+01 1.300000e+04 6.025812e+00 8.592090e-01 8.592090e-03 8.592090e-04
6.500000e+01 1.320000e+04 5.623589e+00 8.317437e-01 8.317437e-03 8.317437e-04
6.600000e+01 1.340000e+04 5.248215e+00 8.016143e-01 8.016143e-03 8.016143e-04
6.700000e+01 1.360000e+04 4.897897e+00 7.691201e-01 7.691201e-03 7.691201e-04
6.800000e+01 1.380000e+04 4.570962e+00 7.346610e-01 7.346610e-03 7.346610e-04
6.900000e+01 1.400000e+04 4.265851e+00 6.987149e-01 6.987149e-03 6.987149e-04
7.000000e+01 1.420000e+04 3.981105e+00 6.618084e-01 6.618084e-03 6.618084e-04
7.100000e+01 1.440000e+04 3.715367e+00 6.244845e-01 6.244845e-03 6.244845e-04
7.200000e+01 1.460000e+04 3.467366e+00 5.872702e-01 5.872702e-03 5.872702e-04
7.300000e+01 1.480000e+04 3.235920e+00 5.506491e-01 5.506491e-03 5.506491e-04
7.400000e+01 1.500000e+04 3.019922e+00 5.150412e-01 5.150412e-03 5.150412e-04
7.500000e+01 1.520000e+04 2.818342e+00 4.807901e-01 4.807901e-03 4.807901e-04
7.600000e+01 1.540000e+04 2.630218e+00 4.481585e-01 4.481585e-03 4.481585e-04
7.700000e+01 1.560000e+04 2.454651e+00 4.173299e-01 4.173299e-03 4.173299e-04
7.800000e+01 1.580000e+04 2.290803e+00 3.884153e-01 3.884153e-03 3.884153e-04
7.900000e+01 1.600000e+04 2.137892e+00 3.614634e-01 3.614634e-03 3.614641e-04
8.000000e+01 1.620000e+04 1.995188e+00 3.364710e-01 3.364710e-03 3.365077e-04
8.100000e+01 1.640000e+04 1.862009e+00 3.133951e-01 3.133952e-03 3.143702e-04
8.200000e+01 1.660000e+04 1.737720e+00 2.921626e-01 2.921641e-03 3.063287e-04
8.300000e+01 1.680000e+04 1.621727e+00 2.726802e-01 2.726922e-03 3.935329e-04
8.400000e+01 1.700000e+04 1.513477e+00 2.548413e-01 2.549059e-03 9.025272e-04
8.500000e+01 1.720000e+04 1.412452e+00 2.385329e-01 2.387647e-03 2.562541e-03
8.600000e+01 1.740000e+04 1.318171e+00 2.236399e-01 2.242319e-03 6.157559e-03
8.700000e+01 1.760000e+04 1.230184e+00 2.100486e-01 2.111897e-03 1.164731e-02
8.800000e+01 1.780000e+04 1.148069e+00 1.976495e-01 1.994080e-03 1.782515e-02
8.900000e+01 1.800000e+04 1.071435e+00 1.863382e-01 1.886292e-03 2.315072e-02
9.000000e+01 1.820000e+04 9.999168e-01 1.760172e-01 1.786725e-03 2.679198e-02
9.100000e+01 1.840000e+04 9.331725e-01 1.665959e-01 1.694550e-03 2.882535e-02
9.200000e+01 1.860000e+04 8.708832e-01 1.579909e-01 1.609447e-03 2.976586e-02
9.300000e+01 1.880000e+04 8.127518e-01 1.501259e-01 1.531146e-03 3.010852e-02
9.400000e+01 1.900000e+04 7.585007e-01 1.429313e-01 1.459262e-03 3.016335e-02
9.500000e+01 1.920000e+04 7.078707e-01 1.363440e-01 1.393316e-03 3.008282e-02
9.600000e+01 1.940000e+04 6.606204e-01 1.303070e-01 1.332802e-03 2.993210e-02
9.700000e+01 1.960000e+04 6.165240e-01 1.247687e-01 1.277231e-03 2.973825e-02
9.800000e+01 1.980000e+04 5.753711e-01 1.196826e-01 1.226151e-03 2.951394e-02
9.900000e+01 2.000000e+04 5.369651e-01 1.150068e-01 1.179151e-03 2.926678e-02
1.000000e+02 2.020000e+04 5.011226e-01 1.107036e-01 1.135859e-03 2.900235e-02
1.010000e+02 2.040000e+04 4.676727e-01 1.067390e-01 1.095941e-03 2.872527e-02
1.020000e+02 2.060000e+04 4.364555e-01 1.030826e-01 1.059095e-03 2.843943e-02
1.030000e+02 2.080000e+04 4.073222e-01 9.970675e-02 1.025050e-03 2.814816e-02
1.040000e+02 2.100000e+04 3.801334e-01 9.658676e-02 9.935597e-04 2.785428e-02
1.050000e+02 2.120000e+04 3.547595e-01 9.370030e-02 9.644046e-04 2.756017e-02
1.060000e+02 2.140000e+04 3.310794e-01 9.102726e-02 9.373851e-04 2.726782e-02
1.070000e+02 2.160000e+04 3.089798e-01 8.854946e-02 9.123213e-04 2.697887e-02
1.080000e+02 2.180000e+04 2.883554e-01 8.625049e-02 8.890505e-04 2.669469e-02
1.090000e+02 2.200000e+04 2.691077e-01 8.411553e-02 8.674253e-04 2.641636e-02
1.100000e+02 2.220000e+04 2.511448e-01 8.213114e-02 8.473124e-04 2.614474e-02
1.110000e+02 2.240000e+04 2.343809e-01 8.028515e-02 8.285907e-04 2.588051e-02
1.120000e+02 2.260000e+04 2.187359e-01 7.856651e-02 8.111504e-04 2.562417e-02
1.130000e+02 2.280000e+04 2.041354e-01 7.696521e-02 7.948914e-04 2.537609e-02
1.140000e+02 2.300000e+04 1.905093e-01 7.547210e-02 7.797229e-04 2.513652e-02
1.150000e+02 2.320000e+04 1.777928e-01 7.407890e-02 7.655619e-04 2.490560e-02
1.160000e+02 2.340000e+04 1.659252e-01 7.277803e-02 7.523328e-04 2.468341e-02
1.170000e+02 2.360000e+04 1.548496e-01 7.156258e-02 7.399665e-04 2.446993e-02
1.180000e+02 2.380000e+04 1.445134e-01 7.042624e-02 7.283999e-04 2.426510e-02
1.190000e+02 2.400000e+04 1.348672e-01 6.936322e-02 7.175750e-04 2.406880e-02
1.200000e+02 2.420000e+04 1.258648e-01 6.836825e-02 7.074388e-04 2.388089e-02
1.210000e+02 2.440000e+04 1.174633e-01 6.743646e-02 6.979425e-04 2.370119e-02
1.220000e+02 2.460000e+04 1.096227e-01 6.656340e-02 6.890415e-04 2.352949e-02
1.230000e+02 2.480000e+04 1.023053e-01 6.574498e-02 6.806946e-04 2.336557e-02
1.240000e+02 2.500000e+04 9.547645e-02 6.497743e-02 6.728638e-04 2.320919e-02
1.250000e+02 2.520000e+04 8.910341e-02 6.425727e-02 6.655142e-04 2.306010e-02
1.260000e+02 2.540000e+04 8.315575e-02 6.358130e-02 6.586135e-04 2.291806e-02
1.270000e+02 2.560000e+04 7.760511e-02 6.294657e-02 6.521318e-04 2.278280e-02
1.280000e+02 2.580000e+04 7.242497e-02 6.235034e-02 6.460417e-04 2.265407e-02
1.290000e+02 2.600000e+04 6.759061e-02 6.179008e-02 6.403176e-04 2.253161e-02
1.300000e+02 2.620000e+04 6.307893e-02 6.126347e-02 6.349358e-04 2.241517e-02
1.310000e+02 2.640000e+04 5.886841e-02 6.076832e-02 6.298744e-04 2.230450e-02
1.320000e+02 2.660000e+04 5.493895e-02 6.030262e-02 6.251130e-04 2.219935e-02
1.330000e+02 2.680000e+04 5.127178e-02 5.986451e-02 6.206326e-04 2.209948e-02
1.340000e+02 2.700000e+04 4.784939e-02 5.945224e-02 6.164158e-04 2.200466e-02
1.350000e+02 2.720000e+04 4.465544e-02 5.906421e-02 6.124460e-04 2.191466e-02
1.360000e+02 2.740000e+04 4.167469e-02 5.869890e-02 6.087081e-04 2.182925e-02
1.370000e+02 2.760000e+04 3.889291e-02 5.835492e-02 6.051878e-04 2.174823e-02
1.380000e+02 2.780000e+04 3.629681e-02 5.803096e-02 6.018719e-04 2.167139e-02
1.390000e+02 2.800000e+04 3.387400e-02 5.772579e-02 5.987478e-04 2.159853e-02
1.400000e+02 2.820000e+04 3.161291e-02 5.743829e-02 5.958042e-04 2.152946e-02
1.410000e+02 2.840000e+04 2.950275e-02 5.716739e-02 5.930301e-04 2.146400e-02
1.420000e+02 2.860000e+04 2.753344e-02 5.691208e-02 5.904155e-04 2.140196e-02
1.430000e+02 2.880000e+04 2.569558e-02 5.667146e-02 5.879508e-04 2.134319e-02
1.440000e+02 2.900000e+04 2.398040e-02 5.644463e-02 5.856272e-04 2.128753e-02
1.450000e+02 2.920000e+04 2.237971e-02 5.623079e-02 5.834364e-04 2.123480e-02
1.460000e+02 2.940000e+04 2.088587e-02 5.602917e-02 5.813707e-04 2.118488e-02
1.470000e+02 2.960000e+04 1.949173e-02 5.583906e-02 5.794226e-04 2.113761e-02
1.480000e+02 2.980000e+04 1.819067e-02 5.565979e-02 5.775854e-04 2.109287e-02
1.490000e+02 3.000000e+04 1.697644e-02 5.549072e-02 5.758526e-04 2.105051e-02