0.000231481 day
# index velocity (km/s) density (g/cm^3) 56ni_mass_fraction 52fe_mass_fraction 48cr_mass_fraction
0.000000e+00 2.000000e+02 4.500327e+02 9.891197e-01 9.891197e-03 9.891197e-04
1.000000e+00 4.000000e+02 4.199930e+02 9.891197e-01 9.891197e-03 9.891197e-04
2.000000e+00 6.000000e+02 3.919584e+02 9.891197e-01 9.891197e-03 9.891197e-04
3.000000e+00 8.000000e+02 3.657953e+02 9.891197e-01 9.891197e-03 9.891197e-04
4.000000e+00 1.000000e+03 3.413784e+02 9.891197e-01 9.891197e-03 9.891197e-04
5.000000e+00 1.200000e+03 3.185914e+02 9.891197e-01 9.891197e-03 9.891197e-04
6.000000e+00 1.400000e+03 2.973255e+02 9.891197e-01 9.891197e-03 9.891197e-04
7.000000e+00 1.600000e+03 2.774790e+02 9.891197e-01 9.891197e-03 9.891197e-04
8.000000e+00 1.800000e+03 2.589573e+02 9.891197e-01 9.891197e-03 9.891197e-04
9.000000e+00 2.000000e+03 2.416719e+02 9.891197e-01 9.891197e-03 9.891197e-04
1.000000e+01 2.200000e+03 2.255403e+02 9.891197e-01 9.891197e-03 9.891197e-04
1.100000e+01 2.400000e+03 2.104855e+02 9.891197e-01 9.891197e-03 9.891197e-04
1.200000e+01 2.600000e+03 1.964356e+02 9.891197e-01 9.891197e-03 9.891197e-04
1.300000e+01 2.800000e+03 1.833235e+02 9.891197e-01 9.891197e-03 9.891197e-04
1.400000e+01 3.000000e+03 1.710867e+02 9.891197e-01 9.891197e-03 9.891197e-04
1.500000e+01 3.200000e+03 1.596666e+02 9.891197e-01 9.891197e-03 9.891197e-04
1.600000e+01 3.400000e+03 1.490089e+02 9.891197e-01 9.891197e-03 9.891197e-04
1.700000e+01 3.600000e+03 1.390625e+02 9.891197e-01 9.891197e-03 9.891197e-04
1.800000e+01 3.800000e+03 1.297801e+02 9.891197e-01 9.891197e-03 9.891197e-04
1.900000e+01 4.000000e+03 1.211173e+02 9.891197e-01 9.891197e-03 9.891197e-04
2.000000e+01 4.200000e+03 1.130327e+02 9.891197e-01 9.891197e-03 9.891197e-04
2.100000e+01 4.400000e+03 1.054878e+02 9.891197e-01 9.891197e-03 9.891197e-04
2.200000e+01 4.600000e+03 9.844651e+01 9.891197e-01 9.891197e-03 9.891197e-04
2.300000e+01 4.800000e+03 9.187524e+01 9.891197e-01 9.891197e-03 9.891197e-04
2.400000e+01 5.000000e+03 8.574255e+01 9.891197e-01 9.891197e-03 9.891197e-04
2.500000e+01 5.200000e+03 8.001922e+01 9.891197e-01 9.891197e-03 9.891197e-04
2.600000e+01 5.400000e+03 7.467794e+01 9.891197e-01 9.891197e-03 9.891197e-04
2.700000e+01 5.600000e+03 6.969319e+01 9.891197e-01 9.891197e-03 9.891197e-04
2.800000e+01 5.800000e+03 6.504117e+01 9.891197e-01 9.891197e-03 9.891197e-04
2.900000e+01 6.000000e+03 6.069967e+01 9.891197e-01 9.891197e-03 9.891197e-04
3.000000e+01 6.200000e+03 5.664797e+01 9.891197e-01 9.891197e-03 9.891197e-04
3.100000e+01 6.400000e+03 5.286673e+01 9.891197e-01 9.891197e-03 9.891197e-04
3.200000e+01 6.600000e+03 4.933787e+01 9.891197e-01 9.891197e-03 9.891197e-04
3.300000e+01 6.800000e+03 4.604457e+01 9.891197e-01 9.891197e-03 9.891197e-04
3.400000e+01 7.000000e+03 4.297109e+01 9.891197e-01 9.891197e-03 9.891197e-04
3.500000e+01 7.200000e+03 4.010277e+01 9.891197e-01 9.891197e-03 9.891197e-04
3.600000e+01 7.400000e+03 3.742592e+01 9.891197e-01 9.891197e-03 9.891197e-04
3.700000e+01 7.600000e+03 3.492774e+01 9.891197e-01 9.891197e-03 9.891197e-04
3.800000e+01 7.800000e+03 3.259631e+01 9.891197e-01 9.891197e-03 9.891197e-04
3.900000e+01 8.000000e+03 3.042051e+01 9.852354e-01 9.852354e-03 9.852354e-04
4.000000e+01 8.200000e+03 2.838994e+01 9.738467e-01 9.738467e-03 9.738467e-04
4.100000e+01 8.400000e+03 2.649491e+01 9.578066e-01 9.578066e-03 9.578066e-04
4.200000e+01 8.600000e+03 2.472637e+01 9.356847e-01 9.356847e-03 9.356847e-04
4.300000e+01 8.800000e+03 2.307590e+01 9.059331e-01 9.059331e-03 9.059331e-04
4.400000e+01 9.000000e+03 2.153558e+01 8.671047e-01 8.671047e-03 8.671047e-04
4.500000e+01 9.200000e+03 2.009808e+01 8.181970e-01 8.181970e-03 8.181970e-04
4.600000e+01 9.400000e+03 1.875653e+01 7.590702e-01 7.590702e-03 7.590702e-04
4.700000e+01 9.600000e+03 1.750454e+01 6.908073e-01 6.908073e-03 6.908073e-04
4.800000e+01 9.800000e+03 1.633611e+01 6.158258e-01 6.158258e-03 6.158258e-04
4.900000e+01 1.000000e+04 1.524567e+01 5.376014e-01 5.376014e-03 5.376014e-04
5.000000e+01 1.020000e+04 1.422803e+01 4.600369e-01 4.600369e-03 4.600369e-04
5.100000e+01 1.040000e+04 1.327831e+01 3.867054e-01 3.867054e-03 3.867054e-04
5.200000e+01 1.060000e+04 1.239198e+01 3.202607e-01 3.202607e-03 3.202607e-04
5.300000e+01 1.080000e+04 1.156481e+01 2.621915e-01 2.621915e-03 2.621915e-04
5.400000e+01 1.100000e+04 1.079286e+01 2.129068e-01 2.129068e-03 2.129068e-04
5.500000e+01 1.120000e+04 1.007244e+01 1.720157e-01 1.720157e-03 1.720157e-04
5.600000e+01 1.140000e+04 9.400101e+00 1.386520e-01 1.386520e-03 1.386520e-04
5.700000e+01 1.160000e+04 8.772645e+00 1.117457e-01 1.117457e-03 1.117457e-04
5.800000e+01 1.180000e+04 8.187075e+00 9.020935e-02 9.020935e-04 9.020935e-05
5.900000e+01 1.200000e+04 7.640587e+00 7.304363e-02 7.304363e-04 7.304363e-05
6.000000e+01 1.220000e+04 7.130578e+00 5.938395e-02 5.938395e-04 5.938395e-05
6.100000e+01 1.240000e+04 6.654611e+00 4.851073e-02 4.851073e-04 4.851073e-05
6.200000e+01 1.260000e+04 6.210416e+00 3.984004e-02 3.984004e-04 3.984004e-05
6.300000e+01 1.280000e+04 5.795871e+00 3.290581e-02 3.290581e-04 3.290581e-05
6.400000e+01 1.300000e+04 5.408997e+00 2.733990e-02 2.733990e-04 2.733990e-05
6.500000e+01 1.320000e+04 5.047946e+00 2.285337e-02 2.285337e-04 2.285337e-05
6.600000e+01 1.340000e+04 4.710996e+00 1.922016e-02 1.922016e-04 1.922016e-05
6.700000e+01 1.360000e+04 4.396537e+00 1.626358e-02 1.626358e-04 1.626358e-05
6.800000e+01 1.380000e+04 4.103069e+00 1.384550e-02 1.384550e-04 1.384550e-05
6.900000e+01 1.400000e+04 3.829189e+00 1.185770e-02 1.185770e-04 1.185770e-05
7.000000e+01 1.420000e+04 3.573591e+00 1.021520e-02 1.021520e-04 1.021520e-05
7.100000e+01 1.440000e+04 3.335053e+00 8.851071e-03 8.851071e-05 8.851071e-06
7.200000e+01 1.460000e+04 3.112439e+00 7.712393e-03 7.712393e-05 7.712393e-06
7.300000e+01 1.480000e+04 2.904684e+00 6.757163e-03 6.757163e-05 6.757163e-06
7.400000e+01 1.500000e+04 2.710796e+00 5.951910e-03 5.951910e-05 5.951910e-06
7.500000e+01 1.520000e+04 2.529851e+00 5.269844e-03 5.269844e-05 5.269844e-06
7.600000e+01 1.540000e+04 2.360983e+00 4.689433e-03 4.689433e-05 4.689433e-06
7.700000e+01 1.560000e+04 2.203388e+00 4.193292e-03 4.193292e-05 4.193292e-06
7.800000e+01 1.580000e+04 2.056311e+00 3.767326e-03 3.767326e-05 3.767326e-06
7.900000e+01 1.600000e+04 1.919053e+00 3.400054e-03 3.400054e-05 3.400054e-06
8.000000e+01 1.620000e+04 1.790956e+00 3.082089e-03 3.082089e-05 3.082089e-06
8.100000e+01 1.640000e+04 1.671410e+00 2.805717e-03 2.805717e-05 2.805717e-06
8.200000e+01 1.660000e+04 1.559843e+00 2.564578e-03 2.564578e-05 2.564578e-06
8.300000e+01 1.680000e+04 1.455723e+00 2.353403e-03 2.353403e-05 2.353403e-06
8.400000e+01 1.700000e+04 1.358554e+00 2.167812e-03 2.167812e-05 2.167812e-06
8.500000e+01 1.720000e+04 1.267870e+00 2.004148e-03 2.004148e-05 2.004148e-06
8.600000e+01 1.740000e+04 1.183240e+00 1.859344e-03 1.859344e-05 1.859344e-06
8.700000e+01 1.760000e+04 1.104259e+00 1.730824e-03 1.730832e-05 1.730838e-06
8.800000e+01 1.780000e+04 1.030550e+00 1.616424e-03 1.617408e-05 1.618155e-06
8.900000e+01 1.800000e+04 9.617609e-01 1.515071e-03 1.569517e-05 1.610884e-06
9.000000e+01 1.820000e+04 8.975631e-01 1.444457e-03 2.893283e-05 3.994077e-06
9.100000e+01 1.840000e+04 8.376509e-01 1.643370e-03 2.188944e-04 3.727206e-05
9.200000e+01 1.860000e+04 7.817377e-01 3.677173e-03 1.649070e-03 2.874068e-04
9.300000e+01 1.880000e+04 7.295568e-01 1.300562e-02 8.026742e-03 1.402651e-03
9.400000e+01 1.900000e+04 6.808589e-01 3.935539e-02 2.595591e-02 4.537776e-03
9.500000e+01 1.920000e+04 6.354115e-01 8.868719e-02 5.948378e-02 1.040047e-02
9.600000e+01 1.940000e+04 5.929978e-01 1.530908e-01 1.032405e-01 1.805178e-02
9.700000e+01 1.960000e+04 5.534153e-01 2.142830e-01 1.448141e-01 2.532133e-02
9.800000e+01 1.980000e+04 5.164748e-01 2.580790e-01 1.745747e-01 3.052527e-02
9.900000e+01 2.000000e+04 4.820001e-01 2.821126e-01 1.909163e-01 3.338278e-02
1.000000e+02 2.020000e+04 4.498266e-01 2.918517e-01 1.975512e-01 3.454298e-02
1.010000e+02 2.040000e+04 4.198007e-01 2.937824e-01 1.988831e-01 3.477590e-02
1.020000e+02 2.060000e+04 3.917790e-01 2.921946e-01 1.978246e-01 3.459083e-02
1.030000e+02 2.080000e+04 3.656278e-01 2.891889e-01 1.958018e-01 3.423715e-02
1.040000e+02 2.100000e+04 3.412221e-01 2.856185e-01 1.933943e-01 3.381619e-02
1.050000e+02 2.120000e+04 3.184456e-01 2.818019e-01 1.908184e-01 3.336579e-02
1.060000e+02 2.140000e+04 2.971894e-01 2.778662e-01 1.881604e-01 3.290103e-02
1.070000e+02 2.160000e+04 2.773519e-01 2.738751e-01 1.854638e-01 3.242953e-02
1.080000e+02 2.180000e+04 2.588387e-01 2.698709e-01 1.827573e-01 3.195628e-02
1.090000e+02 2.200000e+04 2.415613e-01 2.658855e-01 1.800628e-01 3.148512e-02
1.100000e+02 2.220000e+04 2.254370e-01 2.619449e-01 1.773978e-01 3.101914e-02
1.110000e+02 2.240000e+04 2.103891e-01 2.580700e-01 1.747767e-01 3.056083e-02
1.120000e+02 2.260000e+04 1.963456e-01 2.542774e-01 1.722109e-01 3.011218e-02
1.130000e+02 2.280000e+04 1.832396e-01 2.505805e-01 1.697093e-01 2.967476e-02
1.140000e+02 2.300000e+04 1.710084e-01 2.469892e-01 1.672788e-01 2.924979e-02
1.150000e+02 2.320000e+04 1.595935e-01 2.435110e-01 1.649247e-01 2.883816e-02
1.160000e+02 2.340000e+04 1.489407e-01 2.401512e-01 1.626505e-01 2.844049e-02
1.170000e+02 2.360000e+04 1.389989e-01 2.369133e-01 1.604585e-01 2.805721e-02
1.180000e+02 2.380000e+04 1.297207e-01 2.337990e-01 1.583501e-01 2.768855e-02
1.190000e+02 2.400000e+04 1.210619e-01 2.308091e-01 1.563257e-01 2.733457e-02
1.200000e+02 2.420000e+04 1.129810e-01 2.279431e-01 1.543851e-01 2.699524e-02
1.210000e+02 2.440000e+04 1.054395e-01 2.251996e-01 1.525273e-01 2.667040e-02
1.220000e+02 2.460000e+04 9.840144e-02 2.225766e-01 1.507511e-01 2.635981e-02
1.230000e+02 2.480000e+04 9.183311e-02 2.200717e-01 1.490547e-01 2.606318e-02
1.240000e+02 2.500000e+04 8.570327e-02 2.176818e-01 1.474361e-01 2.578017e-02
1.250000e+02 2.520000e+04 7.998259e-02 2.154036e-01 1.458932e-01 2.551038e-02
1.260000e+02 2.540000e+04 7.464374e-02 2.132337e-01 1.444235e-01 2.525339e-02
1.270000e+02 2.560000e+04 6.966128e-02 2.111684e-01 1.430246e-01 2.500878e-02
1.280000e+02 2.580000e+04 6.501139e-02 2.092037e-01 1.416939e-01 2.477610e-02
1.290000e+02 2.600000e+04 6.067188e-02 2.073360e-01 1.404287e-01 2.455488e-02
1.300000e+02 2.620000e+04 5.662203e-02 2.055613e-01 1.392266e-01 2.434468e-02
1.310000e+02 2.640000e+04 5.284251e-02 2.038758e-01 1.380848e-01 2.414503e-02
1.320000e+02 2.660000e+04 4.931528e-02 2.022756e-01 1.370009e-01 2.395550e-02
1.330000e+02 2.680000e+04 4.602349e-02 2.007571e-01 1.359722e-01 2.377563e-02
1.340000e+02 2.700000e+04 4.295142e-02 1.993166e-01 1.349963e-01 2.360499e-02
1.350000e+02 2.720000e+04 4.008441e-02 1.979504e-01 1.340708e-01 2.344316e-02
1.360000e+02 2.740000e+04 3.740878e-02 1.966552e-01 1.331934e-01 2.328973e-02
1.370000e+02 2.760000e+04 3.491175e-02 1.954275e-01 1.323617e-01 2.314430e-02
1.380000e+02 2.780000e+04 3.258139e-02 1.942642e-01 1.315736e-01 2.300650e-02
1.390000e+02 2.800000e+04 3.040658e-02 1.931621e-01 1.308269e-01 2.287594e-02
1.400000e+02 2.820000e+04 2.837694e-02 1.921183e-01 1.301197e-01 2.275228e-02
1.410000e+02 2.840000e+04 2.648278e-02 1.911297e-01 1.294500e-01 2.263517e-02
1.420000e+02 2.860000e+04 2.471506e-02 1.901937e-01 1.288159e-01 2.252429e-02
1.430000e+02 2.880000e+04 2.306533e-02 1.893077e-01 1.282155e-01 2.241932e-02
1.440000e+02 2.900000e+04 2.152572e-02 1.884690e-01 1.276473e-01 2.231997e-02
1.450000e+02 2.920000e+04 2.008888e-02 1.876753e-01 1.271096e-01 2.222594e-02
1.460000e+02 2.940000e+04 1.874794e-02 1.869243e-01 1.266008e-01 2.213697e-02
1.470000e+02 2.960000e+04 1.749652e-02 1.862137e-01 1.261193e-01 2.205279e-02
1.480000e+02 2.980000e+04 1.632863e-02 1.855416e-01 1.256639e-01 2.197315e-02
1.490000e+02 3.000000e+04 1.523870e-02 1.849058e-01 1.252331e-01 2.189783e-02