0.000231481 day
# index velocity (km/s) density (g/cm^3) 56ni_mass_fraction 52fe_mass_fraction 48cr_mass_fraction
0.000000e+00 2.000000e+02 4.342421e+02 9.891197e-01 9.891197e-03 9.891197e-04
1.000000e+00 4.000000e+02 4.052564e+02 9.891197e-01 9.891197e-03 9.891197e-04
2.000000e+00 6.000000e+02 3.782055e+02 9.891197e-01 9.891197e-03 9.891197e-04
3.000000e+00 8.000000e+02 3.529603e+02 9.891197e-01 9.891197e-03 9.891197e-04
4.000000e+00 1.000000e+03 3.294002e+02 9.891197e-01 9.891197e-03 9.891197e-04
5.000000e+00 1.200000e+03 3.074128e+02 9.891197e-01 9.891197e-03 9.891197e-04
6.000000e+00 1.400000e+03 2.868930e+02 9.891197e-01 9.891197e-03 9.891197e-04
7.000000e+00 1.600000e+03 2.677429e+02 9.891197e-01 9.891197e-03 9.891197e-04
8.000000e+00 1.800000e+03 2.498711e+02 9.891197e-01 9.891197e-03 9.891197e-04
9.000000e+00 2.000000e+03 2.331922e+02 9.891197e-01 9.891197e-03 9.891197e-04
1.000000e+01 2.200000e+03 2.176266e+02 9.891197e-01 9.891197e-03 9.891197e-04
1.100000e+01 2.400000e+03 2.031000e+02 9.891197e-01 9.891197e-03 9.891197e-04
1.200000e+01 2.600000e+03 1.895431e+02 9.891197e-01 9.891197e-03 9.891197e-04
1.300000e+01 2.800000e+03 1.768911e+02 9.891197e-01 9.891197e-03 9.891197e-04
1.400000e+01 3.000000e+03 1.650836e+02 9.891197e-01 9.891197e-03 9.891197e-04
1.500000e+01 3.200000e+03 1.540643e+02 9.891197e-01 9.891197e-03 9.891197e-04
1.600000e+01 3.400000e+03 1.437805e+02 9.891197e-01 9.891197e-03 9.891197e-04
1.700000e+01 3.600000e+03 1.341831e+02 9.891197e-01 9.891197e-03 9.891197e-04
1.800000e+01 3.800000e+03 1.252264e+02 9.891197e-01 9.891197e-03 9.891197e-04
1.900000e+01 4.000000e+03 1.168676e+02 9.891197e-01 9.891197e-03 9.891197e-04
2.000000e+01 4.200000e+03 1.090667e+02 9.891197e-01 9.891197e-03 9.891197e-04
2.100000e+01 4.400000e+03 1.017865e+02 9.891197e-01 9.891197e-03 9.891197e-04
2.200000e+01 4.600000e+03 9.499225e+01 9.891197e-01 9.891197e-03 9.891197e-04
2.300000e+01 4.800000e+03 8.865154e+01 9.891197e-01 9.891197e-03 9.891197e-04
2.400000e+01 5.000000e+03 8.273404e+01 9.891197e-01 9.891197e-03 9.891197e-04
2.500000e+01 5.200000e+03 7.721153e+01 9.891197e-01 9.891197e-03 9.891197e-04
2.600000e+01 5.400000e+03 7.205766e+01 9.891197e-01 9.891197e-03 9.891197e-04
2.700000e+01 5.600000e+03 6.724782e+01 9.891197e-01 9.891197e-03 9.891197e-04
2.800000e+01 5.800000e+03 6.275902e+01 9.891197e-01 9.891197e-03 9.891197e-04
2.900000e+01 6.000000e+03 5.856986e+01 9.891197e-01 9.891197e-03 9.891197e-04
3.000000e+01 6.200000e+03 5.466032e+01 9.891197e-01 9.891197e-03 9.891197e-04
3.100000e+01 6.400000e+03 5.101175e+01 9.891197e-01 9.891197e-03 9.891197e-04
3.200000e+01 6.600000e+03 4.760672e+01 9.891197e-01 9.891197e-03 9.891197e-04
3.300000e+01 6.800000e+03 4.442897e+01 9.891197e-01 9.891197e-03 9.891197e-04
3.400000e+01 7.000000e+03 4.146334e+01 9.891197e-01 9.891197e-03 9.891197e-04
3.500000e+01 7.200000e+03 3.869566e+01 9.796007e-01 9.796007e-03 9.796007e-04
3.600000e+01 7.400000e+03 3.611273e+01 9.637867e-01 9.637867e-03 9.637867e-04
3.700000e+01 7.600000e+03 3.370220e+01 9.413405e-01 9.413405e-03 9.413405e-04
3.800000e+01 7.800000e+03 3.145258e+01 9.102688e-01 9.102688e-03 9.102688e-04
3.900000e+01 8.000000e+03 2.935312e+01 8.685883e-01 8.685883e-03 8.685883e-04
4.000000e+01 8.200000e+03 2.739380e+01 8.148051e-01 8.148051e-03 8.148051e-04
4.100000e+01 8.400000e+03 2.556526e+01 7.485680e-01 7.485680e-03 7.485680e-04
4.200000e+01 8.600000e+03 2.385878e+01 6.712825e-01 6.712825e-03 6.712825e-04
4.300000e+01 8.800000e+03 2.226622e+01 5.863300e-01 5.863300e-03 5.863300e-04
4.400000e+01 9.000000e+03 2.077994e+01 4.986005e-01 4.986005e-03 4.986005e-04
4.500000e+01 9.200000e+03 1.939288e+01 4.134069e-01 4.134069e-03 4.134069e-04
4.600000e+01 9.400000e+03 1.809841e+01 3.352577e-01 3.352577e-03 3.352577e-04
4.700000e+01 9.600000e+03 1.689034e+01 2.670452e-01 2.670452e-03 2.670452e-04
4.800000e+01 9.800000e+03 1.576291e+01 2.098917e-01 2.098917e-03 2.098917e-04
4.900000e+01 1.000000e+04 1.471073e+01 1.635061e-01 1.635061e-03 1.635061e-04
5.000000e+01 1.020000e+04 1.372880e+01 1.267344e-01 1.267344e-03 1.267344e-04
5.100000e+01 1.040000e+04 1.281240e+01 9.805657e-02 9.805657e-04 9.805657e-05
5.200000e+01 1.060000e+04 1.195717e+01 7.592485e-02 7.592485e-04 7.592485e-05
5.300000e+01 1.080000e+04 1.115903e+01 5.894634e-02 5.894634e-04 5.894634e-05
5.400000e+01 1.100000e+04 1.041417e+01 4.595342e-02 4.595342e-04 4.595342e-05
5.500000e+01 1.120000e+04 9.719024e+00 3.600945e-02 3.600945e-04 3.600945e-05
5.600000e+01 1.140000e+04 9.070273e+00 2.838375e-02 2.838375e-04 2.838375e-05
5.700000e+01 1.160000e+04 8.464833e+00 2.251611e-02 2.251611e-04 2.251611e-05
5.800000e+01 1.180000e+04 7.899809e+00 1.798159e-02 1.798159e-04 1.798159e-05
5.900000e+01 1.200000e+04 7.372496e+00 1.445968e-02 1.445968e-04 1.445968e-05
6.000000e+01 1.220000e+04 6.880382e+00 1.170921e-02 1.170921e-04 1.170921e-05
6.100000e+01 1.240000e+04 6.421116e+00 9.548750e-03 9.548750e-05 9.548750e-06
6.200000e+01 1.260000e+04 5.992507e+00 7.841588e-03 7.841588e-05 7.841588e-06
6.300000e+01 1.280000e+04 5.592508e+00 6.484421e-03 6.484421e-05 6.484421e-06
6.400000e+01 1.300000e+04 5.219208e+00 5.398913e-03 5.398913e-05 5.398913e-06
6.500000e+01 1.320000e+04 4.870825e+00 4.525410e-03 4.525410e-05 4.525410e-06
6.600000e+01 1.340000e+04 4.545698e+00 3.818276e-03 3.818276e-05 3.818276e-06
6.700000e+01 1.360000e+04 4.242273e+00 3.242430e-03 3.242430e-05 3.242431e-06
6.800000e+01 1.380000e+04 3.959101e+00 2.770766e-03 2.770766e-05 2.770851e-06
6.900000e+01 1.400000e+04 3.694831e+00 2.382235e-03 2.382236e-05 2.387378e-06
7.000000e+01 1.420000e+04 3.448202e+00 2.060403e-03 2.060420e-05 2.225445e-06
7.100000e+01 1.440000e+04 3.218034e+00 1.792376e-03 1.792673e-05 4.767559e-06
7.200000e+01 1.460000e+04 3.003230e+00 1.567981e-03 1.571177e-05 3.360239e-05
7.300000e+01 1.480000e+04 2.802765e+00 1.379154e-03 1.400930e-05 2.196562e-04
7.400000e+01 1.500000e+04 2.615680e+00 1.219468e-03 1.318649e-05 9.953786e-04
7.500000e+01 1.520000e+04 2.441084e+00 1.083777e-03 1.401929e-05 3.190139e-03
7.600000e+01 1.540000e+04 2.278142e+00 9.679401e-04 1.723948e-05 7.578953e-03
7.700000e+01 1.560000e+04 2.126076e+00 8.686066e-04 2.266646e-05 1.401438e-02
7.800000e+01 1.580000e+04 1.984160e+00 7.830560e-04 2.894797e-05 2.116821e-02
7.900000e+01 1.600000e+04 1.851718e+00 7.090672e-04 3.440075e-05 2.737547e-02
8.000000e+01 1.620000e+04 1.728116e+00 6.448193e-04 3.804870e-05 3.167600e-02
8.100000e+01 1.640000e+04 1.612764e+00 5.888130e-04 3.988186e-05 3.407483e-02
8.200000e+01 1.660000e+04 1.505112e+00 5.398082e-04 4.042638e-05 3.511180e-02
8.300000e+01 1.680000e+04 1.404645e+00 4.967753e-04 4.025167e-05 3.536798e-02
8.400000e+01 1.700000e+04 1.310886e+00 4.588557e-04 3.974680e-05 3.524198e-02
8.500000e+01 1.720000e+04 1.223384e+00 4.253307e-04 3.911683e-05 3.494652e-02
8.600000e+01 1.740000e+04 1.141723e+00 3.955963e-04 3.845192e-05 3.457805e-02
8.700000e+01 1.760000e+04 1.065513e+00 3.691431e-04 3.778683e-05 3.417652e-02
8.800000e+01 1.780000e+04 9.943902e-01 3.455397e-04 3.713389e-05 3.375860e-02
8.900000e+01 1.800000e+04 9.280149e-01 3.244199e-04 3.649742e-05 3.333230e-02
9.000000e+01 1.820000e+04 8.660696e-01 3.054714e-04 3.587911e-05 3.290244e-02
9.100000e+01 1.840000e+04 8.082596e-01 2.884268e-04 3.527977e-05 3.247252e-02
9.200000e+01 1.860000e+04 7.543083e-01 2.730570e-04 3.469990e-05 3.204532e-02
9.300000e+01 1.880000e+04 7.039583e-01 2.591646e-04 3.413979e-05 3.162313e-02
9.400000e+01 1.900000e+04 6.569691e-01 2.465792e-04 3.359963e-05 3.120782e-02
9.500000e+01 1.920000e+04 6.131164e-01 2.351531e-04 3.307945e-05 3.080093e-02
9.600000e+01 1.940000e+04 5.721909e-01 2.247581e-04 3.257920e-05 3.040368e-02
9.700000e+01 1.960000e+04 5.339972e-01 2.152825e-04 3.209871e-05 3.001702e-02
9.800000e+01 1.980000e+04 4.983529e-01 2.066287e-04 3.163773e-05 2.964169e-02
9.900000e+01 2.000000e+04 4.650878e-01 1.987113e-04 3.119596e-05 2.927823e-02
1.000000e+02 2.020000e+04 4.340432e-01 1.914551e-04 3.077301e-05 2.892700e-02
1.010000e+02 2.040000e+04 4.050709e-01 1.847941e-04 3.036843e-05 2.858823e-02
1.020000e+02 2.060000e+04 3.780324e-01 1.786700e-04 2.998176e-05 2.826202e-02
1.030000e+02 2.080000e+04 3.527988e-01 1.730311e-04 2.961248e-05 2.794838e-02
1.040000e+02 2.100000e+04 3.292494e-01 1.678316e-04 2.926006e-05 2.764724e-02
1.050000e+02 2.120000e+04 3.072720e-01 1.630310e-04 2.892394e-05 2.735844e-02
1.060000e+02 2.140000e+04 2.867617e-01 1.585929e-04 2.860355e-05 2.708177e-02
1.070000e+02 2.160000e+04 2.676203e-01 1.544849e-04 2.829833e-05 2.681700e-02
1.080000e+02 2.180000e+04 2.497567e-01 1.506783e-04 2.800770e-05 2.656383e-02
1.090000e+02 2.200000e+04 2.330854e-01 1.471469e-04 2.773108e-05 2.632196e-02
1.100000e+02 2.220000e+04 2.175270e-01 1.438674e-04 2.746792e-05 2.609104e-02
1.110000e+02 2.240000e+04 2.030071e-01 1.408190e-04 2.721765e-05 2.587073e-02
1.120000e+02 2.260000e+04 1.894563e-01 1.379827e-04 2.697972e-05 2.566067e-02
1.130000e+02 2.280000e+04 1.768101e-01 1.353413e-04 2.675361e-05 2.546049e-02
1.140000e+02 2.300000e+04 1.650081e-01 1.328794e-04 2.653879e-05 2.526984e-02
1.150000e+02 2.320000e+04 1.539938e-01 1.305830e-04 2.633475e-05 2.508833e-02
1.160000e+02 2.340000e+04 1.437147e-01 1.284394e-04 2.614100e-05 2.491561e-02
1.170000e+02 2.360000e+04 1.341217e-01 1.264369e-04 2.595707e-05 2.475132e-02
1.180000e+02 2.380000e+04 1.251691e-01 1.245651e-04 2.578251e-05 2.459510e-02
1.190000e+02 2.400000e+04 1.168141e-01 1.228142e-04 2.561686e-05 2.444660e-02
1.200000e+02 2.420000e+04 1.090168e-01 1.211754e-04 2.545970e-05 2.430550e-02
1.210000e+02 2.440000e+04 1.017399e-01 1.196408e-04 2.531063e-05 2.417146e-02
1.220000e+02 2.460000e+04 9.494876e-02 1.182030e-04 2.516925e-05 2.404416e-02
1.230000e+02 2.480000e+04 8.861089e-02 1.168550e-04 2.503520e-05 2.392329e-02
1.240000e+02 2.500000e+04 8.269614e-02 1.155908e-04 2.490811e-05 2.380857e-02
1.250000e+02 2.520000e+04 7.717618e-02 1.144046e-04 2.478763e-05 2.369970e-02
1.260000e+02 2.540000e+04 7.202467e-02 1.132911e-04 2.467344e-05 2.359640e-02
1.270000e+02 2.560000e+04 6.721702e-02 1.122455e-04 2.456523e-05 2.349841e-02
1.280000e+02 2.580000e+04 6.273029e-02 1.112631e-04 2.446269e-05 2.340548e-02
1.290000e+02 2.600000e+04 5.854305e-02 1.103400e-04 2.436555e-05 2.331736e-02
1.300000e+02 2.620000e+04 5.463530e-02 1.094722e-04 2.427352e-05 2.323381e-02
1.310000e+02 2.640000e+04 5.098839e-02 1.086562e-04 2.418635e-05 2.315461e-02
1.320000e+02 2.660000e+04 4.758492e-02 1.078886e-04 2.410380e-05 2.307955e-02
1.330000e+02 2.680000e+04 4.440863e-02 1.071664e-04 2.402561e-05 2.300842e-02
1.340000e+02 2.700000e+04 4.144435e-02 1.064867e-04 2.395158e-05 2.294103e-02
1.350000e+02 2.720000e+04 3.867794e-02 1.058469e-04 2.388149e-05 2.287719e-02
1.360000e+02 2.740000e+04 3.609619e-02 1.052445e-04 2.381514e-05 2.281671e-02
1.370000e+02 2.760000e+04 3.368677e-02 1.046773e-04 2.375232e-05 2.275943e-02
1.380000e+02 2.780000e+04 3.143818e-02 1.041429e-04 2.369287e-05 2.270519e-02
1.390000e+02 2.800000e+04 2.933969e-02 1.036395e-04 2.363660e-05 2.265384e-02
1.400000e+02 2.820000e+04 2.738126e-02 1.031653e-04 2.358335e-05 2.260521e-02
1.410000e+02 2.840000e+04 2.555356e-02 1.027183e-04 2.353296e-05 2.255918e-02
1.420000e+02 2.860000e+04 2.384786e-02 1.022970e-04 2.348528e-05 2.251562e-02
1.430000e+02 2.880000e+04 2.225602e-02 1.019000e-04 2.344017e-05 2.247438e-02
1.440000e+02 2.900000e+04 2.077043e-02 1.015256e-04 2.339750e-05 2.243536e-02
1.450000e+02 2.920000e+04 1.938400e-02 1.011727e-04 2.335714e-05 2.239844e-02
1.460000e+02 2.940000e+04 1.809012e-02 1.008399e-04 2.331896e-05 2.236350e-02
1.470000e+02 2.960000e+04 1.688260e-02 1.005261e-04 2.328285e-05 2.233045e-02
1.480000e+02 2.980000e+04 1.575569e-02 1.002301e-04 2.324870e-05 2.229919e-02
1.490000e+02 3.000000e+04 1.470400e-02 9.995095e-05 2.321640e-05 2.226961e-02