0.000231481 day
# index velocity (km/s) density (g/cm^3) 56ni_mass_fraction 52fe_mass_fraction 48cr_mass_fraction
0.000000e+00 2.000000e+02 4.895092e+02 9.891197e-01 9.891197e-03 9.891197e-04
1.000000e+00 4.000000e+02 4.568345e+02 9.891197e-01 9.891197e-03 9.891197e-04
2.000000e+00 6.000000e+02 4.263408e+02 9.891197e-01 9.891197e-03 9.891197e-04
3.000000e+00 8.000000e+02 3.978826e+02 9.891197e-01 9.891197e-03 9.891197e-04
4.000000e+00 1.000000e+03 3.713239e+02 9.891197e-01 9.891197e-03 9.891197e-04
5.000000e+00 1.200000e+03 3.465381e+02 9.891197e-01 9.891197e-03 9.891197e-04
6.000000e+00 1.400000e+03 3.234066e+02 9.891197e-01 9.891197e-03 9.891197e-04
7.000000e+00 1.600000e+03 3.018192e+02 9.891197e-01 9.891197e-03 9.891197e-04
8.000000e+00 1.800000e+03 2.816728e+02 9.891197e-01 9.891197e-03 9.891197e-04
9.000000e+00 2.000000e+03 2.628712e+02 9.891197e-01 9.891197e-03 9.891197e-04
1.000000e+01 2.200000e+03 2.453245e+02 9.891197e-01 9.891197e-03 9.891197e-04
1.100000e+01 2.400000e+03 2.289491e+02 9.891197e-01 9.891197e-03 9.891197e-04
1.200000e+01 2.600000e+03 2.136668e+02 9.891197e-01 9.891197e-03 9.891197e-04
1.300000e+01 2.800000e+03 1.994046e+02 9.891197e-01 9.891197e-03 9.891197e-04
1.400000e+01 3.000000e+03 1.860943e+02 9.891197e-01 9.891197e-03 9.891197e-04
1.500000e+01 3.200000e+03 1.736725e+02 9.891197e-01 9.891197e-03 9.891197e-04
1.600000e+01 3.400000e+03 1.620799e+02 9.891197e-01 9.891197e-03 9.891197e-04
1.700000e+01 3.600000e+03 1.512610e+02 9.891197e-01 9.891197e-03 9.891197e-04
1.800000e+01 3.800000e+03 1.411643e+02 9.891197e-01 9.891197e-03 9.891197e-04
1.900000e+01 4.000000e+03 1.317416e+02 9.891197e-01 9.891197e-03 9.891197e-04
2.000000e+01 4.200000e+03 1.229479e+02 9.891197e-01 9.891197e-03 9.891197e-04
2.100000e+01 4.400000e+03 1.147411e+02 9.891197e-01 9.891197e-03 9.891197e-04
2.200000e+01 4.600000e+03 1.070822e+02 9.891197e-01 9.891197e-03 9.891197e-04
2.300000e+01 4.800000e+03 9.993447e+01 9.891197e-01 9.891197e-03 9.891197e-04
2.400000e+01 5.000000e+03 9.326383e+01 9.891197e-01 9.891197e-03 9.891197e-04
2.500000e+01 5.200000e+03 8.703845e+01 9.891197e-01 9.891197e-03 9.891197e-04
2.600000e+01 5.400000e+03 8.122863e+01 9.891197e-01 9.891197e-03 9.891197e-04
2.700000e+01 5.600000e+03 7.580663e+01 9.891197e-01 9.891197e-03 9.891197e-04
2.800000e+01 5.800000e+03 7.074654e+01 9.891197e-01 9.891197e-03 9.891197e-04
2.900000e+01 6.000000e+03 6.602421e+01 9.891197e-01 9.891197e-03 9.891197e-04
3.000000e+01 6.200000e+03 6.161709e+01 9.891197e-01 9.891197e-03 9.891197e-04
3.100000e+01 6.400000e+03 5.750416e+01 9.891197e-01 9.891197e-03 9.891197e-04
3.200000e+01 6.600000e+03 5.366575e+01 9.891197e-01 9.891197e-03 9.891197e-04
3.300000e+01 6.800000e+03 5.008356e+01 9.891197e-01 9.891197e-03 9.891197e-04
3.400000e+01 7.000000e+03 4.674049e+01 9.891197e-01 9.891197e-03 9.891197e-04
3.500000e+01 7.200000e+03 4.362056e+01 9.891197e-01 9.891197e-03 9.891197e-04
3.600000e+01 7.400000e+03 4.070889e+01 9.891197e-01 9.891197e-03 9.891197e-04
3.700000e+01 7.600000e+03 3.799157e+01 9.891197e-01 9.891197e-03 9.891197e-04
3.800000e+01 7.800000e+03 3.545564e+01 9.891197e-01 9.891197e-03 9.891197e-04
3.900000e+01 8.000000e+03 3.308898e+01 9.891197e-01 9.891197e-03 9.891197e-04
4.000000e+01 8.200000e+03 3.088029e+01 9.891197e-01 9.891197e-03 9.891197e-04
4.100000e+01 8.400000e+03 2.881902e+01 9.891197e-01 9.891197e-03 9.891197e-04
4.200000e+01 8.600000e+03 2.689535e+01 9.891197e-01 9.891197e-03 9.891197e-04
4.300000e+01 8.800000e+03 2.510010e+01 9.891197e-01 9.891197e-03 9.891197e-04
4.400000e+01 9.000000e+03 2.342466e+01 9.891197e-01 9.891197e-03 9.891197e-04
4.500000e+01 9.200000e+03 2.186107e+01 9.891197e-01 9.891197e-03 9.891197e-04
4.600000e+01 9.400000e+03 2.040184e+01 9.891197e-01 9.891197e-03 9.891197e-04
4.700000e+01 9.600000e+03 1.904002e+01 9.891197e-01 9.891197e-03 9.891197e-04
4.800000e+01 9.800000e+03 1.776910e+01 9.891197e-01 9.891197e-03 9.891197e-04
4.900000e+01 1.000000e+04 1.658301e+01 9.891197e-01 9.891197e-03 9.891197e-04
5.000000e+01 1.020000e+04 1.547610e+01 9.891197e-01 9.891197e-03 9.891197e-04
5.100000e+01 1.040000e+04 1.444307e+01 9.853231e-01 9.853231e-03 9.853231e-04
5.200000e+01 1.060000e+04 1.347899e+01 9.782238e-01 9.782238e-03 9.782238e-04
5.300000e+01 1.080000e+04 1.257927e+01 9.689969e-01 9.689969e-03 9.689969e-04
5.400000e+01 1.100000e+04 1.173961e+01 9.571878e-01 9.571878e-03 9.571878e-04
5.500000e+01 1.120000e+04 1.095599e+01 9.423201e-01 9.423201e-03 9.423201e-04
5.600000e+01 1.140000e+04 1.022467e+01 9.239275e-01 9.239275e-03 9.239275e-04
5.700000e+01 1.160000e+04 9.542175e+00 9.015968e-01 9.015968e-03 9.015968e-04
5.800000e+01 1.180000e+04 8.905239e+00 8.750214e-01 8.750214e-03 8.750214e-04
5.900000e+01 1.200000e+04 8.310813e+00 8.440567e-01 8.440567e-03 8.440567e-04
6.000000e+01 1.220000e+04 7.756067e+00 8.087697e-01 8.087697e-03 8.087697e-04
6.100000e+01 1.240000e+04 7.238349e+00 7.694713e-01 7.694713e-03 7.694713e-04
6.200000e+01 1.260000e+04 6.755190e+00 7.267207e-01 7.267207e-03 7.267207e-04
6.300000e+01 1.280000e+04 6.304281e+00 6.812967e-01 6.812967e-03 6.812967e-04
6.400000e+01 1.300000e+04 5.883470e+00 6.341372e-01 6.341372e-03 6.341372e-04
6.500000e+01 1.320000e+04 5.490749e+00 5.862579e-01 5.862579e-03 5.862579e-04
6.600000e+01 1.340000e+04 5.124242e+00 5.386627e-01 5.386627e-03 5.386627e-04
6.700000e+01 1.360000e+04 4.782199e+00 4.922643e-01 4.922643e-03 4.922643e-04
6.800000e+01 1.380000e+04 4.462987e+00 4.478249e-01 4.478249e-03 4.478249e-04
6.900000e+01 1.400000e+04 4.165083e+00 4.059235e-01 4.059235e-03 4.059235e-04
7.000000e+01 1.420000e+04 3.887064e+00 3.669496e-01 3.669496e-03 3.669496e-04
7.100000e+01 1.440000e+04 3.627602e+00 3.311162e-01 3.311162e-03 3.311162e-04
7.200000e+01 1.460000e+04 3.385460e+00 2.984870e-01 2.984870e-03 2.984870e-04
7.300000e+01 1.480000e+04 3.159481e+00 2.690085e-01 2.690085e-03 2.690085e-04
7.400000e+01 1.500000e+04 2.948585e+00 2.425424e-01 2.425424e-03 2.425424e-04
7.500000e+01 1.520000e+04 2.751767e+00 2.188952e-01 2.188952e-03 2.188952e-04
7.600000e+01 1.540000e+04 2.568087e+00 1.978420e-01 1.978420e-03 1.978420e-04
7.700000e+01 1.560000e+04 2.396668e+00 1.791452e-01 1.791452e-03 1.791452e-04
7.800000e+01 1.580000e+04 2.236690e+00 1.625675e-01 1.625675e-03 1.625675e-04
7.900000e+01 1.600000e+04 2.087391e+00 1.478810e-01 1.478810e-03 1.478810e-04
8.000000e+01 1.620000e+04 1.948058e+00 1.348726e-01 1.348726e-03 1.348726e-04
8.100000e+01 1.640000e+04 1.818025e+00 1.233470e-01 1.233470e-03 1.233470e-04
8.200000e+01 1.660000e+04 1.696671e+00 1.131277e-01 1.131277e-03 1.131277e-04
8.300000e+01 1.680000e+04 1.583419e+00 1.040570e-01 1.040570e-03 1.040570e-04
8.400000e+01 1.700000e+04 1.477726e+00 9.599512e-02 9.599512e-04 9.599512e-05
8.500000e+01 1.720000e+04 1.379087e+00 8.881884e-02 8.881884e-04 8.881884e-05
8.600000e+01 1.740000e+04 1.287033e+00 8.242006e-02 8.242006e-04 8.242006e-05
8.700000e+01 1.760000e+04 1.201124e+00 7.670426e-02 7.670426e-04 7.670426e-05
8.800000e+01 1.780000e+04 1.120949e+00 7.158889e-02 7.158889e-04 7.158889e-05
8.900000e+01 1.800000e+04 1.046126e+00 6.700201e-02 6.700208e-04 6.700254e-05
9.000000e+01 1.820000e+04 9.762967e-01 6.288093e-02 6.288832e-04 6.293110e-05
9.100000e+01 1.840000e+04 9.111290e-01 5.917126e-02 5.948434e-04 6.129811e-05
9.200000e+01 1.860000e+04 8.503112e-01 5.582961e-02 6.236348e-04 1.002165e-04
9.300000e+01 1.880000e+04 7.935530e-01 5.285560e-02 1.261559e-03 5.508099e-04
9.400000e+01 1.900000e+04 7.405833e-01 5.042303e-02 5.299679e-03 3.308140e-03
9.500000e+01 1.920000e+04 6.911494e-01 4.906441e-02 2.023580e-02 1.346264e-02
9.600000e+01 1.940000e+04 6.450151e-01 4.946201e-02 5.550542e-02 3.742023e-02
9.700000e+01 1.960000e+04 6.019605e-01 5.163759e-02 1.117208e-01 7.559670e-02
9.800000e+01 1.980000e+04 5.617796e-01 5.453538e-02 1.751342e-01 1.186589e-01
9.900000e+01 2.000000e+04 5.242808e-01 5.679119e-02 2.278653e-01 1.544679e-01
1.000000e+02 2.020000e+04 4.892851e-01 5.773257e-02 2.611969e-01 1.771058e-01
1.010000e+02 2.040000e+04 4.566254e-01 5.750856e-02 2.773037e-01 1.880490e-01
1.020000e+02 2.060000e+04 4.261456e-01 5.659600e-02 2.826943e-01 1.917163e-01
1.030000e+02 2.080000e+04 3.977004e-01 5.539384e-02 2.828224e-01 1.918103e-01
1.040000e+02 2.100000e+04 3.711539e-01 5.412066e-02 2.807281e-01 1.903949e-01
1.050000e+02 2.120000e+04 3.463794e-01 5.286761e-02 2.777422e-01 1.883738e-01
1.060000e+02 2.140000e+04 3.232586e-01 5.166485e-02 2.743726e-01 1.860916e-01
1.070000e+02 2.160000e+04 3.016811e-01 5.051963e-02 2.708111e-01 1.836788e-01
1.080000e+02 2.180000e+04 2.815439e-01 4.943204e-02 2.671439e-01 1.811939e-01
1.090000e+02 2.200000e+04 2.627508e-01 4.840019e-02 2.634226e-01 1.786718e-01
1.100000e+02 2.220000e+04 2.452122e-01 4.742179e-02 2.596849e-01 1.761383e-01
1.110000e+02 2.240000e+04 2.288443e-01 4.649447e-02 2.559612e-01 1.736141e-01
1.120000e+02 2.260000e+04 2.135689e-01 4.561592e-02 2.522763e-01 1.711159e-01
1.130000e+02 2.280000e+04 1.993133e-01 4.478389e-02 2.486503e-01 1.686575e-01
1.140000e+02 2.300000e+04 1.860091e-01 4.399619e-02 2.450994e-01 1.662497e-01
1.150000e+02 2.320000e+04 1.735930e-01 4.325069e-02 2.416362e-01 1.639014e-01
1.160000e+02 2.340000e+04 1.620057e-01 4.254532e-02 2.382705e-01 1.616190e-01
1.170000e+02 2.360000e+04 1.511918e-01 4.187811e-02 2.350096e-01 1.594077e-01
1.180000e+02 2.380000e+04 1.410997e-01 4.124713e-02 2.318588e-01 1.572708e-01
1.190000e+02 2.400000e+04 1.316814e-01 4.065054e-02 2.288213e-01 1.552109e-01
1.200000e+02 2.420000e+04 1.228916e-01 4.008656e-02 2.258992e-01 1.532290e-01
1.210000e+02 2.440000e+04 1.146886e-01 3.955349e-02 2.230931e-01 1.513259e-01
1.220000e+02 2.460000e+04 1.070331e-01 3.904971e-02 2.204028e-01 1.495011e-01
1.230000e+02 2.480000e+04 9.988864e-02 3.857366e-02 2.178271e-01 1.477541e-01
1.240000e+02 2.500000e+04 9.322110e-02 3.812387e-02 2.153642e-01 1.460836e-01
1.250000e+02 2.520000e+04 8.699860e-02 3.769890e-02 2.130118e-01 1.444880e-01
1.260000e+02 2.540000e+04 8.119144e-02 3.729744e-02 2.107672e-01 1.429655e-01
1.270000e+02 2.560000e+04 7.577192e-02 3.691819e-02 2.086274e-01 1.415140e-01
1.280000e+02 2.580000e+04 7.071415e-02 3.655994e-02 2.065891e-01 1.401314e-01
1.290000e+02 2.600000e+04 6.599398e-02 3.622155e-02 2.046488e-01 1.388153e-01
1.300000e+02 2.620000e+04 6.158888e-02 3.590192e-02 2.028031e-01 1.375632e-01
1.310000e+02 2.640000e+04 5.747782e-02 3.560003e-02 2.010483e-01 1.363729e-01
1.320000e+02 2.660000e+04 5.364118e-02 3.531489e-02 1.993808e-01 1.352418e-01
1.330000e+02 2.680000e+04 5.006063e-02 3.504557e-02 1.977971e-01 1.341675e-01
1.340000e+02 2.700000e+04 4.671909e-02 3.479121e-02 1.962936e-01 1.331476e-01
1.350000e+02 2.720000e+04 4.360059e-02 3.455097e-02 1.948668e-01 1.321797e-01
1.360000e+02 2.740000e+04 4.069025e-02 3.432407e-02 1.935132e-01 1.312615e-01
1.370000e+02 2.760000e+04 3.797418e-02 3.410977e-02 1.922296e-01 1.303907e-01
1.380000e+02 2.780000e+04 3.543941e-02 3.390738e-02 1.910126e-01 1.295651e-01
1.390000e+02 2.800000e+04 3.307383e-02 3.371623e-02 1.898591e-01 1.287826e-01
1.400000e+02 2.820000e+04 3.086615e-02 3.353570e-02 1.887661e-01 1.280412e-01
1.410000e+02 2.840000e+04 2.880583e-02 3.336520e-02 1.877306e-01 1.273387e-01
1.420000e+02 2.860000e+04 2.688304e-02 3.320417e-02 1.867499e-01 1.266734e-01
1.430000e+02 2.880000e+04 2.508860e-02 3.305208e-02 1.858212e-01 1.260434e-01
1.440000e+02 2.900000e+04 2.341394e-02 3.290846e-02 1.849419e-01 1.254469e-01
1.450000e+02 2.920000e+04 2.185106e-02 3.277281e-02 1.841096e-01 1.248822e-01
1.460000e+02 2.940000e+04 2.039250e-02 3.264470e-02 1.833218e-01 1.243478e-01
1.470000e+02 2.960000e+04 1.903130e-02 3.252372e-02 1.825763e-01 1.238421e-01
1.480000e+02 2.980000e+04 1.776096e-02 3.240946e-02 1.818709e-01 1.233636e-01
1.490000e+02 3.000000e+04 1.657542e-02 3.230156e-02 1.812036e-01 1.229109e-01