0.000231481 day
# index velocity (km/s) density (g/cm^3) 56ni_mass_fraction 52fe_mass_fraction 48cr_mass_fraction
0.000000e+00 2.000000e+02 4.618756e+02 9.891197e-01 9.891197e-03 9.891197e-04
1.000000e+00 4.000000e+02 4.310454e+02 9.891197e-01 9.891197e-03 9.891197e-04
2.000000e+00 6.000000e+02 4.022731e+02 9.891197e-01 9.891197e-03 9.891197e-04
3.000000e+00 8.000000e+02 3.754215e+02 9.891197e-01 9.891197e-03 9.891197e-04
4.000000e+00 1.000000e+03 3.503621e+02 9.891197e-01 9.891197e-03 9.891197e-04
5.000000e+00 1.200000e+03 3.269754e+02 9.891197e-01 9.891197e-03 9.891197e-04
6.000000e+00 1.400000e+03 3.051498e+02 9.891197e-01 9.891197e-03 9.891197e-04
7.000000e+00 1.600000e+03 2.847811e+02 9.891197e-01 9.891197e-03 9.891197e-04
8.000000e+00 1.800000e+03 2.657720e+02 9.891197e-01 9.891197e-03 9.891197e-04
9.000000e+00 2.000000e+03 2.480317e+02 9.891197e-01 9.891197e-03 9.891197e-04
1.000000e+01 2.200000e+03 2.314756e+02 9.891197e-01 9.891197e-03 9.891197e-04
1.100000e+01 2.400000e+03 2.160246e+02 9.891197e-01 9.891197e-03 9.891197e-04
1.200000e+01 2.600000e+03 2.016050e+02 9.891197e-01 9.891197e-03 9.891197e-04
1.300000e+01 2.800000e+03 1.881478e+02 9.891197e-01 9.891197e-03 9.891197e-04
1.400000e+01 3.000000e+03 1.755890e+02 9.891197e-01 9.891197e-03 9.891197e-04
1.500000e+01 3.200000e+03 1.638684e+02 9.891197e-01 9.891197e-03 9.891197e-04
1.600000e+01 3.400000e+03 1.529302e+02 9.891197e-01 9.891197e-03 9.891197e-04
1.700000e+01 3.600000e+03 1.427221e+02 9.891197e-01 9.891197e-03 9.891197e-04
1.800000e+01 3.800000e+03 1.331954e+02 9.891197e-01 9.891197e-03 9.891197e-04
1.900000e+01 4.000000e+03 1.243046e+02 9.891197e-01 9.891197e-03 9.891197e-04
2.000000e+01 4.200000e+03 1.160073e+02 9.891197e-01 9.891197e-03 9.891197e-04
2.100000e+01 4.400000e+03 1.082638e+02 9.891197e-01 9.891197e-03 9.891197e-04
2.200000e+01 4.600000e+03 1.010372e+02 9.891197e-01 9.891197e-03 9.891197e-04
2.300000e+01 4.800000e+03 9.429301e+01 9.891197e-01 9.891197e-03 9.891197e-04
2.400000e+01 5.000000e+03 8.799893e+01 9.891197e-01 9.891197e-03 9.891197e-04
2.500000e+01 5.200000e+03 8.212499e+01 9.891197e-01 9.891197e-03 9.891197e-04
2.600000e+01 5.400000e+03 7.664315e+01 9.891197e-01 9.891197e-03 9.891197e-04
2.700000e+01 5.600000e+03 7.152722e+01 9.891197e-01 9.891197e-03 9.891197e-04
2.800000e+01 5.800000e+03 6.675278e+01 9.891197e-01 9.891197e-03 9.891197e-04
2.900000e+01 6.000000e+03 6.229703e+01 9.891197e-01 9.891197e-03 9.891197e-04
3.000000e+01 6.200000e+03 5.813871e+01 9.891197e-01 9.891197e-03 9.891197e-04
3.100000e+01 6.400000e+03 5.425795e+01 9.891197e-01 9.891197e-03 9.891197e-04
3.200000e+01 6.600000e+03 5.063624e+01 9.891197e-01 9.891197e-03 9.891197e-04
3.300000e+01 6.800000e+03 4.725627e+01 9.891197e-01 9.891197e-03 9.891197e-04
3.400000e+01 7.000000e+03 4.410191e+01 9.891197e-01 9.891197e-03 9.891197e-04
3.500000e+01 7.200000e+03 4.115811e+01 9.891197e-01 9.891197e-03 9.891197e-04
3.600000e+01 7.400000e+03 3.841081e+01 9.891197e-01 9.891197e-03 9.891197e-04
3.700000e+01 7.600000e+03 3.584689e+01 9.891197e-01 9.891197e-03 9.891197e-04
3.800000e+01 7.800000e+03 3.345411e+01 9.891197e-01 9.891197e-03 9.891197e-04
3.900000e+01 8.000000e+03 3.122105e+01 9.891197e-01 9.891197e-03 9.891197e-04
4.000000e+01 8.200000e+03 2.913704e+01 9.891197e-01 9.891197e-03 9.891197e-04
4.100000e+01 8.400000e+03 2.719214e+01 9.891197e-01 9.891197e-03 9.891197e-04
4.200000e+01 8.600000e+03 2.537707e+01 9.884473e-01 9.884473e-03 9.884473e-04
4.300000e+01 8.800000e+03 2.368316e+01 9.797535e-01 9.797535e-03 9.797535e-04
4.400000e+01 9.000000e+03 2.210230e+01 9.676517e-01 9.676517e-03 9.676517e-04
4.500000e+01 9.200000e+03 2.062697e+01 9.511126e-01 9.511126e-03 9.511126e-04
4.600000e+01 9.400000e+03 1.925012e+01 9.289829e-01 9.289829e-03 9.289829e-04
4.700000e+01 9.600000e+03 1.796518e+01 9.000889e-01 9.000889e-03 9.000889e-04
4.800000e+01 9.800000e+03 1.676601e+01 8.634126e-01 8.634126e-03 8.634126e-04
4.900000e+01 1.000000e+04 1.564687e+01 8.183325e-01 8.183325e-03 8.183325e-04
5.000000e+01 1.020000e+04 1.460245e+01 7.648865e-01 7.648865e-03 7.648865e-04
5.100000e+01 1.040000e+04 1.362774e+01 7.039733e-01 7.039733e-03 7.039733e-04
5.200000e+01 1.060000e+04 1.271808e+01 6.373938e-01 6.373938e-03 6.373938e-04
5.300000e+01 1.080000e+04 1.186915e+01 5.676695e-01 5.676695e-03 5.676695e-04
5.400000e+01 1.100000e+04 1.107689e+01 4.976617e-01 4.976617e-03 4.976617e-04
5.500000e+01 1.120000e+04 1.033751e+01 4.301079e-01 4.301079e-03 4.301079e-04
5.600000e+01 1.140000e+04 9.647472e+00 3.672273e-01 3.672273e-03 3.672273e-04
5.700000e+01 1.160000e+04 9.003504e+00 3.105019e-01 3.105019e-03 3.105019e-04
5.800000e+01 1.180000e+04 8.402524e+00 2.606526e-01 2.606526e-03 2.606526e-04
5.900000e+01 1.200000e+04 7.841655e+00 2.177604e-01 2.177604e-03 2.177604e-04
6.000000e+01 1.220000e+04 7.318224e+00 1.814515e-01 1.814515e-03 1.814515e-04
6.100000e+01 1.240000e+04 6.829733e+00 1.510847e-01 1.510847e-03 1.510847e-04
6.200000e+01 1.260000e+04 6.373848e+00 1.259016e-01 1.259016e-03 1.259016e-04
6.300000e+01 1.280000e+04 5.948394e+00 1.051315e-01 1.051315e-03 1.051315e-04
6.400000e+01 1.300000e+04 5.551339e+00 8.805350e-02 8.805350e-04 8.805350e-05
6.500000e+01 1.320000e+04 5.180787e+00 7.402753e-02 7.402753e-04 7.402753e-05
6.600000e+01 1.340000e+04 4.834970e+00 6.250428e-02 6.250428e-04 6.250428e-05
6.700000e+01 1.360000e+04 4.512236e+00 5.302318e-02 5.302318e-04 5.302318e-05
6.800000e+01 1.380000e+04 4.211044e+00 4.520402e-02 4.520402e-04 4.520402e-05
6.900000e+01 1.400000e+04 3.929957e+00 3.873620e-02 3.873620e-04 3.873620e-05
7.000000e+01 1.420000e+04 3.667633e+00 3.336765e-02 3.336765e-04 3.336765e-05
7.100000e+01 1.440000e+04 3.422818e+00 2.889466e-02 2.889466e-04 2.889466e-05
7.200000e+01 1.460000e+04 3.194345e+00 2.515285e-02 2.515285e-04 2.515285e-05
7.300000e+01 1.480000e+04 2.981123e+00 2.200966e-02 2.200966e-04 2.200966e-05
7.400000e+01 1.500000e+04 2.782132e+00 1.935816e-02 1.935816e-04 1.935816e-05
7.500000e+01 1.520000e+04 2.596426e+00 1.711187e-02 1.711187e-04 1.711187e-05
7.600000e+01 1.540000e+04 2.423115e+00 1.520078e-02 1.520078e-04 1.520079e-05
7.700000e+01 1.560000e+04 2.261372e+00 1.356802e-02 1.356803e-04 1.356884e-05
7.800000e+01 1.580000e+04 2.110425e+00 1.216726e-02 1.216765e-04 1.221852e-05
7.900000e+01 1.600000e+04 1.969554e+00 1.096066e-02 1.097272e-04 1.256383e-05
8.000000e+01 1.620000e+04 1.838087e+00 9.917162e-03 1.012097e-04 3.700259e-05
8.100000e+01 1.640000e+04 1.715394e+00 9.011249e-03 1.100887e-04 2.744940e-04
8.200000e+01 1.660000e+04 1.600891e+00 8.221893e-03 2.036490e-04 1.622021e-03
8.300000e+01 1.680000e+04 1.494032e+00 7.531791e-03 5.627860e-04 6.485957e-03
8.400000e+01 1.700000e+04 1.394306e+00 6.926654e-03 1.441375e-03 1.824217e-02
8.500000e+01 1.720000e+04 1.301235e+00 6.394434e-03 2.933240e-03 3.813919e-02
8.600000e+01 1.740000e+04 1.214378e+00 5.924697e-03 4.775655e-03 6.268674e-02
8.700000e+01 1.760000e+04 1.133319e+00 5.508414e-03 6.492730e-03 8.556149e-02
8.800000e+01 1.780000e+04 1.057670e+00 5.138020e-03 7.736192e-03 1.021359e-01
8.900000e+01 1.800000e+04 9.870704e-01 4.807344e-03 8.446746e-03 1.116227e-01
9.000000e+01 1.820000e+04 9.211832e-01 4.511330e-03 8.758749e-03 1.158083e-01
9.100000e+01 1.840000e+04 8.596943e-01 4.245719e-03 8.840558e-03 1.169305e-01
9.200000e+01 1.860000e+04 8.023098e-01 4.006846e-03 8.811418e-03 1.165748e-01
9.300000e+01 1.880000e+04 7.487556e-01 3.791526e-03 8.734569e-03 1.155819e-01
9.400000e+01 1.900000e+04 6.987762e-01 3.596994e-03 8.637908e-03 1.143229e-01
9.500000e+01 1.920000e+04 6.521329e-01 3.420850e-03 8.532565e-03 1.129461e-01
9.600000e+01 1.940000e+04 6.086030e-01 3.261009e-03 8.423023e-03 1.115114e-01
9.700000e+01 1.960000e+04 5.679788e-01 3.115661e-03 8.311398e-03 1.100471e-01
9.800000e+01 1.980000e+04 5.300663e-01 2.983229e-03 8.198969e-03 1.085704e-01
9.900000e+01 2.000000e+04 4.946843e-01 2.862336e-03 8.086673e-03 1.070939e-01
1.000000e+02 2.020000e+04 4.616641e-01 2.751776e-03 7.975257e-03 1.056278e-01
1.010000e+02 2.040000e+04 4.308481e-01 2.650491e-03 7.865329e-03 1.041802e-01
1.020000e+02 2.060000e+04 4.020890e-01 2.557550e-03 7.757383e-03 1.027579e-01
1.030000e+02 2.080000e+04 3.752496e-01 2.472132e-03 7.651817e-03 1.013662e-01
1.040000e+02 2.100000e+04 3.502017e-01 2.393510e-03 7.548944e-03 1.000094e-01
1.050000e+02 2.120000e+04 3.268257e-01 2.321040e-03 7.449006e-03 9.869075e-02
1.060000e+02 2.140000e+04 3.050101e-01 2.254150e-03 7.352181e-03 9.741277e-02
1.070000e+02 2.160000e+04 2.846507e-01 2.192332e-03 7.258595e-03 9.617718e-02
1.080000e+02 2.180000e+04 2.656503e-01 2.135130e-03 7.168332e-03 9.498513e-02
1.090000e+02 2.200000e+04 2.479181e-01 2.082138e-03 7.081434e-03 9.383725e-02
1.100000e+02 2.220000e+04 2.313696e-01 2.032992e-03 6.997914e-03 9.273376e-02
1.110000e+02 2.240000e+04 2.159257e-01 1.987365e-03 6.917760e-03 9.167453e-02
1.120000e+02 2.260000e+04 2.015126e-01 1.944963e-03 6.840937e-03 9.065914e-02
1.130000e+02 2.280000e+04 1.880617e-01 1.905520e-03 6.767392e-03 8.968695e-02
1.140000e+02 2.300000e+04 1.755086e-01 1.868798e-03 6.697061e-03 8.875709e-02
1.150000e+02 2.320000e+04 1.637934e-01 1.834579e-03 6.629866e-03 8.786859e-02
1.160000e+02 2.340000e+04 1.528602e-01 1.802667e-03 6.565723e-03 8.702034e-02
1.170000e+02 2.360000e+04 1.426567e-01 1.772885e-03 6.504541e-03 8.621116e-02
1.180000e+02 2.380000e+04 1.331344e-01 1.745069e-03 6.446222e-03 8.543978e-02
1.190000e+02 2.400000e+04 1.242477e-01 1.719073e-03 6.390669e-03 8.470491e-02
1.200000e+02 2.420000e+04 1.159542e-01 1.694761e-03 6.337780e-03 8.400523e-02
1.210000e+02 2.440000e+04 1.082142e-01 1.672011e-03 6.287455e-03 8.333940e-02
1.220000e+02 2.460000e+04 1.009910e-01 1.650711e-03 6.239591e-03 8.270611e-02
1.230000e+02 2.480000e+04 9.424977e-02 1.630756e-03 6.194088e-03 8.210401e-02
1.240000e+02 2.500000e+04 8.795862e-02 1.612053e-03 6.150848e-03 8.153181e-02
1.250000e+02 2.520000e+04 8.208739e-02 1.594515e-03 6.109772e-03 8.098823e-02
1.260000e+02 2.540000e+04 7.660805e-02 1.578061e-03 6.070765e-03 8.047200e-02
1.270000e+02 2.560000e+04 7.149447e-02 1.562618e-03 6.033735e-03 7.998191e-02
1.280000e+02 2.580000e+04 6.672222e-02 1.548118e-03 5.998592e-03 7.951678e-02
1.290000e+02 2.600000e+04 6.226851e-02 1.534498e-03 5.965249e-03 7.907544e-02
1.300000e+02 2.620000e+04 5.811209e-02 1.521701e-03 5.933620e-03 7.865679e-02
1.310000e+02 2.640000e+04 5.423311e-02 1.509672e-03 5.903626e-03 7.825975e-02
1.320000e+02 2.660000e+04 5.061305e-02 1.498363e-03 5.875187e-03 7.788329e-02
1.330000e+02 2.680000e+04 4.723463e-02 1.487726e-03 5.848229e-03 7.752642e-02
1.340000e+02 2.700000e+04 4.408172e-02 1.477720e-03 5.822679e-03 7.718819e-02
1.350000e+02 2.720000e+04 4.113927e-02 1.468304e-03 5.798469e-03 7.686768e-02
1.360000e+02 2.740000e+04 3.839322e-02 1.459441e-03 5.775531e-03 7.656400e-02
1.370000e+02 2.760000e+04 3.583048e-02 1.451098e-03 5.753803e-03 7.627634e-02
1.380000e+02 2.780000e+04 3.343880e-02 1.443242e-03 5.733224e-03 7.600388e-02
1.390000e+02 2.800000e+04 3.120676e-02 1.435843e-03 5.713735e-03 7.574585e-02
1.400000e+02 2.820000e+04 2.912370e-02 1.428873e-03 5.695283e-03 7.550154e-02
1.410000e+02 2.840000e+04 2.717970e-02 1.422307e-03 5.677813e-03 7.527023e-02
1.420000e+02 2.860000e+04 2.536545e-02 1.416120e-03 5.661276e-03 7.505127e-02
1.430000e+02 2.880000e+04 2.367231e-02 1.410289e-03 5.645624e-03 7.484402e-02
1.440000e+02 2.900000e+04 2.209218e-02 1.404793e-03 5.630811e-03 7.464789e-02
1.450000e+02 2.920000e+04 2.061753e-02 1.399613e-03 5.616794e-03 7.446228e-02
1.460000e+02 2.940000e+04 1.924131e-02 1.394729e-03 5.603531e-03 7.428667e-02
1.470000e+02 2.960000e+04 1.795695e-02 1.390125e-03 5.590984e-03 7.412053e-02
1.480000e+02 2.980000e+04 1.675833e-02 1.385783e-03 5.579115e-03 7.396336e-02
1.490000e+02 3.000000e+04 1.563971e-02 1.381689e-03 5.567888e-03 7.381470e-02