0.000231481 day
# index velocity (km/s) density (g/cm^3) 56ni_mass_fraction 52fe_mass_fraction 48cr_mass_fraction
0.000000e+00 2.000000e+02 4.618756e+02 9.891197e-01 9.891197e-03 9.891197e-04
1.000000e+00 4.000000e+02 4.310454e+02 9.891197e-01 9.891197e-03 9.891197e-04
2.000000e+00 6.000000e+02 4.022731e+02 9.891197e-01 9.891197e-03 9.891197e-04
3.000000e+00 8.000000e+02 3.754215e+02 9.891197e-01 9.891197e-03 9.891197e-04
4.000000e+00 1.000000e+03 3.503621e+02 9.891197e-01 9.891197e-03 9.891197e-04
5.000000e+00 1.200000e+03 3.269754e+02 9.891197e-01 9.891197e-03 9.891197e-04
6.000000e+00 1.400000e+03 3.051498e+02 9.891197e-01 9.891197e-03 9.891197e-04
7.000000e+00 1.600000e+03 2.847811e+02 9.891197e-01 9.891197e-03 9.891197e-04
8.000000e+00 1.800000e+03 2.657720e+02 9.891197e-01 9.891197e-03 9.891197e-04
9.000000e+00 2.000000e+03 2.480317e+02 9.891197e-01 9.891197e-03 9.891197e-04
1.000000e+01 2.200000e+03 2.314756e+02 9.891197e-01 9.891197e-03 9.891197e-04
1.100000e+01 2.400000e+03 2.160246e+02 9.891197e-01 9.891197e-03 9.891197e-04
1.200000e+01 2.600000e+03 2.016050e+02 9.891197e-01 9.891197e-03 9.891197e-04
1.300000e+01 2.800000e+03 1.881478e+02 9.891197e-01 9.891197e-03 9.891197e-04
1.400000e+01 3.000000e+03 1.755890e+02 9.891197e-01 9.891197e-03 9.891197e-04
1.500000e+01 3.200000e+03 1.638684e+02 9.891197e-01 9.891197e-03 9.891197e-04
1.600000e+01 3.400000e+03 1.529302e+02 9.891197e-01 9.891197e-03 9.891197e-04
1.700000e+01 3.600000e+03 1.427221e+02 9.891197e-01 9.891197e-03 9.891197e-04
1.800000e+01 3.800000e+03 1.331954e+02 9.891197e-01 9.891197e-03 9.891197e-04
1.900000e+01 4.000000e+03 1.243046e+02 9.891197e-01 9.891197e-03 9.891197e-04
2.000000e+01 4.200000e+03 1.160073e+02 9.891197e-01 9.891197e-03 9.891197e-04
2.100000e+01 4.400000e+03 1.082638e+02 9.891197e-01 9.891197e-03 9.891197e-04
2.200000e+01 4.600000e+03 1.010372e+02 9.891197e-01 9.891197e-03 9.891197e-04
2.300000e+01 4.800000e+03 9.429301e+01 9.891197e-01 9.891197e-03 9.891197e-04
2.400000e+01 5.000000e+03 8.799893e+01 9.891197e-01 9.891197e-03 9.891197e-04
2.500000e+01 5.200000e+03 8.212499e+01 9.891197e-01 9.891197e-03 9.891197e-04
2.600000e+01 5.400000e+03 7.664315e+01 9.891197e-01 9.891197e-03 9.891197e-04
2.700000e+01 5.600000e+03 7.152722e+01 9.891197e-01 9.891197e-03 9.891197e-04
2.800000e+01 5.800000e+03 6.675278e+01 9.891197e-01 9.891197e-03 9.891197e-04
2.900000e+01 6.000000e+03 6.229703e+01 9.891197e-01 9.891197e-03 9.891197e-04
3.000000e+01 6.200000e+03 5.813871e+01 9.891197e-01 9.891197e-03 9.891197e-04
3.100000e+01 6.400000e+03 5.425795e+01 9.891197e-01 9.891197e-03 9.891197e-04
3.200000e+01 6.600000e+03 5.063624e+01 9.891197e-01 9.891197e-03 9.891197e-04
3.300000e+01 6.800000e+03 4.725627e+01 9.891197e-01 9.891197e-03 9.891197e-04
3.400000e+01 7.000000e+03 4.410191e+01 9.891197e-01 9.891197e-03 9.891197e-04
3.500000e+01 7.200000e+03 4.115811e+01 9.891197e-01 9.891197e-03 9.891197e-04
3.600000e+01 7.400000e+03 3.841081e+01 9.891197e-01 9.891197e-03 9.891197e-04
3.700000e+01 7.600000e+03 3.584689e+01 9.891197e-01 9.891197e-03 9.891197e-04
3.800000e+01 7.800000e+03 3.345411e+01 9.891197e-01 9.891197e-03 9.891197e-04
3.900000e+01 8.000000e+03 3.122105e+01 9.891197e-01 9.891197e-03 9.891197e-04
4.000000e+01 8.200000e+03 2.913704e+01 9.891197e-01 9.891197e-03 9.891197e-04
4.100000e+01 8.400000e+03 2.719214e+01 9.891197e-01 9.891197e-03 9.891197e-04
4.200000e+01 8.600000e+03 2.537707e+01 9.884473e-01 9.884473e-03 9.884473e-04
4.300000e+01 8.800000e+03 2.368316e+01 9.797535e-01 9.797535e-03 9.797535e-04
4.400000e+01 9.000000e+03 2.210230e+01 9.676517e-01 9.676517e-03 9.676517e-04
4.500000e+01 9.200000e+03 2.062697e+01 9.511126e-01 9.511126e-03 9.511126e-04
4.600000e+01 9.400000e+03 1.925012e+01 9.289829e-01 9.289829e-03 9.289829e-04
4.700000e+01 9.600000e+03 1.796518e+01 9.000889e-01 9.000889e-03 9.000889e-04
4.800000e+01 9.800000e+03 1.676601e+01 8.634126e-01 8.634126e-03 8.634126e-04
4.900000e+01 1.000000e+04 1.564687e+01 8.183325e-01 8.183325e-03 8.183325e-04
5.000000e+01 1.020000e+04 1.460245e+01 7.648865e-01 7.648865e-03 7.648865e-04
5.100000e+01 1.040000e+04 1.362774e+01 7.039733e-01 7.039733e-03 7.039733e-04
5.200000e+01 1.060000e+04 1.271808e+01 6.373938e-01 6.373938e-03 6.373938e-04
5.300000e+01 1.080000e+04 1.186915e+01 5.676695e-01 5.676695e-03 5.676695e-04
5.400000e+01 1.100000e+04 1.107689e+01 4.976617e-01 4.976617e-03 4.976617e-04
5.500000e+01 1.120000e+04 1.033751e+01 4.301079e-01 4.301079e-03 4.301079e-04
5.600000e+01 1.140000e+04 9.647472e+00 3.672273e-01 3.672273e-03 3.672273e-04
5.700000e+01 1.160000e+04 9.003504e+00 3.105019e-01 3.105019e-03 3.105019e-04
5.800000e+01 1.180000e+04 8.402524e+00 2.606526e-01 2.606526e-03 2.606526e-04
5.900000e+01 1.200000e+04 7.841655e+00 2.177604e-01 2.177604e-03 2.177604e-04
6.000000e+01 1.220000e+04 7.318224e+00 1.814515e-01 1.814515e-03 1.814515e-04
6.100000e+01 1.240000e+04 6.829733e+00 1.510847e-01 1.510847e-03 1.510847e-04
6.200000e+01 1.260000e+04 6.373848e+00 1.259016e-01 1.259016e-03 1.259016e-04
6.300000e+01 1.280000e+04 5.948394e+00 1.051315e-01 1.051315e-03 1.051315e-04
6.400000e+01 1.300000e+04 5.551339e+00 8.805350e-02 8.805350e-04 8.805350e-05
6.500000e+01 1.320000e+04 5.180787e+00 7.402753e-02 7.402753e-04 7.402753e-05
6.600000e+01 1.340000e+04 4.834970e+00 6.250428e-02 6.250428e-04 6.250428e-05
6.700000e+01 1.360000e+04 4.512236e+00 5.302318e-02 5.302318e-04 5.302318e-05
6.800000e+01 1.380000e+04 4.211044e+00 4.520402e-02 4.520402e-04 4.520402e-05
6.900000e+01 1.400000e+04 3.929957e+00 3.873620e-02 3.873620e-04 3.873620e-05
7.000000e+01 1.420000e+04 3.667633e+00 3.336765e-02 3.336765e-04 3.336765e-05
7.100000e+01 1.440000e+04 3.422818e+00 2.889466e-02 2.889466e-04 2.889466e-05
7.200000e+01 1.460000e+04 3.194345e+00 2.515285e-02 2.515285e-04 2.515285e-05
7.300000e+01 1.480000e+04 2.981123e+00 2.200966e-02 2.200966e-04 2.200966e-05
7.400000e+01 1.500000e+04 2.782132e+00 1.935816e-02 1.935816e-04 1.935816e-05
7.500000e+01 1.520000e+04 2.596426e+00 1.711187e-02 1.711187e-04 1.711187e-05
7.600000e+01 1.540000e+04 2.423115e+00 1.520078e-02 1.520078e-04 1.520078e-05
7.700000e+01 1.560000e+04 2.261372e+00 1.356802e-02 1.356824e-04 1.356841e-05
7.800000e+01 1.580000e+04 2.110425e+00 1.216747e-02 1.218118e-04 1.219160e-05
7.900000e+01 1.600000e+04 1.969554e+00 1.096707e-02 1.139601e-04 1.172192e-05
8.000000e+01 1.620000e+04 1.838087e+00 1.002550e-02 1.727247e-04 2.277859e-05
8.100000e+01 1.640000e+04 1.715394e+00 1.007316e-02 8.110566e-04 1.350749e-04
8.200000e+01 1.660000e+04 1.600891e+00 1.467697e-02 4.464645e-03 7.745294e-04
8.300000e+01 1.680000e+04 1.494032e+00 3.344501e-02 1.766811e-02 3.083792e-03
8.400000e+01 1.700000e+04 1.394306e+00 7.986628e-02 4.958883e-02 8.665878e-03
8.500000e+01 1.720000e+04 1.301235e+00 1.589228e-01 1.036172e-01 1.811364e-02
8.600000e+01 1.740000e+04 1.214378e+00 2.566433e-01 1.702750e-01 2.976972e-02
8.700000e+01 1.760000e+04 1.133319e+00 3.477259e-01 2.323906e-01 4.063151e-02
8.800000e+01 1.780000e+04 1.057670e+00 4.136533e-01 2.773972e-01 4.850161e-02
8.900000e+01 1.800000e+04 9.870704e-01 4.512707e-01 3.031573e-01 5.300624e-02
9.000000e+01 1.820000e+04 9.211832e-01 4.677177e-01 3.145213e-01 5.499357e-02
9.100000e+01 1.840000e+04 8.596943e-01 4.719421e-01 3.175671e-01 5.552634e-02
9.200000e+01 1.860000e+04 8.023098e-01 4.702812e-01 3.165992e-01 5.535729e-02
9.300000e+01 1.880000e+04 7.487556e-01 4.660951e-01 3.139013e-01 5.488568e-02
9.400000e+01 1.900000e+04 6.987762e-01 4.608657e-01 3.104810e-01 5.428777e-02
9.500000e+01 1.920000e+04 6.521329e-01 4.551833e-01 3.067410e-01 5.363393e-02
9.600000e+01 1.940000e+04 6.086030e-01 4.492853e-01 3.028437e-01 5.295257e-02
9.700000e+01 1.960000e+04 5.679788e-01 4.432833e-01 2.988661e-01 5.225716e-02
9.800000e+01 1.980000e+04 5.300663e-01 4.372447e-01 2.948550e-01 5.155588e-02
9.900000e+01 2.000000e+04 4.946843e-01 4.312185e-01 2.908447e-01 5.085472e-02
1.000000e+02 2.020000e+04 4.616641e-01 4.252440e-01 2.868625e-01 5.015848e-02
1.010000e+02 2.040000e+04 4.308481e-01 4.193529e-01 2.829307e-01 4.947105e-02
1.020000e+02 2.060000e+04 4.020890e-01 4.135711e-01 2.790675e-01 4.879561e-02
1.030000e+02 2.080000e+04 3.752496e-01 4.079193e-01 2.752876e-01 4.813472e-02
1.040000e+02 2.100000e+04 3.502017e-01 4.024139e-01 2.716025e-01 4.749040e-02
1.050000e+02 2.120000e+04 3.268257e-01 3.970674e-01 2.680211e-01 4.686422e-02
1.060000e+02 2.140000e+04 3.050101e-01 3.918889e-01 2.645502e-01 4.625734e-02
1.070000e+02 2.160000e+04 2.846507e-01 3.868851e-01 2.611944e-01 4.567059e-02
1.080000e+02 2.180000e+04 2.656503e-01 3.820600e-01 2.579568e-01 4.510452e-02
1.090000e+02 2.200000e+04 2.479181e-01 3.774158e-01 2.548392e-01 4.455942e-02
1.100000e+02 2.220000e+04 2.313696e-01 3.729530e-01 2.518423e-01 4.403541e-02
1.110000e+02 2.240000e+04 2.159257e-01 3.686707e-01 2.489655e-01 4.353242e-02
1.120000e+02 2.260000e+04 2.015126e-01 3.645670e-01 2.462078e-01 4.305024e-02
1.130000e+02 2.280000e+04 1.880617e-01 3.606390e-01 2.435674e-01 4.258857e-02
1.140000e+02 2.300000e+04 1.755086e-01 3.568830e-01 2.410420e-01 4.214702e-02
1.150000e+02 2.320000e+04 1.637934e-01 3.532950e-01 2.386290e-01 4.172510e-02
1.160000e+02 2.340000e+04 1.528602e-01 3.498703e-01 2.363253e-01 4.132229e-02
1.170000e+02 2.360000e+04 1.426567e-01 3.466040e-01 2.341276e-01 4.093804e-02
1.180000e+02 2.380000e+04 1.331344e-01 3.434908e-01 2.320327e-01 4.057174e-02
1.190000e+02 2.400000e+04 1.242477e-01 3.405255e-01 2.300369e-01 4.022277e-02
1.200000e+02 2.420000e+04 1.159542e-01 3.377026e-01 2.281366e-01 3.989052e-02
1.210000e+02 2.440000e+04 1.082142e-01 3.350167e-01 2.263284e-01 3.957434e-02
1.220000e+02 2.460000e+04 1.009910e-01 3.324624e-01 2.246084e-01 3.927361e-02
1.230000e+02 2.480000e+04 9.424977e-02 3.300341e-01 2.229732e-01 3.898770e-02
1.240000e+02 2.500000e+04 8.795862e-02 3.277268e-01 2.214192e-01 3.871598e-02
1.250000e+02 2.520000e+04 8.208739e-02 3.255350e-01 2.199429e-01 3.845785e-02
1.260000e+02 2.540000e+04 7.660805e-02 3.234537e-01 2.185410e-01 3.821271e-02
1.270000e+02 2.560000e+04 7.149447e-02 3.214780e-01 2.172100e-01 3.797999e-02
1.280000e+02 2.580000e+04 6.672222e-02 3.196031e-01 2.159467e-01 3.775911e-02
1.290000e+02 2.600000e+04 6.226851e-02 3.178242e-01 2.147481e-01 3.754954e-02
1.300000e+02 2.620000e+04 5.811209e-02 3.161369e-01 2.136112e-01 3.735074e-02
1.310000e+02 2.640000e+04 5.423311e-02 3.145368e-01 2.125329e-01 3.716220e-02
1.320000e+02 2.660000e+04 5.061305e-02 3.130197e-01 2.115105e-01 3.698343e-02
1.330000e+02 2.680000e+04 4.723463e-02 3.115817e-01 2.105413e-01 3.681397e-02
1.340000e+02 2.700000e+04 4.408172e-02 3.102188e-01 2.096227e-01 3.665335e-02
1.350000e+02 2.720000e+04 4.113927e-02 3.089274e-01 2.087523e-01 3.650115e-02
1.360000e+02 2.740000e+04 3.839322e-02 3.077039e-01 2.079276e-01 3.635695e-02
1.370000e+02 2.760000e+04 3.583048e-02 3.065449e-01 2.071463e-01 3.622035e-02
1.380000e+02 2.780000e+04 3.343880e-02 3.054473e-01 2.064064e-01 3.609097e-02
1.390000e+02 2.800000e+04 3.120676e-02 3.044078e-01 2.057056e-01 3.596844e-02
1.400000e+02 2.820000e+04 2.912370e-02 3.034237e-01 2.050421e-01 3.585243e-02
1.410000e+02 2.840000e+04 2.717970e-02 3.024919e-01 2.044139e-01 3.574259e-02
1.420000e+02 2.860000e+04 2.536545e-02 3.016099e-01 2.038193e-01 3.563861e-02
1.430000e+02 2.880000e+04 2.367231e-02 3.007751e-01 2.032564e-01 3.554020e-02
1.440000e+02 2.900000e+04 2.209218e-02 2.999851e-01 2.027238e-01 3.544706e-02
1.450000e+02 2.920000e+04 2.061753e-02 2.992376e-01 2.022197e-01 3.535892e-02
1.460000e+02 2.940000e+04 1.924131e-02 2.985303e-01 2.017428e-01 3.527553e-02
1.470000e+02 2.960000e+04 1.795695e-02 2.978611e-01 2.012916e-01 3.519664e-02
1.480000e+02 2.980000e+04 1.675833e-02 2.972281e-01 2.008647e-01 3.512200e-02
1.490000e+02 3.000000e+04 1.563971e-02 2.966294e-01 2.004610e-01 3.505141e-02