0.000231481 day
# index velocity (km/s) density (g/cm^3) 56ni_mass_fraction 52fe_mass_fraction 48cr_mass_fraction
0.000000e+00 2.000000e+02 4.618756e+02 9.891197e-01 9.891197e-03 9.891197e-04
1.000000e+00 4.000000e+02 4.310454e+02 9.891197e-01 9.891197e-03 9.891197e-04
2.000000e+00 6.000000e+02 4.022731e+02 9.891197e-01 9.891197e-03 9.891197e-04
3.000000e+00 8.000000e+02 3.754215e+02 9.891197e-01 9.891197e-03 9.891197e-04
4.000000e+00 1.000000e+03 3.503621e+02 9.891197e-01 9.891197e-03 9.891197e-04
5.000000e+00 1.200000e+03 3.269754e+02 9.891197e-01 9.891197e-03 9.891197e-04
6.000000e+00 1.400000e+03 3.051498e+02 9.891197e-01 9.891197e-03 9.891197e-04
7.000000e+00 1.600000e+03 2.847811e+02 9.891197e-01 9.891197e-03 9.891197e-04
8.000000e+00 1.800000e+03 2.657720e+02 9.891197e-01 9.891197e-03 9.891197e-04
9.000000e+00 2.000000e+03 2.480317e+02 9.891197e-01 9.891197e-03 9.891197e-04
1.000000e+01 2.200000e+03 2.314756e+02 9.891197e-01 9.891197e-03 9.891197e-04
1.100000e+01 2.400000e+03 2.160246e+02 9.891197e-01 9.891197e-03 9.891197e-04
1.200000e+01 2.600000e+03 2.016050e+02 9.891197e-01 9.891197e-03 9.891197e-04
1.300000e+01 2.800000e+03 1.881478e+02 9.891197e-01 9.891197e-03 9.891197e-04
1.400000e+01 3.000000e+03 1.755890e+02 9.891197e-01 9.891197e-03 9.891197e-04
1.500000e+01 3.200000e+03 1.638684e+02 9.891197e-01 9.891197e-03 9.891197e-04
1.600000e+01 3.400000e+03 1.529302e+02 9.891197e-01 9.891197e-03 9.891197e-04
1.700000e+01 3.600000e+03 1.427221e+02 9.891197e-01 9.891197e-03 9.891197e-04
1.800000e+01 3.800000e+03 1.331954e+02 9.891197e-01 9.891197e-03 9.891197e-04
1.900000e+01 4.000000e+03 1.243046e+02 9.891197e-01 9.891197e-03 9.891197e-04
2.000000e+01 4.200000e+03 1.160073e+02 9.891197e-01 9.891197e-03 9.891197e-04
2.100000e+01 4.400000e+03 1.082638e+02 9.891197e-01 9.891197e-03 9.891197e-04
2.200000e+01 4.600000e+03 1.010372e+02 9.891197e-01 9.891197e-03 9.891197e-04
2.300000e+01 4.800000e+03 9.429301e+01 9.891197e-01 9.891197e-03 9.891197e-04
2.400000e+01 5.000000e+03 8.799893e+01 9.891197e-01 9.891197e-03 9.891197e-04
2.500000e+01 5.200000e+03 8.212499e+01 9.891197e-01 9.891197e-03 9.891197e-04
2.600000e+01 5.400000e+03 7.664315e+01 9.891197e-01 9.891197e-03 9.891197e-04
2.700000e+01 5.600000e+03 7.152722e+01 9.891197e-01 9.891197e-03 9.891197e-04
2.800000e+01 5.800000e+03 6.675278e+01 9.891197e-01 9.891197e-03 9.891197e-04
2.900000e+01 6.000000e+03 6.229703e+01 9.891197e-01 9.891197e-03 9.891197e-04
3.000000e+01 6.200000e+03 5.813871e+01 9.891197e-01 9.891197e-03 9.891197e-04
3.100000e+01 6.400000e+03 5.425795e+01 9.891197e-01 9.891197e-03 9.891197e-04
3.200000e+01 6.600000e+03 5.063624e+01 9.891197e-01 9.891197e-03 9.891197e-04
3.300000e+01 6.800000e+03 4.725627e+01 9.891197e-01 9.891197e-03 9.891197e-04
3.400000e+01 7.000000e+03 4.410191e+01 9.891197e-01 9.891197e-03 9.891197e-04
3.500000e+01 7.200000e+03 4.115811e+01 9.891197e-01 9.891197e-03 9.891197e-04
3.600000e+01 7.400000e+03 3.841081e+01 9.891197e-01 9.891197e-03 9.891197e-04
3.700000e+01 7.600000e+03 3.584689e+01 9.891197e-01 9.891197e-03 9.891197e-04
3.800000e+01 7.800000e+03 3.345411e+01 9.891197e-01 9.891197e-03 9.891197e-04
3.900000e+01 8.000000e+03 3.122105e+01 9.891197e-01 9.891197e-03 9.891197e-04
4.000000e+01 8.200000e+03 2.913704e+01 9.891197e-01 9.891197e-03 9.891197e-04
4.100000e+01 8.400000e+03 2.719214e+01 9.891197e-01 9.891197e-03 9.891197e-04
4.200000e+01 8.600000e+03 2.537707e+01 9.884473e-01 9.884473e-03 9.884473e-04
4.300000e+01 8.800000e+03 2.368316e+01 9.797535e-01 9.797535e-03 9.797535e-04
4.400000e+01 9.000000e+03 2.210230e+01 9.676517e-01 9.676517e-03 9.676517e-04
4.500000e+01 9.200000e+03 2.062697e+01 9.511126e-01 9.511126e-03 9.511126e-04
4.600000e+01 9.400000e+03 1.925012e+01 9.289829e-01 9.289829e-03 9.289829e-04
4.700000e+01 9.600000e+03 1.796518e+01 9.000889e-01 9.000889e-03 9.000889e-04
4.800000e+01 9.800000e+03 1.676601e+01 8.634126e-01 8.634126e-03 8.634126e-04
4.900000e+01 1.000000e+04 1.564687e+01 8.183325e-01 8.183325e-03 8.183325e-04
5.000000e+01 1.020000e+04 1.460245e+01 7.648865e-01 7.648865e-03 7.648865e-04
5.100000e+01 1.040000e+04 1.362774e+01 7.039733e-01 7.039733e-03 7.039733e-04
5.200000e+01 1.060000e+04 1.271808e+01 6.373938e-01 6.373938e-03 6.373938e-04
5.300000e+01 1.080000e+04 1.186915e+01 5.676695e-01 5.676695e-03 5.676695e-04
5.400000e+01 1.100000e+04 1.107689e+01 4.976617e-01 4.976617e-03 4.976617e-04
5.500000e+01 1.120000e+04 1.033751e+01 4.301079e-01 4.301079e-03 4.301079e-04
5.600000e+01 1.140000e+04 9.647472e+00 3.672273e-01 3.672273e-03 3.672273e-04
5.700000e+01 1.160000e+04 9.003504e+00 3.105019e-01 3.105019e-03 3.105019e-04
5.800000e+01 1.180000e+04 8.402524e+00 2.606526e-01 2.606526e-03 2.606526e-04
5.900000e+01 1.200000e+04 7.841655e+00 2.177604e-01 2.177604e-03 2.177604e-04
6.000000e+01 1.220000e+04 7.318224e+00 1.814515e-01 1.814515e-03 1.814515e-04
6.100000e+01 1.240000e+04 6.829733e+00 1.510847e-01 1.510847e-03 1.510847e-04
6.200000e+01 1.260000e+04 6.373848e+00 1.259016e-01 1.259016e-03 1.259016e-04
6.300000e+01 1.280000e+04 5.948394e+00 1.051315e-01 1.051315e-03 1.051315e-04
6.400000e+01 1.300000e+04 5.551339e+00 8.805350e-02 8.805350e-04 8.805350e-05
6.500000e+01 1.320000e+04 5.180787e+00 7.402753e-02 7.402753e-04 7.402753e-05
6.600000e+01 1.340000e+04 4.834970e+00 6.250428e-02 6.250428e-04 6.250428e-05
6.700000e+01 1.360000e+04 4.512236e+00 5.302318e-02 5.302318e-04 5.302318e-05
6.800000e+01 1.380000e+04 4.211044e+00 4.520402e-02 4.520402e-04 4.520402e-05
6.900000e+01 1.400000e+04 3.929957e+00 3.873620e-02 3.873620e-04 3.873620e-05
7.000000e+01 1.420000e+04 3.667633e+00 3.336765e-02 3.336765e-04 3.336765e-05
7.100000e+01 1.440000e+04 3.422818e+00 2.889466e-02 2.889466e-04 2.889466e-05
7.200000e+01 1.460000e+04 3.194345e+00 2.515285e-02 2.515285e-04 2.515285e-05
7.300000e+01 1.480000e+04 2.981123e+00 2.200966e-02 2.200966e-04 2.200966e-05
7.400000e+01 1.500000e+04 2.782132e+00 1.935816e-02 1.935816e-04 1.935816e-05
7.500000e+01 1.520000e+04 2.596426e+00 1.711187e-02 1.711187e-04 1.711187e-05
7.600000e+01 1.540000e+04 2.423115e+00 1.520078e-02 1.520078e-04 1.520078e-05
7.700000e+01 1.560000e+04 2.261372e+00 1.356802e-02 1.356802e-04 1.356802e-05
7.800000e+01 1.580000e+04 2.110425e+00 1.216726e-02 1.216726e-04 1.216726e-05
7.900000e+01 1.600000e+04 1.969554e+00 1.096066e-02 1.096066e-04 1.096066e-05
8.000000e+01 1.620000e+04 1.838087e+00 9.917160e-03 9.917160e-05 9.917160e-06
8.100000e+01 1.640000e+04 1.715394e+00 9.011229e-03 9.011229e-05 9.011230e-06
8.200000e+01 1.660000e+04 1.600891e+00 8.221772e-03 8.221772e-05 8.221776e-06
8.300000e+01 1.680000e+04 1.494032e+00 7.531305e-03 7.531305e-05 7.531322e-06
8.400000e+01 1.700000e+04 1.394306e+00 6.925285e-03 6.925285e-05 6.925332e-06
8.500000e+01 1.720000e+04 1.301235e+00 6.391572e-03 6.391572e-05 6.391670e-06
8.600000e+01 1.740000e+04 1.214378e+00 5.919992e-03 5.919992e-05 5.920154e-06
8.700000e+01 1.760000e+04 1.133319e+00 5.501991e-03 5.501991e-05 5.502212e-06
8.800000e+01 1.780000e+04 1.057670e+00 5.130353e-03 5.130353e-05 5.130617e-06
8.900000e+01 1.800000e+04 9.870704e-01 4.798966e-03 4.798966e-05 4.799254e-06
9.000000e+01 1.820000e+04 9.211832e-01 4.502637e-03 4.502637e-05 4.502936e-06
9.100000e+01 1.840000e+04 8.596943e-01 4.236942e-03 4.236942e-05 4.237244e-06
9.200000e+01 1.860000e+04 8.023098e-01 3.998095e-03 3.998095e-05 3.998396e-06
9.300000e+01 1.880000e+04 7.487556e-01 3.782850e-03 3.782850e-05 3.783149e-06
9.400000e+01 1.900000e+04 6.987762e-01 3.588413e-03 3.588413e-05 3.588708e-06
9.500000e+01 1.920000e+04 6.521329e-01 3.412372e-03 3.412372e-05 3.412663e-06
9.600000e+01 1.940000e+04 6.086030e-01 3.252638e-03 3.252638e-05 3.252926e-06
9.700000e+01 1.960000e+04 5.679788e-01 3.107400e-03 3.107400e-05 3.107685e-06
9.800000e+01 1.980000e+04 5.300663e-01 2.975079e-03 2.975079e-05 2.975360e-06
9.900000e+01 2.000000e+04 4.946843e-01 2.854297e-03 2.854297e-05 2.854573e-06
1.000000e+02 2.020000e+04 4.616641e-01 2.743847e-03 2.743847e-05 2.744120e-06
1.010000e+02 2.040000e+04 4.308481e-01 2.642671e-03 2.642671e-05 2.642940e-06
1.020000e+02 2.060000e+04 4.020890e-01 2.549837e-03 2.549837e-05 2.550102e-06
1.030000e+02 2.080000e+04 3.752496e-01 2.464523e-03 2.464523e-05 2.464785e-06
1.040000e+02 2.100000e+04 3.502017e-01 2.386002e-03 2.386002e-05 2.386261e-06
1.050000e+02 2.120000e+04 3.268257e-01 2.313632e-03 2.313632e-05 2.313887e-06
1.060000e+02 2.140000e+04 3.050101e-01 2.246838e-03 2.246838e-05 2.247090e-06
1.070000e+02 2.160000e+04 2.846507e-01 2.185112e-03 2.185112e-05 2.185361e-06
1.080000e+02 2.180000e+04 2.656503e-01 2.128000e-03 2.128000e-05 2.128245e-06
1.090000e+02 2.200000e+04 2.479181e-01 2.075094e-03 2.075094e-05 2.075336e-06
1.100000e+02 2.220000e+04 2.313696e-01 2.026031e-03 2.026031e-05 2.026271e-06
1.110000e+02 2.240000e+04 2.159257e-01 1.980484e-03 1.980484e-05 1.980720e-06
1.120000e+02 2.260000e+04 2.015126e-01 1.938158e-03 1.938158e-05 1.938392e-06
1.130000e+02 2.280000e+04 1.880617e-01 1.898788e-03 1.898788e-05 1.899020e-06
1.140000e+02 2.300000e+04 1.755086e-01 1.862135e-03 1.862135e-05 1.862365e-06
1.150000e+02 2.320000e+04 1.637934e-01 1.827983e-03 1.827983e-05 1.828210e-06
1.160000e+02 2.340000e+04 1.528602e-01 1.796135e-03 1.796135e-05 1.796360e-06
1.170000e+02 2.360000e+04 1.426567e-01 1.766413e-03 1.766413e-05 1.766636e-06
1.180000e+02 2.380000e+04 1.331344e-01 1.738655e-03 1.738655e-05 1.738876e-06
1.190000e+02 2.400000e+04 1.242477e-01 1.712714e-03 1.712714e-05 1.712933e-06
1.200000e+02 2.420000e+04 1.159542e-01 1.688455e-03 1.688455e-05 1.688672e-06
1.210000e+02 2.440000e+04 1.082142e-01 1.665755e-03 1.665755e-05 1.665971e-06
1.220000e+02 2.460000e+04 1.009910e-01 1.644502e-03 1.644502e-05 1.644716e-06
1.230000e+02 2.480000e+04 9.424977e-02 1.624593e-03 1.624593e-05 1.624805e-06
1.240000e+02 2.500000e+04 8.795862e-02 1.605933e-03 1.605933e-05 1.606143e-06
1.250000e+02 2.520000e+04 8.208739e-02 1.588435e-03 1.588435e-05 1.588644e-06
1.260000e+02 2.540000e+04 7.660805e-02 1.572020e-03 1.572020e-05 1.572228e-06
1.270000e+02 2.560000e+04 7.149447e-02 1.556614e-03 1.556614e-05 1.556820e-06
1.280000e+02 2.580000e+04 6.672222e-02 1.542149e-03 1.542149e-05 1.542354e-06
1.290000e+02 2.600000e+04 6.226851e-02 1.528562e-03 1.528562e-05 1.528767e-06
1.300000e+02 2.620000e+04 5.811209e-02 1.515796e-03 1.515796e-05 1.516000e-06
1.310000e+02 2.640000e+04 5.423311e-02 1.503798e-03 1.503798e-05 1.504000e-06
1.320000e+02 2.660000e+04 5.061305e-02 1.492516e-03 1.492516e-05 1.492718e-06
1.330000e+02 2.680000e+04 4.723463e-02 1.481907e-03 1.481907e-05 1.482107e-06
1.340000e+02 2.700000e+04 4.408172e-02 1.471925e-03 1.471925e-05 1.472125e-06
1.350000e+02 2.720000e+04 4.113927e-02 1.462534e-03 1.462534e-05 1.462732e-06
1.360000e+02 2.740000e+04 3.839322e-02 1.453694e-03 1.453694e-05 1.453892e-06
1.370000e+02 2.760000e+04 3.583048e-02 1.445372e-03 1.445372e-05 1.445569e-06
1.380000e+02 2.780000e+04 3.343880e-02 1.437536e-03 1.437536e-05 1.437733e-06
1.390000e+02 2.800000e+04 3.120676e-02 1.430157e-03 1.430157e-05 1.430352e-06
1.400000e+02 2.820000e+04 2.912370e-02 1.423205e-03 1.423205e-05 1.423400e-06
1.410000e+02 2.840000e+04 2.717970e-02 1.416657e-03 1.416657e-05 1.416851e-06
1.420000e+02 2.860000e+04 2.536545e-02 1.410486e-03 1.410486e-05 1.410680e-06
1.430000e+02 2.880000e+04 2.367231e-02 1.404671e-03 1.404671e-05 1.404864e-06
1.440000e+02 2.900000e+04 2.209218e-02 1.399190e-03 1.399190e-05 1.399383e-06
1.450000e+02 2.920000e+04 2.061753e-02 1.394023e-03 1.394023e-05 1.394216e-06
1.460000e+02 2.940000e+04 1.924131e-02 1.389153e-03 1.389153e-05 1.389345e-06
1.470000e+02 2.960000e+04 1.795695e-02 1.384561e-03 1.384561e-05 1.384752e-06
1.480000e+02 2.980000e+04 1.675833e-02 1.380231e-03 1.380231e-05 1.380422e-06
1.490000e+02 3.000000e+04 1.563971e-02 1.376148e-03 1.376148e-05 1.376339e-06