0.000231481 day
# index velocity (km/s) density (g/cm^3) 56ni_mass_fraction 52fe_mass_fraction 48cr_mass_fraction
0.000000e+00 2.000000e+02 4.223991e+02 9.891197e-01 9.891197e-03 9.891197e-04
1.000000e+00 4.000000e+02 3.942039e+02 9.891197e-01 9.891197e-03 9.891197e-04
2.000000e+00 6.000000e+02 3.678908e+02 9.891197e-01 9.891197e-03 9.891197e-04
3.000000e+00 8.000000e+02 3.433341e+02 9.891197e-01 9.891197e-03 9.891197e-04
4.000000e+00 1.000000e+03 3.204166e+02 9.891197e-01 9.891197e-03 9.891197e-04
5.000000e+00 1.200000e+03 2.990288e+02 9.891197e-01 9.891197e-03 9.891197e-04
6.000000e+00 1.400000e+03 2.790686e+02 9.891197e-01 9.891197e-03 9.891197e-04
7.000000e+00 1.600000e+03 2.604408e+02 9.891197e-01 9.891197e-03 9.891197e-04
8.000000e+00 1.800000e+03 2.430564e+02 9.891197e-01 9.891197e-03 9.891197e-04
9.000000e+00 2.000000e+03 2.268324e+02 9.891197e-01 9.891197e-03 9.891197e-04
1.000000e+01 2.200000e+03 2.116913e+02 9.891197e-01 9.891197e-03 9.891197e-04
1.100000e+01 2.400000e+03 1.975609e+02 9.891197e-01 9.891197e-03 9.891197e-04
1.200000e+01 2.600000e+03 1.843738e+02 9.891197e-01 9.891197e-03 9.891197e-04
1.300000e+01 2.800000e+03 1.720668e+02 9.891197e-01 9.891197e-03 9.891197e-04
1.400000e+01 3.000000e+03 1.605814e+02 9.891197e-01 9.891197e-03 9.891197e-04
1.500000e+01 3.200000e+03 1.498625e+02 9.891197e-01 9.891197e-03 9.891197e-04
1.600000e+01 3.400000e+03 1.398592e+02 9.891197e-01 9.891197e-03 9.891197e-04
1.700000e+01 3.600000e+03 1.305236e+02 9.891197e-01 9.891197e-03 9.891197e-04
1.800000e+01 3.800000e+03 1.218112e+02 9.891197e-01 9.891197e-03 9.891197e-04
1.900000e+01 4.000000e+03 1.136803e+02 9.891197e-01 9.891197e-03 9.891197e-04
2.000000e+01 4.200000e+03 1.060921e+02 9.891197e-01 9.891197e-03 9.891197e-04
2.100000e+01 4.400000e+03 9.901050e+01 9.891197e-01 9.891197e-03 9.891197e-04
2.200000e+01 4.600000e+03 9.240155e+01 9.891197e-01 9.891197e-03 9.891197e-04
2.300000e+01 4.800000e+03 8.623378e+01 9.891197e-01 9.891197e-03 9.891197e-04
2.400000e+01 5.000000e+03 8.047766e+01 9.891197e-01 9.891197e-03 9.891197e-04
2.500000e+01 5.200000e+03 7.510576e+01 9.891197e-01 9.891197e-03 9.891197e-04
2.600000e+01 5.400000e+03 7.009245e+01 9.891197e-01 9.891197e-03 9.891197e-04
2.700000e+01 5.600000e+03 6.541378e+01 9.891197e-01 9.891197e-03 9.891197e-04
2.800000e+01 5.800000e+03 6.104742e+01 9.891197e-01 9.891197e-03 9.891197e-04
2.900000e+01 6.000000e+03 5.697250e+01 9.891197e-01 9.891197e-03 9.891197e-04
3.000000e+01 6.200000e+03 5.316959e+01 9.891197e-01 9.891197e-03 9.891197e-04
3.100000e+01 6.400000e+03 4.962052e+01 9.871443e-01 9.871443e-03 9.871443e-04
3.200000e+01 6.600000e+03 4.630835e+01 9.732774e-01 9.732774e-03 9.732774e-04
3.300000e+01 6.800000e+03 4.321727e+01 9.532054e-01 9.532054e-03 9.532054e-04
3.400000e+01 7.000000e+03 4.033252e+01 9.247777e-01 9.247777e-03 9.247777e-04
3.500000e+01 7.200000e+03 3.764032e+01 8.856516e-01 8.856516e-03 8.856516e-04
3.600000e+01 7.400000e+03 3.512783e+01 8.337488e-01 8.337488e-03 8.337488e-04
3.700000e+01 7.600000e+03 3.278305e+01 7.679986e-01 7.679986e-03 7.679986e-04
3.800000e+01 7.800000e+03 3.059478e+01 6.892000e-01 6.892000e-03 6.892000e-04
3.900000e+01 8.000000e+03 2.855258e+01 6.005697e-01 6.005697e-03 6.005697e-04
4.000000e+01 8.200000e+03 2.664670e+01 5.074747e-01 5.074747e-03 5.074747e-04
4.100000e+01 8.400000e+03 2.486803e+01 4.162196e-01 4.162196e-03 4.162196e-04
4.200000e+01 8.600000e+03 2.320809e+01 3.324109e-01 3.324109e-03 3.324109e-04
4.300000e+01 8.800000e+03 2.165896e+01 2.597356e-01 2.597356e-03 2.597356e-04
4.400000e+01 9.000000e+03 2.021322e+01 1.996337e-01 1.996337e-03 1.996337e-04
4.500000e+01 9.200000e+03 1.886398e+01 1.517297e-01 1.517297e-03 1.517297e-04
4.600000e+01 9.400000e+03 1.760481e+01 1.145669e-01 1.145669e-03 1.145669e-04
4.700000e+01 9.600000e+03 1.642970e+01 8.626924e-02 8.626924e-04 8.626924e-05
4.800000e+01 9.800000e+03 1.533302e+01 6.497635e-02 6.497635e-04 6.497635e-05
4.900000e+01 1.000000e+04 1.430953e+01 4.906045e-02 4.906045e-04 4.906045e-05
5.000000e+01 1.020000e+04 1.335438e+01 3.719622e-02 3.719622e-04 3.719622e-05
5.100000e+01 1.040000e+04 1.246297e+01 2.835107e-02 2.835107e-04 2.835107e-05
5.200000e+01 1.060000e+04 1.163107e+01 2.174218e-02 2.174218e-04 2.174218e-05
5.300000e+01 1.080000e+04 1.085469e+01 1.678594e-02 1.678594e-04 1.678594e-05
5.400000e+01 1.100000e+04 1.013014e+01 1.305149e-02 1.305149e-04 1.305149e-05
5.500000e+01 1.120000e+04 9.453959e+00 1.022227e-02 1.022227e-04 1.022227e-05
5.600000e+01 1.140000e+04 8.822902e+00 8.066106e-03 8.066106e-05 8.066106e-06
5.700000e+01 1.160000e+04 8.233974e+00 6.412565e-03 6.412565e-05 6.412565e-06
5.800000e+01 1.180000e+04 7.684360e+00 5.136281e-03 5.136281e-05 5.136281e-06
5.900000e+01 1.200000e+04 7.171428e+00 4.144708e-03 4.144708e-05 4.144708e-06
6.000000e+01 1.220000e+04 6.692735e+00 3.369243e-03 3.369243e-05 3.369243e-06
6.100000e+01 1.240000e+04 6.245995e+00 2.758786e-03 2.758786e-05 2.758786e-06
6.200000e+01 1.260000e+04 5.829075e+00 2.275085e-03 2.275085e-05 2.275085e-06
6.300000e+01 1.280000e+04 5.439985e+00 1.889343e-03 1.889343e-05 1.889343e-06
6.400000e+01 1.300000e+04 5.076866e+00 1.579766e-03 1.579766e-05 1.579766e-06
6.500000e+01 1.320000e+04 4.737985e+00 1.329768e-03 1.329768e-05 1.329768e-06
6.600000e+01 1.340000e+04 4.421725e+00 1.126648e-03 1.126648e-05 1.126648e-06
6.700000e+01 1.360000e+04 4.126575e+00 9.606339e-04 9.606339e-06 9.606339e-07
6.800000e+01 1.380000e+04 3.851126e+00 8.241575e-04 8.241575e-06 8.241575e-07
6.900000e+01 1.400000e+04 3.594063e+00 7.113285e-04 7.113285e-06 7.113285e-07
7.000000e+01 1.420000e+04 3.354160e+00 6.175363e-04 6.175363e-06 6.175363e-07
7.100000e+01 1.440000e+04 3.130269e+00 5.391523e-04 5.391523e-06 5.391523e-07
7.200000e+01 1.460000e+04 2.921324e+00 4.733057e-04 4.733057e-06 4.733057e-07
7.300000e+01 1.480000e+04 2.726326e+00 4.177134e-04 4.177134e-06 4.177134e-07
7.400000e+01 1.500000e+04 2.544343e+00 3.705503e-04 3.705505e-06 3.705506e-07
7.500000e+01 1.520000e+04 2.374509e+00 3.303506e-04 3.303766e-06 3.303963e-07
7.600000e+01 1.540000e+04 2.216011e+00 2.959558e-04 2.977176e-06 2.990561e-07
7.700000e+01 1.560000e+04 2.068092e+00 2.672227e-04 3.270873e-06 3.725713e-07
7.800000e+01 1.580000e+04 1.930047e+00 2.571777e-04 1.355165e-05 2.189397e-06
7.900000e+01 1.600000e+04 1.801216e+00 3.928749e-04 1.205051e-04 2.090779e-05
8.000000e+01 1.620000e+04 1.680985e+00 1.342799e-03 7.783174e-04 1.359467e-04
8.100000e+01 1.640000e+04 1.568779e+00 5.113470e-03 3.349504e-03 5.855549e-04
8.200000e+01 1.660000e+04 1.464063e+00 1.498610e-02 1.006192e-02 1.759294e-03
8.300000e+01 1.680000e+04 1.366337e+00 3.299197e-02 2.229480e-02 3.898334e-03
8.400000e+01 1.700000e+04 1.275134e+00 5.683884e-02 3.849211e-02 6.730591e-03
8.500000e+01 1.720000e+04 1.190019e+00 8.061345e-02 5.463948e-02 9.554115e-03
8.600000e+01 1.740000e+04 1.110585e+00 9.900109e-02 6.712889e-02 1.173801e-02
8.700000e+01 1.760000e+04 1.036454e+00 1.102518e-01 7.477241e-02 1.307455e-02
8.800000e+01 1.780000e+04 9.672705e-01 1.156495e-01 7.844172e-02 1.371617e-02
8.900000e+01 1.800000e+04 9.027054e-01 1.174284e-01 7.965373e-02 1.392811e-02
9.000000e+01 1.820000e+04 8.424496e-01 1.173703e-01 7.961814e-02 1.392189e-02
9.100000e+01 1.840000e+04 7.862162e-01 1.164952e-01 7.902755e-02 1.381862e-02
9.200000e+01 1.860000e+04 7.337363e-01 1.152783e-01 7.820456e-02 1.367472e-02
9.300000e+01 1.880000e+04 6.847594e-01 1.139147e-01 7.728169e-02 1.351335e-02
9.400000e+01 1.900000e+04 6.390517e-01 1.124822e-01 7.631179e-02 1.334376e-02
9.500000e+01 1.920000e+04 5.963950e-01 1.110154e-01 7.531830e-02 1.317004e-02
9.600000e+01 1.940000e+04 5.565857e-01 1.095334e-01 7.431430e-02 1.299448e-02
9.700000e+01 1.960000e+04 5.194336e-01 1.080495e-01 7.330887e-02 1.281868e-02
9.800000e+01 1.980000e+04 4.847614e-01 1.065742e-01 7.230912e-02 1.264386e-02
9.900000e+01 2.000000e+04 4.524036e-01 1.051161e-01 7.132080e-02 1.247105e-02
1.000000e+02 2.020000e+04 4.222057e-01 1.036819e-01 7.034865e-02 1.230106e-02
1.010000e+02 2.040000e+04 3.940235e-01 1.022773e-01 6.939645e-02 1.213456e-02
1.020000e+02 2.060000e+04 3.677224e-01 1.009067e-01 6.846725e-02 1.197208e-02
1.030000e+02 2.080000e+04 3.431770e-01 9.957365e-02 6.756341e-02 1.181404e-02
1.040000e+02 2.100000e+04 3.202699e-01 9.828069e-02 6.668670e-02 1.166074e-02
1.050000e+02 2.120000e+04 2.988919e-01 9.702972e-02 6.583842e-02 1.151241e-02
1.060000e+02 2.140000e+04 2.789409e-01 9.582201e-02 6.501943e-02 1.136921e-02
1.070000e+02 2.160000e+04 2.603216e-01 9.465833e-02 6.423027e-02 1.123121e-02
1.080000e+02 2.180000e+04 2.429451e-01 9.353897e-02 6.347113e-02 1.109847e-02
1.090000e+02 2.200000e+04 2.267285e-01 9.246391e-02 6.274201e-02 1.097098e-02
1.100000e+02 2.220000e+04 2.115944e-01 9.143278e-02 6.204267e-02 1.084870e-02
1.110000e+02 2.240000e+04 1.974705e-01 9.044501e-02 6.137271e-02 1.073155e-02
1.120000e+02 2.260000e+04 1.842893e-01 8.949980e-02 6.073160e-02 1.061944e-02
1.130000e+02 2.280000e+04 1.719881e-01 8.859622e-02 6.011871e-02 1.051228e-02
1.140000e+02 2.300000e+04 1.605079e-01 8.773318e-02 5.953332e-02 1.040991e-02
1.150000e+02 2.320000e+04 1.497939e-01 8.690954e-02 5.897463e-02 1.031222e-02
1.160000e+02 2.340000e+04 1.397952e-01 8.612406e-02 5.844182e-02 1.021906e-02
1.170000e+02 2.360000e+04 1.304639e-01 8.537547e-02 5.793402e-02 1.013026e-02
1.180000e+02 2.380000e+04 1.217554e-01 8.466246e-02 5.745035e-02 1.004569e-02
1.190000e+02 2.400000e+04 1.136283e-01 8.398371e-02 5.698992e-02 9.965180e-03
1.200000e+02 2.420000e+04 1.060436e-01 8.333790e-02 5.655182e-02 9.888575e-03
1.210000e+02 2.440000e+04 9.896514e-02 8.272369e-02 5.613516e-02 9.815719e-03
1.220000e+02 2.460000e+04 9.235925e-02 8.213980e-02 5.573906e-02 9.746457e-03
1.230000e+02 2.480000e+04 8.619423e-02 8.158493e-02 5.536264e-02 9.680638e-03
1.240000e+02 2.500000e+04 8.044079e-02 8.105783e-02 5.500506e-02 9.618112e-03
1.250000e+02 2.520000e+04 7.507138e-02 8.055728e-02 5.466549e-02 9.558734e-03
1.260000e+02 2.540000e+04 7.006036e-02 8.008207e-02 5.434310e-02 9.502362e-03
1.270000e+02 2.560000e+04 6.538383e-02 7.963105e-02 5.403713e-02 9.448860e-03
1.280000e+02 2.580000e+04 6.101947e-02 7.920310e-02 5.374680e-02 9.398094e-03
1.290000e+02 2.600000e+04 5.694642e-02 7.879714e-02 5.347139e-02 9.349936e-03
1.300000e+02 2.620000e+04 5.314524e-02 7.841213e-02 5.321019e-02 9.304262e-03
1.310000e+02 2.640000e+04 4.959780e-02 7.804706e-02 5.296251e-02 9.260954e-03
1.320000e+02 2.660000e+04 4.628715e-02 7.770096e-02 5.272771e-02 9.219898e-03
1.330000e+02 2.680000e+04 4.319748e-02 7.737292e-02 5.250516e-02 9.180982e-03
1.340000e+02 2.700000e+04 4.031405e-02 7.706205e-02 5.229425e-02 9.144103e-03
1.350000e+02 2.720000e+04 3.762309e-02 7.676750e-02 5.209441e-02 9.109160e-03
1.360000e+02 2.740000e+04 3.511175e-02 7.648845e-02 5.190509e-02 9.076056e-03
1.370000e+02 2.760000e+04 3.276804e-02 7.622413e-02 5.172577e-02 9.044699e-03
1.380000e+02 2.780000e+04 3.058078e-02 7.597380e-02 5.155593e-02 9.015002e-03
1.390000e+02 2.800000e+04 2.853951e-02 7.573675e-02 5.139511e-02 8.986880e-03
1.400000e+02 2.820000e+04 2.663450e-02 7.551231e-02 5.124283e-02 8.960254e-03
1.410000e+02 2.840000e+04 2.485665e-02 7.529983e-02 5.109867e-02 8.935047e-03
1.420000e+02 2.860000e+04 2.319746e-02 7.509870e-02 5.096222e-02 8.911186e-03
1.430000e+02 2.880000e+04 2.164904e-02 7.490834e-02 5.083306e-02 8.888603e-03
1.440000e+02 2.900000e+04 2.020396e-02 7.472818e-02 5.071084e-02 8.867230e-03
1.450000e+02 2.920000e+04 1.885535e-02 7.455771e-02 5.059518e-02 8.847007e-03
1.460000e+02 2.940000e+04 1.759675e-02 7.439642e-02 5.048575e-02 8.827872e-03
1.470000e+02 2.960000e+04 1.642217e-02 7.424383e-02 5.038222e-02 8.809769e-03
1.480000e+02 2.980000e+04 1.532599e-02 7.409949e-02 5.028429e-02 8.792645e-03
1.490000e+02 3.000000e+04 1.430299e-02 7.396296e-02 5.019166e-02 8.776448e-03