Time,U,B,V,R,I,gs,rs,is
7.500000e-01,,2.524386e+00,-9.083662e-01,-5.419583e+00,-7.464700e+00,5.863511e-01,-3.575664e+00,-6.763400e+00
1.250000e+00,,7.840720e+00,-1.005990e+00,-4.936849e+00,-7.250375e+00,5.452849e+00,-3.608981e+00,-6.126095e+00
1.750000e+00,1.602159e+00,7.041424e-02,-4.182533e+00,-7.477876e+00,-9.450264e+00,-8.128771e-01,-6.516725e+00,-8.452608e+00
2.250000e+00,-3.247768e+00,-5.773979e+00,-8.599032e+00,-1.056133e+01,-1.206303e+01,-7.049091e+00,-9.983844e+00,-1.125909e+01
2.750000e+00,-7.872268e+00,-8.990812e+00,-1.132363e+01,-1.299768e+01,-1.405369e+01,-9.990978e+00,-1.239816e+01,-1.362381e+01
3.250000e+00,-9.470731e+00,-1.088412e+01,-1.358718e+01,-1.436211e+01,-1.515681e+01,-1.216005e+01,-1.387747e+01,-1.482604e+01
3.750000e+00,-1.103331e+01,-1.222168e+01,-1.510471e+01,-1.535431e+01,-1.593084e+01,-1.359681e+01,-1.500430e+01,-1.559361e+01
4.250000e+00,-1.202159e+01,-1.312304e+01,-1.600403e+01,-1.610285e+01,-1.651799e+01,-1.446561e+01,-1.583896e+01,-1.615062e+01
4.750000e+00,-1.294126e+01,-1.390859e+01,-1.660892e+01,-1.665966e+01,-1.697998e+01,-1.515119e+01,-1.643712e+01,-1.660156e+01
5.250000e+00,-1.371753e+01,-1.455810e+01,-1.708076e+01,-1.711379e+01,-1.739662e+01,-1.572538e+01,-1.691723e+01,-1.699065e+01
5.750000e+00,-1.444257e+01,-1.516029e+01,-1.746448e+01,-1.746895e+01,-1.773741e+01,-1.623923e+01,-1.729942e+01,-1.727342e+01
6.250000e+00,-1.509323e+01,-1.573810e+01,-1.776433e+01,-1.774776e+01,-1.803847e+01,-1.670319e+01,-1.759904e+01,-1.749578e+01
6.750000e+00,-1.569259e+01,-1.626211e+01,-1.801292e+01,-1.795381e+01,-1.829464e+01,-1.711814e+01,-1.781662e+01,-1.767318e+01
7.250000e+00,-1.616639e+01,-1.669464e+01,-1.821405e+01,-1.810531e+01,-1.850430e+01,-1.745771e+01,-1.798072e+01,-1.780547e+01
7.750000e+00,-1.649298e+01,-1.702969e+01,-1.836513e+01,-1.822271e+01,-1.867681e+01,-1.772613e+01,-1.810240e+01,-1.791332e+01
8.250000e+00,-1.674241e+01,-1.726665e+01,-1.848642e+01,-1.831748e+01,-1.881408e+01,-1.792131e+01,-1.820040e+01,-1.801351e+01
8.750000e+00,-1.691594e+01,-1.745743e+01,-1.859358e+01,-1.840623e+01,-1.893172e+01,-1.808645e+01,-1.829197e+01,-1.809609e+01
9.250000e+00,-1.701048e+01,-1.757934e+01,-1.868441e+01,-1.848768e+01,-1.903531e+01,-1.820012e+01,-1.837765e+01,-1.816936e+01
9.750000e+00,-1.707221e+01,-1.767722e+01,-1.876084e+01,-1.855865e+01,-1.912400e+01,-1.829417e+01,-1.845480e+01,-1.822760e+01
1.025000e+01,-1.708573e+01,-1.774489e+01,-1.883479e+01,-1.862948e+01,-1.920416e+01,-1.836898e+01,-1.852855e+01,-1.828456e+01
1.075000e+01,-1.707787e+01,-1.778315e+01,-1.889938e+01,-1.868822e+01,-1.927507e+01,-1.842177e+01,-1.858962e+01,-1.833580e+01
1.125000e+01,-1.706230e+01,-1.781340e+01,-1.895462e+01,-1.874257e+01,-1.933480e+01,-1.846512e+01,-1.864836e+01,-1.837540e+01
1.175000e+01,-1.704026e+01,-1.783888e+01,-1.900808e+01,-1.879031e+01,-1.938450e+01,-1.850455e+01,-1.870061e+01,-1.840185e+01
1.225000e+01,-1.699530e+01,-1.784791e+01,-1.906041e+01,-1.884215e+01,-1.943342e+01,-1.853366e+01,-1.875650e+01,-1.843502e+01
1.275000e+01,-1.693863e+01,-1.784506e+01,-1.910217e+01,-1.888626e+01,-1.947532e+01,-1.854923e+01,-1.880324e+01,-1.846583e+01
1.325000e+01,-1.688316e+01,-1.783960e+01,-1.913934e+01,-1.893142e+01,-1.951287e+01,-1.856302e+01,-1.885319e+01,-1.848771e+01
1.375000e+01,-1.681903e+01,-1.782257e+01,-1.917161e+01,-1.896657e+01,-1.954324e+01,-1.856833e+01,-1.889238e+01,-1.850096e+01
1.425000e+01,-1.675090e+01,-1.780143e+01,-1.920592e+01,-1.900113e+01,-1.957360e+01,-1.856996e+01,-1.892942e+01,-1.852078e+01
1.475000e+01,-1.669228e+01,-1.777271e+01,-1.923554e+01,-1.903718e+01,-1.959933e+01,-1.856190e+01,-1.896891e+01,-1.853577e+01
1.525000e+01,-1.661993e+01,-1.774147e+01,-1.925898e+01,-1.907191e+01,-1.961604e+01,-1.855165e+01,-1.900697e+01,-1.854608e+01
1.575000e+01,-1.653710e+01,-1.770736e+01,-1.928001e+01,-1.910422e+01,-1.963337e+01,-1.853800e+01,-1.904148e+01,-1.856157e+01
1.625000e+01,-1.644536e+01,-1.766206e+01,-1.929703e+01,-1.913201e+01,-1.964584e+01,-1.851778e+01,-1.907226e+01,-1.856919e+01
1.675000e+01,-1.636043e+01,-1.761307e+01,-1.930575e+01,-1.915546e+01,-1.965045e+01,-1.848949e+01,-1.909817e+01,-1.857293e+01
1.725000e+01,-1.627064e+01,-1.756626e+01,-1.931532e+01,-1.917989e+01,-1.965447e+01,-1.846292e+01,-1.912288e+01,-1.858396e+01
1.775000e+01,-1.617872e+01,-1.750979e+01,-1.932123e+01,-1.919936e+01,-1.965724e+01,-1.842810e+01,-1.914305e+01,-1.859443e+01
1.825000e+01,-1.608762e+01,-1.745214e+01,-1.932015e+01,-1.921474e+01,-1.965859e+01,-1.838939e+01,-1.915845e+01,-1.860015e+01
1.875000e+01,-1.599585e+01,-1.739581e+01,-1.931661e+01,-1.922930e+01,-1.965560e+01,-1.834904e+01,-1.917297e+01,-1.860845e+01
1.925000e+01,-1.590164e+01,-1.733503e+01,-1.930874e+01,-1.923964e+01,-1.964986e+01,-1.830491e+01,-1.918288e+01,-1.861353e+01
1.975000e+01,-1.581269e+01,-1.728151e+01,-1.930008e+01,-1.924568e+01,-1.964479e+01,-1.826643e+01,-1.918710e+01,-1.862047e+01
2.025000e+01,-1.571360e+01,-1.722831e+01,-1.928978e+01,-1.924837e+01,-1.963919e+01,-1.822648e+01,-1.918736e+01,-1.862629e+01
2.075000e+01,-1.561389e+01,-1.717385e+01,-1.927555e+01,-1.924696e+01,-1.963090e+01,-1.818355e+01,-1.918494e+01,-1.862630e+01
