Time,U,B,V,R,I,gs,rs,is
7.500000e-01,-1.667356e+01,-1.589054e+01,-1.576545e+01,-1.564955e+01,-1.528040e+01,-1.594943e+01,-1.553267e+01,-1.516053e+01
1.250000e+00,-1.729676e+01,-1.668871e+01,-1.658962e+01,-1.647817e+01,-1.610485e+01,-1.675990e+01,-1.636326e+01,-1.596723e+01
1.750000e+00,-1.750398e+01,-1.706233e+01,-1.699100e+01,-1.693917e+01,-1.669932e+01,-1.714408e+01,-1.680953e+01,-1.649874e+01
2.250000e+00,-1.738192e+01,-1.717572e+01,-1.722371e+01,-1.718322e+01,-1.708074e+01,-1.732220e+01,-1.703850e+01,-1.681748e+01
2.750000e+00,-1.705217e+01,-1.710823e+01,-1.736794e+01,-1.735268e+01,-1.730041e+01,-1.735927e+01,-1.721082e+01,-1.697988e+01
3.250000e+00,-1.657848e+01,-1.692716e+01,-1.747390e+01,-1.745873e+01,-1.746205e+01,-1.731615e+01,-1.731714e+01,-1.707602e+01
3.750000e+00,-1.606059e+01,-1.659960e+01,-1.752089e+01,-1.756437e+01,-1.759527e+01,-1.713374e+01,-1.742494e+01,-1.715534e+01
4.250000e+00,-1.574384e+01,-1.620490e+01,-1.748727e+01,-1.768248e+01,-1.770983e+01,-1.685555e+01,-1.753632e+01,-1.725689e+01
4.750000e+00,-1.546339e+01,-1.587499e+01,-1.740634e+01,-1.777261e+01,-1.784502e+01,-1.661205e+01,-1.760683e+01,-1.739703e+01
5.250000e+00,-1.535029e+01,-1.574864e+01,-1.738144e+01,-1.786574e+01,-1.797419e+01,-1.652394e+01,-1.768208e+01,-1.755370e+01
5.750000e+00,-1.527371e+01,-1.568504e+01,-1.739905e+01,-1.795600e+01,-1.811353e+01,-1.649286e+01,-1.776140e+01,-1.769032e+01
6.250000e+00,-1.529396e+01,-1.572317e+01,-1.749014e+01,-1.804602e+01,-1.822495e+01,-1.656390e+01,-1.784803e+01,-1.779024e+01
6.750000e+00,-1.536515e+01,-1.585246e+01,-1.763451e+01,-1.816786e+01,-1.834641e+01,-1.671601e+01,-1.797006e+01,-1.791236e+01
7.250000e+00,-1.547815e+01,-1.600185e+01,-1.781013e+01,-1.829621e+01,-1.846757e+01,-1.688691e+01,-1.810586e+01,-1.801693e+01
7.750000e+00,-1.554853e+01,-1.612080e+01,-1.796274e+01,-1.842214e+01,-1.857710e+01,-1.702461e+01,-1.824481e+01,-1.810322e+01
8.250000e+00,-1.561759e+01,-1.622364e+01,-1.808487e+01,-1.852213e+01,-1.867010e+01,-1.714052e+01,-1.834970e+01,-1.818963e+01
8.750000e+00,-1.569017e+01,-1.634035e+01,-1.822448e+01,-1.861862e+01,-1.876785e+01,-1.727522e+01,-1.845397e+01,-1.826281e+01
9.250000e+00,-1.575354e+01,-1.642686e+01,-1.833868e+01,-1.870574e+01,-1.885331e+01,-1.737812e+01,-1.855011e+01,-1.832512e+01
9.750000e+00,-1.577899e+01,-1.649616e+01,-1.843568e+01,-1.878733e+01,-1.893067e+01,-1.746245e+01,-1.863703e+01,-1.838939e+01
1.025000e+01,-1.579259e+01,-1.654784e+01,-1.852320e+01,-1.886319e+01,-1.899940e+01,-1.753260e+01,-1.871724e+01,-1.844929e+01
1.075000e+01,-1.579117e+01,-1.657719e+01,-1.859303e+01,-1.892434e+01,-1.907336e+01,-1.758075e+01,-1.877900e+01,-1.851190e+01
1.125000e+01,-1.578262e+01,-1.660315e+01,-1.865606e+01,-1.898015e+01,-1.913710e+01,-1.762597e+01,-1.883726e+01,-1.856075e+01
1.175000e+01,-1.575997e+01,-1.661446e+01,-1.871075e+01,-1.903093e+01,-1.919568e+01,-1.765811e+01,-1.888958e+01,-1.860542e+01
1.225000e+01,-1.572881e+01,-1.661577e+01,-1.875348e+01,-1.907898e+01,-1.924563e+01,-1.767655e+01,-1.894066e+01,-1.864148e+01
1.275000e+01,-1.569101e+01,-1.660745e+01,-1.878600e+01,-1.911828e+01,-1.929830e+01,-1.768613e+01,-1.897970e+01,-1.868379e+01
1.325000e+01,-1.564899e+01,-1.659664e+01,-1.880862e+01,-1.914638e+01,-1.934315e+01,-1.768862e+01,-1.900585e+01,-1.871746e+01
1.375000e+01,-1.560032e+01,-1.658778e+01,-1.883242e+01,-1.917132e+01,-1.938082e+01,-1.769322e+01,-1.903019e+01,-1.874299e+01
1.425000e+01,-1.555197e+01,-1.656826e+01,-1.885250e+01,-1.919653e+01,-1.941747e+01,-1.769123e+01,-1.905542e+01,-1.876856e+01
1.475000e+01,-1.549219e+01,-1.653420e+01,-1.885829e+01,-1.921800e+01,-1.945255e+01,-1.767268e+01,-1.907575e+01,-1.879626e+01
1.525000e+01,-1.541994e+01,-1.649433e+01,-1.885541e+01,-1.923255e+01,-1.948270e+01,-1.764778e+01,-1.908583e+01,-1.882553e+01
1.575000e+01,-1.533340e+01,-1.646099e+01,-1.885445e+01,-1.924121e+01,-1.950525e+01,-1.762974e+01,-1.908988e+01,-1.884909e+01
1.625000e+01,-1.525367e+01,-1.642565e+01,-1.885126e+01,-1.924718e+01,-1.952982e+01,-1.760832e+01,-1.909106e+01,-1.887709e+01
1.675000e+01,-1.518170e+01,-1.638767e+01,-1.884392e+01,-1.925381e+01,-1.954855e+01,-1.757981e+01,-1.909390e+01,-1.889728e+01
1.725000e+01,-1.511384e+01,-1.634990e+01,-1.883225e+01,-1.925459e+01,-1.956417e+01,-1.755038e+01,-1.908901e+01,-1.891894e+01
1.775000e+01,-1.503090e+01,-1.631095e+01,-1.881975e+01,-1.925274e+01,-1.957985e+01,-1.751871e+01,-1.908045e+01,-1.894152e+01
1.825000e+01,-1.494880e+01,-1.626991e+01,-1.880288e+01,-1.924805e+01,-1.959409e+01,-1.748697e+01,-1.906808e+01,-1.896346e+01
1.875000e+01,-1.486326e+01,-1.622990e+01,-1.878609e+01,-1.924246e+01,-1.960766e+01,-1.745337e+01,-1.905492e+01,-1.898303e+01
1.925000e+01,-1.478519e+01,-1.618042e+01,-1.876188e+01,-1.923193e+01,-1.961815e+01,-1.740981e+01,-1.903596e+01,-1.900179e+01
1.975000e+01,-1.471898e+01,-1.613484e+01,-1.873756e+01,-1.921624e+01,-1.962153e+01,-1.736854e+01,-1.901321e+01,-1.901209e+01
2.025000e+01,-1.460840e+01,-1.609158e+01,-1.871027e+01,-1.919952e+01,-1.962624e+01,-1.732761e+01,-1.898886e+01,-1.901971e+01
2.075000e+01,-1.453844e+01,-1.604737e+01,-1.868447e+01,-1.918180e+01,-1.962794e+01,-1.728548e+01,-1.896327e+01,-1.902632e+01
