Time,U,B,V,R,I,gs,rs,is
7.500000e-01,-1.096868e+01,-1.108085e+01,-1.232872e+01,-1.289538e+01,-1.343257e+01,-1.164123e+01,-1.263441e+01,-1.294671e+01
1.250000e+00,-8.144580e+00,-9.031526e+00,-1.095467e+01,-1.203680e+01,-1.294874e+01,-9.811028e+00,-1.162560e+01,-1.242208e+01
1.750000e+00,-5.839035e+00,-7.090148e+00,-9.517999e+00,-1.090892e+01,-1.214678e+01,-8.087011e+00,-1.041214e+01,-1.145650e+01
2.250000e+00,-3.648737e+00,-5.601847e+00,-8.170801e+00,-1.003132e+01,-1.145109e+01,-6.441275e+00,-9.578963e+00,-1.056819e+01
2.750000e+00,-4.997059e+00,-6.053839e+00,-7.942351e+00,-9.999822e+00,-1.151909e+01,-6.282756e+00,-9.479544e+00,-1.055861e+01
3.250000e+00,-5.013003e+00,-6.548480e+00,-9.054094e+00,-1.072489e+01,-1.228932e+01,-7.583591e+00,-1.018819e+01,-1.129324e+01
3.750000e+00,-6.662328e+00,-7.830651e+00,-1.036815e+01,-1.217763e+01,-1.346986e+01,-8.741010e+00,-1.173234e+01,-1.260886e+01
4.250000e+00,-8.389341e+00,-9.737326e+00,-1.207914e+01,-1.373578e+01,-1.468631e+01,-1.059472e+01,-1.329561e+01,-1.410822e+01
4.750000e+00,-9.713938e+00,-1.098852e+01,-1.341145e+01,-1.484417e+01,-1.557886e+01,-1.197873e+01,-1.443827e+01,-1.513457e+01
5.250000e+00,-1.062032e+01,-1.203072e+01,-1.459128e+01,-1.555798e+01,-1.613101e+01,-1.325113e+01,-1.522022e+01,-1.571577e+01
5.750000e+00,-1.134175e+01,-1.273952e+01,-1.539898e+01,-1.604256e+01,-1.652253e+01,-1.407716e+01,-1.575673e+01,-1.609695e+01
6.250000e+00,-1.177515e+01,-1.322655e+01,-1.592980e+01,-1.640969e+01,-1.684408e+01,-1.459782e+01,-1.615694e+01,-1.639505e+01
6.750000e+00,-1.220797e+01,-1.361842e+01,-1.629818e+01,-1.669583e+01,-1.712274e+01,-1.497399e+01,-1.645687e+01,-1.665312e+01
7.250000e+00,-1.261110e+01,-1.395169e+01,-1.658135e+01,-1.694036e+01,-1.736570e+01,-1.527184e+01,-1.671283e+01,-1.687479e+01
7.750000e+00,-1.296259e+01,-1.424227e+01,-1.680936e+01,-1.713918e+01,-1.757391e+01,-1.552082e+01,-1.691913e+01,-1.706099e+01
8.250000e+00,-1.323070e+01,-1.448035e+01,-1.699318e+01,-1.730615e+01,-1.775647e+01,-1.572773e+01,-1.709347e+01,-1.721409e+01
8.750000e+00,-1.343049e+01,-1.467827e+01,-1.715556e+01,-1.746102e+01,-1.790586e+01,-1.589792e+01,-1.725560e+01,-1.734795e+01
9.250000e+00,-1.357867e+01,-1.484858e+01,-1.729854e+01,-1.758873e+01,-1.803598e+01,-1.605791e+01,-1.739033e+01,-1.746011e+01
9.750000e+00,-1.374356e+01,-1.500226e+01,-1.741376e+01,-1.769663e+01,-1.815528e+01,-1.618945e+01,-1.750032e+01,-1.756554e+01
1.025000e+01,-1.386733e+01,-1.513952e+01,-1.751946e+01,-1.778913e+01,-1.825497e+01,-1.631153e+01,-1.760122e+01,-1.763960e+01
1.075000e+01,-1.395522e+01,-1.526084e+01,-1.761295e+01,-1.787197e+01,-1.834699e+01,-1.641964e+01,-1.768724e+01,-1.771586e+01
1.125000e+01,-1.404185e+01,-1.537198e+01,-1.769230e+01,-1.794180e+01,-1.843045e+01,-1.651690e+01,-1.776225e+01,-1.777619e+01
1.175000e+01,-1.412324e+01,-1.546963e+01,-1.776743e+01,-1.800121e+01,-1.850086e+01,-1.660351e+01,-1.782691e+01,-1.782791e+01
1.225000e+01,-1.416227e+01,-1.556061e+01,-1.782675e+01,-1.804689e+01,-1.856393e+01,-1.668084e+01,-1.787648e+01,-1.786272e+01
1.275000e+01,-1.421459e+01,-1.563602e+01,-1.787437e+01,-1.808658e+01,-1.861705e+01,-1.674443e+01,-1.791909e+01,-1.789780e+01
1.325000e+01,-1.426933e+01,-1.571822e+01,-1.792507e+01,-1.811722e+01,-1.866969e+01,-1.681613e+01,-1.795287e+01,-1.792754e+01
1.375000e+01,-1.428267e+01,-1.578393e+01,-1.797039e+01,-1.813872e+01,-1.871416e+01,-1.687831e+01,-1.797787e+01,-1.794428e+01
1.425000e+01,-1.429090e+01,-1.584002e+01,-1.800548e+01,-1.815812e+01,-1.875305e+01,-1.692643e+01,-1.800178e+01,-1.795370e+01
1.475000e+01,-1.428151e+01,-1.589688e+01,-1.803459e+01,-1.816816e+01,-1.878269e+01,-1.697360e+01,-1.801700e+01,-1.795541e+01
1.525000e+01,-1.424777e+01,-1.594160e+01,-1.805796e+01,-1.817404e+01,-1.880814e+01,-1.701313e+01,-1.802616e+01,-1.795705e+01
1.575000e+01,-1.422300e+01,-1.597765e+01,-1.808153e+01,-1.817737e+01,-1.883242e+01,-1.704928e+01,-1.803451e+01,-1.795170e+01
1.625000e+01,-1.418885e+01,-1.600817e+01,-1.810114e+01,-1.817588e+01,-1.885031e+01,-1.707732e+01,-1.803886e+01,-1.793829e+01
1.675000e+01,-1.413844e+01,-1.602742e+01,-1.811005e+01,-1.816902e+01,-1.886441e+01,-1.709678e+01,-1.803652e+01,-1.792472e+01
1.725000e+01,-1.407072e+01,-1.603780e+01,-1.811760e+01,-1.815661e+01,-1.887726e+01,-1.711078e+01,-1.802563e+01,-1.791012e+01
1.775000e+01,-1.397820e+01,-1.603246e+01,-1.812225e+01,-1.813891e+01,-1.888679e+01,-1.711325e+01,-1.801340e+01,-1.788446e+01
1.825000e+01,-1.386956e+01,-1.600861e+01,-1.812072e+01,-1.812438e+01,-1.888873e+01,-1.710357e+01,-1.800407e+01,-1.785913e+01
1.875000e+01,-1.371819e+01,-1.596822e+01,-1.811835e+01,-1.811097e+01,-1.888607e+01,-1.708682e+01,-1.799671e+01,-1.782743e+01
1.925000e+01,-1.352755e+01,-1.589944e+01,-1.810281e+01,-1.808610e+01,-1.887689e+01,-1.704821e+01,-1.797721e+01,-1.778628e+01
1.975000e+01,-1.330697e+01,-1.582031e+01,-1.808587e+01,-1.806329e+01,-1.885954e+01,-1.700182e+01,-1.795684e+01,-1.774465e+01
2.025000e+01,-1.304217e+01,-1.572042e+01,-1.806311e+01,-1.803975e+01,-1.883618e+01,-1.694574e+01,-1.793758e+01,-1.769938e+01
2.075000e+01,-1.274647e+01,-1.560924e+01,-1.803371e+01,-1.801732e+01,-1.880483e+01,-1.687974e+01,-1.791832e+01,-1.765184e+01
