Time,U,B,V,R,I,gs,rs,is
7.500000e-01,-1.201316e+01,-1.203094e+01,-1.324870e+01,-1.370135e+01,-1.424393e+01,-1.262158e+01,-1.343542e+01,-1.376320e+01
1.250000e+00,-1.236613e+01,-1.251377e+01,-1.388355e+01,-1.441842e+01,-1.495493e+01,-1.314094e+01,-1.413200e+01,-1.451015e+01
1.750000e+00,-1.210817e+01,-1.242170e+01,-1.405100e+01,-1.463769e+01,-1.524858e+01,-1.316388e+01,-1.433035e+01,-1.478998e+01
2.250000e+00,-1.152649e+01,-1.220423e+01,-1.396460e+01,-1.461653e+01,-1.535162e+01,-1.302829e+01,-1.424701e+01,-1.491727e+01
2.750000e+00,-1.075834e+01,-1.162133e+01,-1.379541e+01,-1.453542e+01,-1.527392e+01,-1.265806e+01,-1.411331e+01,-1.490188e+01
3.250000e+00,-1.071553e+01,-1.158475e+01,-1.378285e+01,-1.462695e+01,-1.544791e+01,-1.259920e+01,-1.414733e+01,-1.508838e+01
3.750000e+00,-1.089037e+01,-1.199680e+01,-1.425170e+01,-1.498942e+01,-1.580795e+01,-1.305592e+01,-1.451875e+01,-1.543471e+01
4.250000e+00,-1.150688e+01,-1.250823e+01,-1.478748e+01,-1.550204e+01,-1.627631e+01,-1.358674e+01,-1.506143e+01,-1.590486e+01
4.750000e+00,-1.231842e+01,-1.317049e+01,-1.544898e+01,-1.600628e+01,-1.674895e+01,-1.429209e+01,-1.556990e+01,-1.639983e+01
5.250000e+00,-1.294194e+01,-1.372742e+01,-1.602850e+01,-1.646732e+01,-1.716405e+01,-1.487527e+01,-1.606054e+01,-1.680590e+01
5.750000e+00,-1.349588e+01,-1.426589e+01,-1.657842e+01,-1.689900e+01,-1.750759e+01,-1.544229e+01,-1.653213e+01,-1.715605e+01
6.250000e+00,-1.402549e+01,-1.472867e+01,-1.703055e+01,-1.727005e+01,-1.779998e+01,-1.589438e+01,-1.693542e+01,-1.745185e+01
6.750000e+00,-1.439786e+01,-1.509146e+01,-1.740906e+01,-1.758498e+01,-1.805188e+01,-1.626244e+01,-1.728234e+01,-1.769769e+01
7.250000e+00,-1.473495e+01,-1.540445e+01,-1.771852e+01,-1.783852e+01,-1.826330e+01,-1.656787e+01,-1.756150e+01,-1.789340e+01
7.750000e+00,-1.500281e+01,-1.565852e+01,-1.797746e+01,-1.805286e+01,-1.843853e+01,-1.681753e+01,-1.780131e+01,-1.804913e+01
8.250000e+00,-1.521103e+01,-1.587350e+01,-1.818323e+01,-1.823278e+01,-1.859692e+01,-1.702400e+01,-1.800479e+01,-1.817628e+01
8.750000e+00,-1.536841e+01,-1.604601e+01,-1.835707e+01,-1.838439e+01,-1.873183e+01,-1.719231e+01,-1.817484e+01,-1.828265e+01
9.250000e+00,-1.549630e+01,-1.618821e+01,-1.849616e+01,-1.850601e+01,-1.884841e+01,-1.733416e+01,-1.830997e+01,-1.837142e+01
9.750000e+00,-1.559993e+01,-1.630093e+01,-1.861571e+01,-1.861179e+01,-1.895073e+01,-1.744869e+01,-1.842529e+01,-1.845469e+01
1.025000e+01,-1.567413e+01,-1.639213e+01,-1.871122e+01,-1.870197e+01,-1.904227e+01,-1.753568e+01,-1.852747e+01,-1.851548e+01
1.075000e+01,-1.571715e+01,-1.646485e+01,-1.879555e+01,-1.878161e+01,-1.912016e+01,-1.761267e+01,-1.861469e+01,-1.857157e+01
1.125000e+01,-1.574160e+01,-1.651936e+01,-1.886250e+01,-1.885074e+01,-1.919133e+01,-1.766895e+01,-1.868859e+01,-1.862726e+01
1.175000e+01,-1.574591e+01,-1.654892e+01,-1.891606e+01,-1.890727e+01,-1.925122e+01,-1.770849e+01,-1.874874e+01,-1.867340e+01
1.225000e+01,-1.572918e+01,-1.657232e+01,-1.896696e+01,-1.896168e+01,-1.930739e+01,-1.774438e+01,-1.880836e+01,-1.871603e+01
1.275000e+01,-1.569747e+01,-1.658298e+01,-1.900619e+01,-1.900799e+01,-1.935693e+01,-1.776456e+01,-1.885605e+01,-1.875606e+01
1.325000e+01,-1.564044e+01,-1.657768e+01,-1.903555e+01,-1.904586e+01,-1.939832e+01,-1.777412e+01,-1.889414e+01,-1.878947e+01
1.375000e+01,-1.560310e+01,-1.656673e+01,-1.905970e+01,-1.907953e+01,-1.942934e+01,-1.777767e+01,-1.892947e+01,-1.881424e+01
1.425000e+01,-1.554422e+01,-1.655348e+01,-1.908096e+01,-1.910970e+01,-1.946220e+01,-1.777842e+01,-1.895838e+01,-1.884729e+01
1.475000e+01,-1.548314e+01,-1.653174e+01,-1.909503e+01,-1.913531e+01,-1.948892e+01,-1.777168e+01,-1.898241e+01,-1.887747e+01
1.525000e+01,-1.540641e+01,-1.650336e+01,-1.910363e+01,-1.915666e+01,-1.951080e+01,-1.775840e+01,-1.900075e+01,-1.890473e+01
1.575000e+01,-1.534023e+01,-1.647655e+01,-1.910946e+01,-1.917485e+01,-1.953416e+01,-1.774326e+01,-1.901623e+01,-1.893087e+01
1.625000e+01,-1.525979e+01,-1.644860e+01,-1.911388e+01,-1.918867e+01,-1.955176e+01,-1.772654e+01,-1.902864e+01,-1.894780e+01
1.675000e+01,-1.518695e+01,-1.642025e+01,-1.911879e+01,-1.920136e+01,-1.956583e+01,-1.770848e+01,-1.903817e+01,-1.896594e+01
1.725000e+01,-1.510216e+01,-1.639148e+01,-1.911759e+01,-1.920988e+01,-1.957702e+01,-1.768898e+01,-1.904301e+01,-1.898130e+01
1.775000e+01,-1.503749e+01,-1.635882e+01,-1.911327e+01,-1.921865e+01,-1.958875e+01,-1.766297e+01,-1.904707e+01,-1.900097e+01
1.825000e+01,-1.498194e+01,-1.632551e+01,-1.910427e+01,-1.922196e+01,-1.959683e+01,-1.763473e+01,-1.904647e+01,-1.901234e+01
1.875000e+01,-1.490328e+01,-1.628667e+01,-1.909107e+01,-1.922210e+01,-1.960045e+01,-1.760263e+01,-1.904147e+01,-1.902443e+01
1.925000e+01,-1.480965e+01,-1.624323e+01,-1.907444e+01,-1.921707e+01,-1.960567e+01,-1.756706e+01,-1.903153e+01,-1.903102e+01
1.975000e+01,-1.472924e+01,-1.620983e+01,-1.906034e+01,-1.920996e+01,-1.960895e+01,-1.753511e+01,-1.902196e+01,-1.902919e+01
2.025000e+01,-1.464515e+01,-1.616820e+01,-1.904308e+01,-1.919949e+01,-1.960516e+01,-1.749993e+01,-1.900876e+01,-1.902401e+01
2.075000e+01,-1.457226e+01,-1.613014e+01,-1.902000e+01,-1.918609e+01,-1.960111e+01,-1.746196e+01,-1.899121e+01,-1.901960e+01
