Time,U,B,V,R,I,gs,rs,is
7.500000e-01,-8.915182e+00,-9.072918e+00,-1.045399e+01,-1.125214e+01,-1.197593e+01,-9.627875e+00,-1.091758e+01,-1.147147e+01
1.250000e+00,-2.902003e+00,-6.318925e+00,-7.853890e+00,-9.082475e+00,-1.067870e+01,-6.863761e+00,-8.378234e+00,-9.894620e+00
1.750000e+00,,-2.468116e+00,-6.619657e+00,-7.893167e+00,-9.808933e+00,-4.413811e+00,-7.275441e+00,-8.676090e+00
2.250000e+00,2.016544e+00,-2.325362e+00,-6.020979e+00,-8.674919e+00,-1.028838e+01,-3.929038e+00,-8.097225e+00,-9.225400e+00
2.750000e+00,-3.631978e+00,-3.957231e+00,-7.143460e+00,-9.429936e+00,-1.104249e+01,-4.654300e+00,-8.928580e+00,-9.985844e+00
3.250000e+00,-1.173729e+00,-5.605802e+00,-8.660498e+00,-1.079608e+01,-1.222951e+01,-6.578542e+00,-1.037662e+01,-1.116781e+01
3.750000e+00,-6.807290e+00,-8.167978e+00,-1.087964e+01,-1.275701e+01,-1.374399e+01,-9.082690e+00,-1.241461e+01,-1.297959e+01
4.250000e+00,-8.303144e+00,-1.016592e+01,-1.277713e+01,-1.429724e+01,-1.500233e+01,-1.123226e+01,-1.395525e+01,-1.448330e+01
4.750000e+00,-9.952312e+00,-1.166750e+01,-1.434024e+01,-1.523545e+01,-1.571133e+01,-1.299399e+01,-1.498116e+01,-1.521877e+01
5.250000e+00,-1.080180e+01,-1.265206e+01,-1.533646e+01,-1.584467e+01,-1.622856e+01,-1.403545e+01,-1.563770e+01,-1.571490e+01
5.750000e+00,-1.168044e+01,-1.334489e+01,-1.590522e+01,-1.625824e+01,-1.662381e+01,-1.464130e+01,-1.607700e+01,-1.605793e+01
6.250000e+00,-1.230947e+01,-1.384872e+01,-1.627367e+01,-1.656541e+01,-1.694644e+01,-1.506260e+01,-1.639004e+01,-1.635574e+01
6.750000e+00,-1.279043e+01,-1.424720e+01,-1.656421e+01,-1.682009e+01,-1.721317e+01,-1.539634e+01,-1.665245e+01,-1.659423e+01
7.250000e+00,-1.320810e+01,-1.459507e+01,-1.680276e+01,-1.704200e+01,-1.744635e+01,-1.568927e+01,-1.687731e+01,-1.680994e+01
7.750000e+00,-1.351797e+01,-1.485927e+01,-1.700620e+01,-1.722481e+01,-1.763905e+01,-1.592090e+01,-1.706298e+01,-1.698924e+01
8.250000e+00,-1.375624e+01,-1.509554e+01,-1.717529e+01,-1.738163e+01,-1.780740e+01,-1.612538e+01,-1.722395e+01,-1.713639e+01
8.750000e+00,-1.397743e+01,-1.530194e+01,-1.732115e+01,-1.751787e+01,-1.796003e+01,-1.630446e+01,-1.736261e+01,-1.727052e+01
9.250000e+00,-1.415665e+01,-1.547502e+01,-1.744839e+01,-1.763460e+01,-1.808949e+01,-1.645463e+01,-1.748424e+01,-1.737908e+01
9.750000e+00,-1.431266e+01,-1.562958e+01,-1.755575e+01,-1.773312e+01,-1.820785e+01,-1.659128e+01,-1.758486e+01,-1.747906e+01
1.025000e+01,-1.442629e+01,-1.576648e+01,-1.765594e+01,-1.781371e+01,-1.830884e+01,-1.671409e+01,-1.767020e+01,-1.754996e+01
1.075000e+01,-1.455121e+01,-1.589399e+01,-1.773203e+01,-1.787794e+01,-1.839861e+01,-1.682019e+01,-1.773641e+01,-1.761448e+01
1.125000e+01,-1.464327e+01,-1.600804e+01,-1.780034e+01,-1.793005e+01,-1.847614e+01,-1.692005e+01,-1.779019e+01,-1.767213e+01
1.175000e+01,-1.471909e+01,-1.610936e+01,-1.786155e+01,-1.797862e+01,-1.854604e+01,-1.700512e+01,-1.784090e+01,-1.771821e+01
1.225000e+01,-1.475950e+01,-1.620101e+01,-1.791310e+01,-1.800779e+01,-1.860667e+01,-1.708393e+01,-1.786987e+01,-1.775490e+01
1.275000e+01,-1.480389e+01,-1.628098e+01,-1.795562e+01,-1.803524e+01,-1.866007e+01,-1.715165e+01,-1.790043e+01,-1.778661e+01
1.325000e+01,-1.484457e+01,-1.635817e+01,-1.799850e+01,-1.805557e+01,-1.871258e+01,-1.721793e+01,-1.792368e+01,-1.780629e+01
1.375000e+01,-1.485322e+01,-1.641841e+01,-1.803122e+01,-1.806961e+01,-1.875394e+01,-1.726893e+01,-1.793893e+01,-1.782360e+01
1.425000e+01,-1.484360e+01,-1.648213e+01,-1.805320e+01,-1.807796e+01,-1.878515e+01,-1.731795e+01,-1.794911e+01,-1.782961e+01
1.475000e+01,-1.483799e+01,-1.653156e+01,-1.807758e+01,-1.808100e+01,-1.881272e+01,-1.736081e+01,-1.795513e+01,-1.783226e+01
1.525000e+01,-1.482539e+01,-1.658071e+01,-1.809251e+01,-1.808375e+01,-1.883307e+01,-1.739724e+01,-1.796159e+01,-1.782813e+01
1.575000e+01,-1.479270e+01,-1.662500e+01,-1.810300e+01,-1.808336e+01,-1.885041e+01,-1.742923e+01,-1.796334e+01,-1.782146e+01
1.625000e+01,-1.474774e+01,-1.665801e+01,-1.810872e+01,-1.807655e+01,-1.886222e+01,-1.745171e+01,-1.795781e+01,-1.781240e+01
1.675000e+01,-1.469619e+01,-1.668651e+01,-1.810827e+01,-1.806763e+01,-1.887274e+01,-1.746922e+01,-1.794962e+01,-1.780226e+01
1.725000e+01,-1.463024e+01,-1.671048e+01,-1.810783e+01,-1.805863e+01,-1.887806e+01,-1.748411e+01,-1.794372e+01,-1.778571e+01
1.775000e+01,-1.453046e+01,-1.672620e+01,-1.809895e+01,-1.804253e+01,-1.887526e+01,-1.748975e+01,-1.793141e+01,-1.775846e+01
1.825000e+01,-1.442957e+01,-1.673281e+01,-1.809394e+01,-1.802855e+01,-1.886732e+01,-1.749094e+01,-1.792260e+01,-1.772696e+01
1.875000e+01,-1.433253e+01,-1.673161e+01,-1.807915e+01,-1.800982e+01,-1.885488e+01,-1.748535e+01,-1.790593e+01,-1.769426e+01
1.925000e+01,-1.419782e+01,-1.671268e+01,-1.805750e+01,-1.798979e+01,-1.883617e+01,-1.746300e+01,-1.788917e+01,-1.765681e+01
1.975000e+01,-1.405322e+01,-1.668332e+01,-1.803566e+01,-1.797205e+01,-1.881788e+01,-1.743648e+01,-1.787443e+01,-1.762405e+01
2.025000e+01,-1.388560e+01,-1.663135e+01,-1.800950e+01,-1.795114e+01,-1.879986e+01,-1.739216e+01,-1.785566e+01,-1.759355e+01
2.075000e+01,-1.373933e+01,-1.655475e+01,-1.798460e+01,-1.793322e+01,-1.878087e+01,-1.733298e+01,-1.784151e+01,-1.755984e+01
