Time,U,B,V,R,I,gs,rs,is
7.500000e-01,-1.671734e+01,-1.590020e+01,-1.576411e+01,-1.567030e+01,-1.539933e+01,-1.594984e+01,-1.554503e+01,-1.522707e+01
1.250000e+00,-1.724990e+01,-1.665222e+01,-1.652750e+01,-1.646320e+01,-1.618026e+01,-1.671083e+01,-1.633632e+01,-1.601667e+01
1.750000e+00,-1.724983e+01,-1.689522e+01,-1.690164e+01,-1.685948e+01,-1.671754e+01,-1.701405e+01,-1.671463e+01,-1.648822e+01
2.250000e+00,-1.691594e+01,-1.686219e+01,-1.707562e+01,-1.704425e+01,-1.698848e+01,-1.708998e+01,-1.689898e+01,-1.668866e+01
2.750000e+00,-1.633963e+01,-1.660116e+01,-1.716629e+01,-1.717229e+01,-1.717432e+01,-1.698335e+01,-1.703078e+01,-1.679645e+01
3.250000e+00,-1.572009e+01,-1.614680e+01,-1.714867e+01,-1.724296e+01,-1.728212e+01,-1.669862e+01,-1.710018e+01,-1.684015e+01
3.750000e+00,-1.522169e+01,-1.556821e+01,-1.698929e+01,-1.730337e+01,-1.737478e+01,-1.624596e+01,-1.714747e+01,-1.691045e+01
4.250000e+00,-1.479384e+01,-1.508404e+01,-1.668903e+01,-1.728108e+01,-1.748092e+01,-1.580335e+01,-1.708427e+01,-1.703822e+01
4.750000e+00,-1.450111e+01,-1.479684e+01,-1.644808e+01,-1.722113e+01,-1.756142e+01,-1.552247e+01,-1.696540e+01,-1.716306e+01
5.250000e+00,-1.429487e+01,-1.468257e+01,-1.634517e+01,-1.720126e+01,-1.765223e+01,-1.541255e+01,-1.689589e+01,-1.728646e+01
5.750000e+00,-1.424621e+01,-1.468428e+01,-1.640080e+01,-1.727243e+01,-1.776804e+01,-1.543996e+01,-1.695364e+01,-1.739343e+01
6.250000e+00,-1.430935e+01,-1.478884e+01,-1.654629e+01,-1.739984e+01,-1.790207e+01,-1.557449e+01,-1.707313e+01,-1.753283e+01
6.750000e+00,-1.443238e+01,-1.493486e+01,-1.675980e+01,-1.756817e+01,-1.804990e+01,-1.576531e+01,-1.725774e+01,-1.766778e+01
7.250000e+00,-1.451362e+01,-1.509027e+01,-1.697116e+01,-1.774178e+01,-1.818932e+01,-1.595637e+01,-1.744820e+01,-1.779257e+01
7.750000e+00,-1.463756e+01,-1.526552e+01,-1.718808e+01,-1.791022e+01,-1.833073e+01,-1.616349e+01,-1.763399e+01,-1.791630e+01
8.250000e+00,-1.475183e+01,-1.541923e+01,-1.737948e+01,-1.806498e+01,-1.845825e+01,-1.634364e+01,-1.780398e+01,-1.802838e+01
8.750000e+00,-1.485009e+01,-1.555074e+01,-1.754713e+01,-1.819812e+01,-1.857354e+01,-1.649960e+01,-1.794985e+01,-1.812183e+01
9.250000e+00,-1.492278e+01,-1.565341e+01,-1.768765e+01,-1.830529e+01,-1.866619e+01,-1.662517e+01,-1.806778e+01,-1.820025e+01
9.750000e+00,-1.495478e+01,-1.572624e+01,-1.781143e+01,-1.840467e+01,-1.874896e+01,-1.672445e+01,-1.817716e+01,-1.826836e+01
1.025000e+01,-1.498111e+01,-1.579109e+01,-1.791585e+01,-1.849923e+01,-1.883208e+01,-1.680903e+01,-1.828162e+01,-1.833463e+01
1.075000e+01,-1.499883e+01,-1.584862e+01,-1.800183e+01,-1.857386e+01,-1.890466e+01,-1.688249e+01,-1.836154e+01,-1.839232e+01
1.125000e+01,-1.500961e+01,-1.590579e+01,-1.808231e+01,-1.864159e+01,-1.897616e+01,-1.695135e+01,-1.843149e+01,-1.845467e+01
1.175000e+01,-1.500162e+01,-1.593258e+01,-1.814665e+01,-1.869790e+01,-1.903710e+01,-1.699773e+01,-1.848954e+01,-1.850255e+01
1.225000e+01,-1.500897e+01,-1.595203e+01,-1.819096e+01,-1.874204e+01,-1.909114e+01,-1.702434e+01,-1.853384e+01,-1.855127e+01
1.275000e+01,-1.498238e+01,-1.596559e+01,-1.823075e+01,-1.878105e+01,-1.913772e+01,-1.705098e+01,-1.857356e+01,-1.858947e+01
1.325000e+01,-1.493913e+01,-1.597850e+01,-1.826918e+01,-1.881910e+01,-1.918696e+01,-1.707331e+01,-1.861077e+01,-1.863322e+01
1.375000e+01,-1.488613e+01,-1.597452e+01,-1.829638e+01,-1.884568e+01,-1.922535e+01,-1.708483e+01,-1.863580e+01,-1.866568e+01
1.425000e+01,-1.484184e+01,-1.597043e+01,-1.832096e+01,-1.886954e+01,-1.925617e+01,-1.709451e+01,-1.865916e+01,-1.868922e+01
1.475000e+01,-1.479431e+01,-1.595505e+01,-1.834024e+01,-1.889014e+01,-1.928748e+01,-1.709505e+01,-1.867759e+01,-1.871845e+01
1.525000e+01,-1.474778e+01,-1.594093e+01,-1.835195e+01,-1.890439e+01,-1.931596e+01,-1.708935e+01,-1.868938e+01,-1.874327e+01
1.575000e+01,-1.470408e+01,-1.592952e+01,-1.836043e+01,-1.891301e+01,-1.933857e+01,-1.708372e+01,-1.869524e+01,-1.876272e+01
1.625000e+01,-1.465123e+01,-1.591182e+01,-1.836894e+01,-1.892148e+01,-1.936110e+01,-1.707654e+01,-1.870010e+01,-1.878244e+01
1.675000e+01,-1.457835e+01,-1.589454e+01,-1.837583e+01,-1.892956e+01,-1.938062e+01,-1.706750e+01,-1.870566e+01,-1.880005e+01
1.725000e+01,-1.451328e+01,-1.587159e+01,-1.838008e+01,-1.893384e+01,-1.939509e+01,-1.705730e+01,-1.870880e+01,-1.880963e+01
1.775000e+01,-1.445040e+01,-1.584915e+01,-1.837817e+01,-1.893490e+01,-1.941109e+01,-1.703802e+01,-1.870658e+01,-1.882030e+01
1.825000e+01,-1.440427e+01,-1.582534e+01,-1.837336e+01,-1.893174e+01,-1.941934e+01,-1.702073e+01,-1.870089e+01,-1.882622e+01
1.875000e+01,-1.435323e+01,-1.579883e+01,-1.836872e+01,-1.892742e+01,-1.942406e+01,-1.699934e+01,-1.869432e+01,-1.882818e+01
1.925000e+01,-1.425139e+01,-1.576537e+01,-1.836328e+01,-1.892153e+01,-1.942745e+01,-1.697627e+01,-1.868597e+01,-1.882750e+01
1.975000e+01,-1.418649e+01,-1.573609e+01,-1.835481e+01,-1.891437e+01,-1.943168e+01,-1.695210e+01,-1.867635e+01,-1.882740e+01
2.025000e+01,-1.411497e+01,-1.569846e+01,-1.834442e+01,-1.890696e+01,-1.943504e+01,-1.692440e+01,-1.866646e+01,-1.882637e+01
2.075000e+01,-1.404112e+01,-1.565969e+01,-1.833521e+01,-1.889743e+01,-1.943495e+01,-1.689864e+01,-1.865662e+01,-1.882005e+01
