Time,U,B,V,R,I,gs,rs,is
7.500000e-01,-1.542412e+01,-1.476352e+01,-1.496903e+01,-1.504409e+01,-1.505607e+01,-1.491927e+01,-1.492504e+01,-1.461963e+01
1.250000e+00,-1.656953e+01,-1.598590e+01,-1.600689e+01,-1.588843e+01,-1.597110e+01,-1.609191e+01,-1.577531e+01,-1.546511e+01
1.750000e+00,-1.742175e+01,-1.679557e+01,-1.672361e+01,-1.651956e+01,-1.659663e+01,-1.686062e+01,-1.641024e+01,-1.611263e+01
2.250000e+00,-1.807765e+01,-1.735459e+01,-1.721810e+01,-1.697201e+01,-1.701297e+01,-1.739071e+01,-1.687446e+01,-1.648425e+01
2.750000e+00,-1.860447e+01,-1.780160e+01,-1.757892e+01,-1.724704e+01,-1.728761e+01,-1.779543e+01,-1.715652e+01,-1.675965e+01
3.250000e+00,-1.900284e+01,-1.813924e+01,-1.787170e+01,-1.749683e+01,-1.752104e+01,-1.810709e+01,-1.741787e+01,-1.697031e+01
3.750000e+00,-1.929449e+01,-1.840550e+01,-1.808814e+01,-1.768862e+01,-1.766464e+01,-1.835424e+01,-1.760574e+01,-1.714060e+01
4.250000e+00,-1.954993e+01,-1.862300e+01,-1.826991e+01,-1.781310e+01,-1.775971e+01,-1.855259e+01,-1.774749e+01,-1.721142e+01
4.750000e+00,-1.974967e+01,-1.881458e+01,-1.839584e+01,-1.793561e+01,-1.782989e+01,-1.872717e+01,-1.787603e+01,-1.727466e+01
5.250000e+00,-1.991303e+01,-1.898788e+01,-1.851483e+01,-1.799207e+01,-1.788447e+01,-1.888571e+01,-1.794246e+01,-1.732093e+01
5.750000e+00,-2.005165e+01,-1.912257e+01,-1.863629e+01,-1.806153e+01,-1.794660e+01,-1.901592e+01,-1.802090e+01,-1.736168e+01
6.250000e+00,-2.017033e+01,-1.925361e+01,-1.874234e+01,-1.810688e+01,-1.797858e+01,-1.913764e+01,-1.807781e+01,-1.736342e+01
6.750000e+00,-2.027007e+01,-1.936973e+01,-1.884123e+01,-1.815908e+01,-1.803749e+01,-1.925240e+01,-1.813842e+01,-1.738821e+01
7.250000e+00,-2.035604e+01,-1.947053e+01,-1.894160e+01,-1.821177e+01,-1.809022e+01,-1.935060e+01,-1.820274e+01,-1.738865e+01
7.750000e+00,-2.042107e+01,-1.955552e+01,-1.902639e+01,-1.827524e+01,-1.812230e+01,-1.943570e+01,-1.827330e+01,-1.738517e+01
8.250000e+00,-2.047575e+01,-1.962657e+01,-1.910864e+01,-1.833654e+01,-1.821309e+01,-1.950841e+01,-1.834414e+01,-1.742726e+01
8.750000e+00,-2.052871e+01,-1.968547e+01,-1.918100e+01,-1.839282e+01,-1.827984e+01,-1.957195e+01,-1.840012e+01,-1.747784e+01
9.250000e+00,-2.056233e+01,-1.974604e+01,-1.924188e+01,-1.842904e+01,-1.834351e+01,-1.963161e+01,-1.844117e+01,-1.750019e+01
9.750000e+00,-2.059656e+01,-1.979981e+01,-1.930502e+01,-1.846190e+01,-1.840229e+01,-1.968935e+01,-1.848090e+01,-1.750645e+01
1.025000e+01,-2.062629e+01,-1.984733e+01,-1.936717e+01,-1.851252e+01,-1.848132e+01,-1.974203e+01,-1.853342e+01,-1.755079e+01
1.075000e+01,-2.064498e+01,-1.989008e+01,-1.942337e+01,-1.855390e+01,-1.857534e+01,-1.979103e+01,-1.857098e+01,-1.761981e+01
1.125000e+01,-2.065211e+01,-1.993524e+01,-1.947792e+01,-1.858097e+01,-1.865106e+01,-1.984249e+01,-1.859767e+01,-1.767110e+01
1.175000e+01,-2.065571e+01,-1.998031e+01,-1.952888e+01,-1.862292e+01,-1.875571e+01,-1.989074e+01,-1.864205e+01,-1.774843e+01
1.225000e+01,-2.065355e+01,-2.001785e+01,-1.957689e+01,-1.866041e+01,-1.886342e+01,-1.993536e+01,-1.867788e+01,-1.782151e+01
1.275000e+01,-2.064044e+01,-2.004641e+01,-1.962244e+01,-1.868859e+01,-1.896830e+01,-1.997087e+01,-1.870397e+01,-1.789415e+01
1.325000e+01,-2.061843e+01,-2.007522e+01,-1.966190e+01,-1.872359e+01,-1.907855e+01,-2.000707e+01,-1.873841e+01,-1.798264e+01
1.375000e+01,-2.058702e+01,-2.010384e+01,-1.970322e+01,-1.877879e+01,-1.919631e+01,-2.004592e+01,-1.878620e+01,-1.808178e+01
1.425000e+01,-2.054191e+01,-2.012513e+01,-1.974756e+01,-1.881411e+01,-1.931483e+01,-2.008261e+01,-1.881725e+01,-1.817472e+01
1.475000e+01,-2.048399e+01,-2.014322e+01,-1.978429e+01,-1.884668e+01,-1.943247e+01,-2.011646e+01,-1.884123e+01,-1.827077e+01
1.525000e+01,-2.041446e+01,-2.015590e+01,-1.982180e+01,-1.889300e+01,-1.954320e+01,-2.014842e+01,-1.888680e+01,-1.836200e+01
1.575000e+01,-2.032913e+01,-2.015563e+01,-1.985245e+01,-1.894149e+01,-1.965439e+01,-2.017357e+01,-1.892748e+01,-1.845939e+01
1.625000e+01,-2.022842e+01,-2.014119e+01,-1.988613e+01,-1.896594e+01,-1.975634e+01,-2.019388e+01,-1.894174e+01,-1.853996e+01
1.675000e+01,-2.012265e+01,-2.011423e+01,-1.992220e+01,-1.899624e+01,-1.983791e+01,-2.020627e+01,-1.897017e+01,-1.858912e+01
1.725000e+01,-2.000603e+01,-2.007766e+01,-1.995473e+01,-1.903512e+01,-1.991376e+01,-2.021457e+01,-1.900403e+01,-1.864662e+01
1.775000e+01,-1.987302e+01,-2.002412e+01,-1.999111e+01,-1.906982e+01,-1.997881e+01,-2.021525e+01,-1.903494e+01,-1.869924e+01
1.825000e+01,-1.973501e+01,-1.996249e+01,-2.002656e+01,-1.910321e+01,-2.003338e+01,-2.021238e+01,-1.906611e+01,-1.873588e+01
1.875000e+01,-1.960084e+01,-1.990063e+01,-2.005974e+01,-1.913265e+01,-2.007052e+01,-2.020488e+01,-1.909361e+01,-1.875923e+01
1.925000e+01,-1.945062e+01,-1.982958e+01,-2.009339e+01,-1.915644e+01,-2.010686e+01,-2.019164e+01,-1.911726e+01,-1.878165e+01
1.975000e+01,-1.930795e+01,-1.976428e+01,-2.012300e+01,-1.917876e+01,-2.012863e+01,-2.017743e+01,-1.913923e+01,-1.878814e+01
2.025000e+01,-1.915416e+01,-1.969263e+01,-2.015103e+01,-1.920350e+01,-2.014738e+01,-2.015658e+01,-1.916520e+01,-1.878921e+01
2.075000e+01,-1.900202e+01,-1.961874e+01,-2.017675e+01,-1.923666e+01,-2.015784e+01,-2.012883e+01,-1.919904e+01,-1.879555e+01
