Time,U,B,V,R,I,gs,rs,is
7.500000e-01,-1.613460e+01,-1.545280e+01,-1.548809e+01,-1.546236e+01,-1.540100e+01,-1.554989e+01,-1.532409e+01,-1.511444e+01
1.250000e+00,-1.520363e+01,-1.507951e+01,-1.570100e+01,-1.578525e+01,-1.578996e+01,-1.542500e+01,-1.563350e+01,-1.544367e+01
1.750000e+00,-1.469201e+01,-1.471679e+01,-1.581369e+01,-1.616264e+01,-1.628269e+01,-1.520585e+01,-1.598484e+01,-1.588442e+01
2.250000e+00,-1.512681e+01,-1.527709e+01,-1.640527e+01,-1.675017e+01,-1.681558e+01,-1.578029e+01,-1.659802e+01,-1.640351e+01
2.750000e+00,-1.608971e+01,-1.629284e+01,-1.711806e+01,-1.723624e+01,-1.725388e+01,-1.672512e+01,-1.711302e+01,-1.680100e+01
3.250000e+00,-1.696896e+01,-1.707993e+01,-1.761071e+01,-1.761796e+01,-1.757859e+01,-1.741228e+01,-1.752158e+01,-1.712653e+01
3.750000e+00,-1.770380e+01,-1.766745e+01,-1.795326e+01,-1.787268e+01,-1.782318e+01,-1.790191e+01,-1.777772e+01,-1.740288e+01
4.250000e+00,-1.825012e+01,-1.806645e+01,-1.818181e+01,-1.804704e+01,-1.800778e+01,-1.822769e+01,-1.795986e+01,-1.756459e+01
4.750000e+00,-1.867490e+01,-1.836779e+01,-1.836471e+01,-1.819701e+01,-1.813995e+01,-1.847119e+01,-1.811527e+01,-1.770774e+01
5.250000e+00,-1.897882e+01,-1.860281e+01,-1.852412e+01,-1.834231e+01,-1.826162e+01,-1.866827e+01,-1.826932e+01,-1.782710e+01
5.750000e+00,-1.923121e+01,-1.878537e+01,-1.865343e+01,-1.845692e+01,-1.836605e+01,-1.882494e+01,-1.839178e+01,-1.791833e+01
6.250000e+00,-1.942990e+01,-1.894568e+01,-1.877802e+01,-1.854971e+01,-1.842471e+01,-1.896898e+01,-1.849394e+01,-1.797244e+01
6.750000e+00,-1.959263e+01,-1.908493e+01,-1.889384e+01,-1.864470e+01,-1.846264e+01,-1.909425e+01,-1.860239e+01,-1.799765e+01
7.250000e+00,-1.972013e+01,-1.920527e+01,-1.898850e+01,-1.871462e+01,-1.848089e+01,-1.920310e+01,-1.868387e+01,-1.800008e+01
7.750000e+00,-1.981475e+01,-1.929674e+01,-1.907047e+01,-1.878314e+01,-1.850991e+01,-1.929017e+01,-1.876252e+01,-1.800721e+01
8.250000e+00,-1.989218e+01,-1.939672e+01,-1.914980e+01,-1.883541e+01,-1.849245e+01,-1.938553e+01,-1.882841e+01,-1.796930e+01
8.750000e+00,-1.994678e+01,-1.947621e+01,-1.923242e+01,-1.890298e+01,-1.850248e+01,-1.946888e+01,-1.890501e+01,-1.795726e+01
9.250000e+00,-1.999530e+01,-1.954954e+01,-1.930343e+01,-1.895796e+01,-1.850156e+01,-1.954316e+01,-1.896977e+01,-1.793588e+01
9.750000e+00,-2.001629e+01,-1.961451e+01,-1.936892e+01,-1.901106e+01,-1.851287e+01,-1.961208e+01,-1.903325e+01,-1.790190e+01
1.025000e+01,-2.000989e+01,-1.966713e+01,-1.943914e+01,-1.906105e+01,-1.853539e+01,-1.967420e+01,-1.908973e+01,-1.789183e+01
1.075000e+01,-2.000268e+01,-1.970900e+01,-1.949874e+01,-1.911869e+01,-1.855561e+01,-1.972962e+01,-1.915446e+01,-1.787348e+01
1.125000e+01,-1.998947e+01,-1.974987e+01,-1.955197e+01,-1.917668e+01,-1.859150e+01,-1.978243e+01,-1.921891e+01,-1.784668e+01
1.175000e+01,-1.994677e+01,-1.977668e+01,-1.960231e+01,-1.922447e+01,-1.862464e+01,-1.982779e+01,-1.927073e+01,-1.784028e+01
1.225000e+01,-1.989463e+01,-1.979506e+01,-1.965984e+01,-1.927984e+01,-1.867351e+01,-1.987085e+01,-1.932851e+01,-1.785384e+01
1.275000e+01,-1.982922e+01,-1.980852e+01,-1.971122e+01,-1.933101e+01,-1.875579e+01,-1.990820e+01,-1.938002e+01,-1.791024e+01
1.325000e+01,-1.973282e+01,-1.980571e+01,-1.976294e+01,-1.938051e+01,-1.883670e+01,-1.993831e+01,-1.943323e+01,-1.793912e+01
1.375000e+01,-1.963480e+01,-1.979362e+01,-1.981710e+01,-1.943331e+01,-1.891424e+01,-1.996302e+01,-1.948720e+01,-1.798020e+01
1.425000e+01,-1.952532e+01,-1.977354e+01,-1.986749e+01,-1.949124e+01,-1.901459e+01,-1.998150e+01,-1.954367e+01,-1.804954e+01
1.475000e+01,-1.939606e+01,-1.974917e+01,-1.991769e+01,-1.954265e+01,-1.912607e+01,-1.999686e+01,-1.959598e+01,-1.812490e+01
1.525000e+01,-1.925377e+01,-1.971169e+01,-1.996053e+01,-1.959066e+01,-1.923099e+01,-2.000147e+01,-1.964236e+01,-1.820282e+01
1.575000e+01,-1.910472e+01,-1.966570e+01,-2.000386e+01,-1.963538e+01,-1.934488e+01,-2.000022e+01,-1.968400e+01,-1.829030e+01
1.625000e+01,-1.895007e+01,-1.961611e+01,-2.004664e+01,-1.968240e+01,-1.945209e+01,-1.999367e+01,-1.972884e+01,-1.837547e+01
1.675000e+01,-1.879589e+01,-1.955627e+01,-2.008333e+01,-1.972366e+01,-1.956509e+01,-1.997615e+01,-1.976740e+01,-1.847077e+01
1.725000e+01,-1.864250e+01,-1.948937e+01,-2.011497e+01,-1.975755e+01,-1.966801e+01,-1.995225e+01,-1.979861e+01,-1.855571e+01
1.775000e+01,-1.848823e+01,-1.941055e+01,-2.014095e+01,-1.979675e+01,-1.976362e+01,-1.991581e+01,-1.983474e+01,-1.863995e+01
1.825000e+01,-1.834253e+01,-1.932381e+01,-2.015888e+01,-1.982830e+01,-1.984994e+01,-1.987113e+01,-1.986261e+01,-1.871390e+01
1.875000e+01,-1.821380e+01,-1.923550e+01,-2.017287e+01,-1.984918e+01,-1.992765e+01,-1.982411e+01,-1.987859e+01,-1.878211e+01
1.925000e+01,-1.807079e+01,-1.913207e+01,-2.018224e+01,-1.987204e+01,-1.999708e+01,-1.976570e+01,-1.989637e+01,-1.884858e+01
1.975000e+01,-1.793650e+01,-1.903325e+01,-2.019066e+01,-1.989056e+01,-2.005421e+01,-1.971164e+01,-1.991013e+01,-1.890304e+01
2.025000e+01,-1.780413e+01,-1.892589e+01,-2.018739e+01,-1.990524e+01,-2.010671e+01,-1.964920e+01,-1.991922e+01,-1.895434e+01
2.075000e+01,-1.767345e+01,-1.882120e+01,-2.018056e+01,-1.991104e+01,-2.014974e+01,-1.959053e+01,-1.991938e+01,-1.899838e+01
