Time,U,B,V,R,I,gs,rs,is
7.500000e-01,-1.363398e+01,-1.374018e+01,-1.426863e+01,-1.439099e+01,-1.447370e+01,-1.405565e+01,-1.425376e+01,-1.406487e+01
1.250000e+00,-1.503659e+01,-1.514911e+01,-1.534460e+01,-1.543608e+01,-1.551303e+01,-1.532133e+01,-1.531222e+01,-1.503889e+01
1.750000e+00,-1.634501e+01,-1.610887e+01,-1.619037e+01,-1.620155e+01,-1.624787e+01,-1.620602e+01,-1.611011e+01,-1.571463e+01
2.250000e+00,-1.727736e+01,-1.677234e+01,-1.677812e+01,-1.673208e+01,-1.673757e+01,-1.682910e+01,-1.663364e+01,-1.626592e+01
2.750000e+00,-1.796460e+01,-1.728962e+01,-1.721993e+01,-1.717542e+01,-1.712535e+01,-1.731672e+01,-1.707147e+01,-1.673513e+01
3.250000e+00,-1.847233e+01,-1.767372e+01,-1.756955e+01,-1.744923e+01,-1.748867e+01,-1.769427e+01,-1.732693e+01,-1.711680e+01
3.750000e+00,-1.884965e+01,-1.798589e+01,-1.787047e+01,-1.770963e+01,-1.772610e+01,-1.800073e+01,-1.759547e+01,-1.734621e+01
4.250000e+00,-1.914784e+01,-1.825676e+01,-1.809045e+01,-1.793065e+01,-1.790303e+01,-1.826358e+01,-1.781955e+01,-1.755935e+01
4.750000e+00,-1.939198e+01,-1.847475e+01,-1.829992e+01,-1.810615e+01,-1.805930e+01,-1.847535e+01,-1.800758e+01,-1.770354e+01
5.250000e+00,-1.960532e+01,-1.867473e+01,-1.845847e+01,-1.822833e+01,-1.815300e+01,-1.866047e+01,-1.814000e+01,-1.778364e+01
5.750000e+00,-1.977251e+01,-1.883667e+01,-1.860504e+01,-1.831865e+01,-1.820290e+01,-1.882044e+01,-1.824424e+01,-1.783222e+01
6.250000e+00,-1.990889e+01,-1.897935e+01,-1.873493e+01,-1.842443e+01,-1.822755e+01,-1.895651e+01,-1.836964e+01,-1.784899e+01
6.750000e+00,-2.001826e+01,-1.910066e+01,-1.883545e+01,-1.849414e+01,-1.825876e+01,-1.906900e+01,-1.844868e+01,-1.787435e+01
7.250000e+00,-2.011936e+01,-1.920259e+01,-1.893234e+01,-1.856446e+01,-1.828063e+01,-1.916379e+01,-1.853088e+01,-1.787698e+01
7.750000e+00,-2.020614e+01,-1.929702e+01,-1.902002e+01,-1.862020e+01,-1.825371e+01,-1.925325e+01,-1.860480e+01,-1.782132e+01
8.250000e+00,-2.027985e+01,-1.938020e+01,-1.910967e+01,-1.867899e+01,-1.822844e+01,-1.933657e+01,-1.867919e+01,-1.777397e+01
8.750000e+00,-2.033674e+01,-1.945419e+01,-1.919248e+01,-1.872922e+01,-1.818155e+01,-1.941129e+01,-1.874185e+01,-1.771105e+01
9.250000e+00,-2.038442e+01,-1.951898e+01,-1.926465e+01,-1.878878e+01,-1.816130e+01,-1.947509e+01,-1.881289e+01,-1.765387e+01
9.750000e+00,-2.041644e+01,-1.958247e+01,-1.933080e+01,-1.883641e+01,-1.818034e+01,-1.953682e+01,-1.886885e+01,-1.763520e+01
1.025000e+01,-2.044175e+01,-1.963140e+01,-1.939124e+01,-1.888697e+01,-1.817042e+01,-1.959047e+01,-1.892534e+01,-1.759726e+01
1.075000e+01,-2.045902e+01,-1.968194e+01,-1.944873e+01,-1.893490e+01,-1.821658e+01,-1.964031e+01,-1.898057e+01,-1.758463e+01
1.125000e+01,-2.046205e+01,-1.972875e+01,-1.950559e+01,-1.898298e+01,-1.824527e+01,-1.969098e+01,-1.903245e+01,-1.755042e+01
1.175000e+01,-2.046033e+01,-1.976731e+01,-1.954774e+01,-1.901986e+01,-1.827688e+01,-1.973192e+01,-1.907283e+01,-1.756497e+01
1.225000e+01,-2.044886e+01,-1.979878e+01,-1.959103e+01,-1.907403e+01,-1.833588e+01,-1.976781e+01,-1.912740e+01,-1.757607e+01
1.275000e+01,-2.042453e+01,-1.982936e+01,-1.963729e+01,-1.912102e+01,-1.840255e+01,-1.980575e+01,-1.917857e+01,-1.758525e+01
1.325000e+01,-2.040163e+01,-1.985819e+01,-1.967496e+01,-1.916364e+01,-1.847328e+01,-1.983926e+01,-1.922059e+01,-1.761217e+01
1.375000e+01,-2.037490e+01,-1.988782e+01,-1.971379e+01,-1.919991e+01,-1.854666e+01,-1.987329e+01,-1.925806e+01,-1.765362e+01
1.425000e+01,-2.033832e+01,-1.991237e+01,-1.975205e+01,-1.923897e+01,-1.863539e+01,-1.990496e+01,-1.929851e+01,-1.769075e+01
1.475000e+01,-2.029759e+01,-1.992930e+01,-1.978857e+01,-1.927870e+01,-1.873046e+01,-1.993102e+01,-1.933897e+01,-1.773426e+01
1.525000e+01,-2.025519e+01,-1.994678e+01,-1.981135e+01,-1.931028e+01,-1.883525e+01,-1.995569e+01,-1.936967e+01,-1.780765e+01
1.575000e+01,-2.020284e+01,-1.995987e+01,-1.983650e+01,-1.933534e+01,-1.894414e+01,-1.997839e+01,-1.939402e+01,-1.786742e+01
1.625000e+01,-2.014436e+01,-1.996808e+01,-1.986105e+01,-1.936123e+01,-1.904541e+01,-1.999929e+01,-1.941778e+01,-1.792392e+01
1.675000e+01,-2.008261e+01,-1.997266e+01,-1.988754e+01,-1.938835e+01,-1.914937e+01,-2.001996e+01,-1.944195e+01,-1.800699e+01
1.725000e+01,-2.001632e+01,-1.996852e+01,-1.991021e+01,-1.940612e+01,-1.924736e+01,-2.003421e+01,-1.945719e+01,-1.807878e+01
1.775000e+01,-1.993660e+01,-1.996007e+01,-1.992801e+01,-1.941591e+01,-1.935319e+01,-2.004390e+01,-1.946462e+01,-1.815496e+01
1.825000e+01,-1.984772e+01,-1.994597e+01,-1.993809e+01,-1.943023e+01,-1.944084e+01,-2.004725e+01,-1.947568e+01,-1.820576e+01
1.875000e+01,-1.975846e+01,-1.992628e+01,-1.994896e+01,-1.943944e+01,-1.951702e+01,-2.004827e+01,-1.948240e+01,-1.824818e+01
1.925000e+01,-1.965358e+01,-1.989873e+01,-1.995751e+01,-1.944817e+01,-1.958414e+01,-2.004526e+01,-1.948840e+01,-1.828346e+01
1.975000e+01,-1.955306e+01,-1.986669e+01,-1.996518e+01,-1.944640e+01,-1.963497e+01,-2.003714e+01,-1.948311e+01,-1.830544e+01
2.025000e+01,-1.944665e+01,-1.983225e+01,-1.996793e+01,-1.944396e+01,-1.966910e+01,-2.002323e+01,-1.947942e+01,-1.830856e+01
2.075000e+01,-1.933796e+01,-1.979199e+01,-1.996988e+01,-1.943740e+01,-1.968960e+01,-2.000588e+01,-1.947129e+01,-1.830574e+01
