Time,U,B,V,R,I,gs,rs,is
7.500000e-01,-4.492534e+00,-6.942927e+00,-8.988616e+00,-1.049801e+01,-1.139879e+01,-7.729087e+00,-1.007633e+01,-1.086651e+01
1.250000e+00,-9.128255e+00,-1.076978e+01,-1.187834e+01,-1.257472e+01,-1.323225e+01,-1.129202e+01,-1.226558e+01,-1.277640e+01
1.750000e+00,-1.215899e+01,-1.314688e+01,-1.372728e+01,-1.414279e+01,-1.434896e+01,-1.353674e+01,-1.395511e+01,-1.394858e+01
2.250000e+00,-1.400358e+01,-1.452519e+01,-1.513649e+01,-1.531635e+01,-1.545445e+01,-1.489819e+01,-1.517006e+01,-1.498709e+01
2.750000e+00,-1.525558e+01,-1.548939e+01,-1.597476e+01,-1.611748e+01,-1.630181e+01,-1.580008e+01,-1.597490e+01,-1.575722e+01
3.250000e+00,-1.632332e+01,-1.629217e+01,-1.656484e+01,-1.672922e+01,-1.696342e+01,-1.649563e+01,-1.658658e+01,-1.638840e+01
3.750000e+00,-1.713116e+01,-1.685574e+01,-1.702422e+01,-1.717690e+01,-1.742946e+01,-1.698524e+01,-1.704778e+01,-1.679739e+01
4.250000e+00,-1.771367e+01,-1.726459e+01,-1.737113e+01,-1.753082e+01,-1.779229e+01,-1.736108e+01,-1.741472e+01,-1.712120e+01
4.750000e+00,-1.813912e+01,-1.757900e+01,-1.766106e+01,-1.780947e+01,-1.803503e+01,-1.766179e+01,-1.770731e+01,-1.734186e+01
5.250000e+00,-1.845054e+01,-1.782939e+01,-1.789255e+01,-1.801015e+01,-1.821898e+01,-1.789497e+01,-1.791353e+01,-1.752548e+01
5.750000e+00,-1.867412e+01,-1.803496e+01,-1.807757e+01,-1.818498e+01,-1.838405e+01,-1.808935e+01,-1.809765e+01,-1.767505e+01
6.250000e+00,-1.887261e+01,-1.821469e+01,-1.823186e+01,-1.832519e+01,-1.850420e+01,-1.825810e+01,-1.824702e+01,-1.778505e+01
6.750000e+00,-1.902731e+01,-1.836477e+01,-1.837272e+01,-1.845136e+01,-1.863547e+01,-1.840746e+01,-1.837792e+01,-1.790142e+01
7.250000e+00,-1.915821e+01,-1.850218e+01,-1.848619e+01,-1.856685e+01,-1.873896e+01,-1.853653e+01,-1.849901e+01,-1.799889e+01
7.750000e+00,-1.927022e+01,-1.861555e+01,-1.858952e+01,-1.866085e+01,-1.883590e+01,-1.864735e+01,-1.859813e+01,-1.807467e+01
8.250000e+00,-1.936674e+01,-1.872066e+01,-1.868603e+01,-1.874044e+01,-1.891839e+01,-1.874880e+01,-1.868378e+01,-1.813394e+01
8.750000e+00,-1.944694e+01,-1.881753e+01,-1.877320e+01,-1.881107e+01,-1.899178e+01,-1.884331e+01,-1.876031e+01,-1.818453e+01
9.250000e+00,-1.951599e+01,-1.889588e+01,-1.884976e+01,-1.887722e+01,-1.906481e+01,-1.892252e+01,-1.883273e+01,-1.822851e+01
9.750000e+00,-1.957651e+01,-1.896902e+01,-1.891212e+01,-1.892951e+01,-1.912661e+01,-1.899388e+01,-1.889149e+01,-1.825624e+01
1.025000e+01,-1.962194e+01,-1.903830e+01,-1.897604e+01,-1.897506e+01,-1.918237e+01,-1.906457e+01,-1.894441e+01,-1.827273e+01
1.075000e+01,-1.966660e+01,-1.910168e+01,-1.903605e+01,-1.901504e+01,-1.923669e+01,-1.913025e+01,-1.898979e+01,-1.828844e+01
1.125000e+01,-1.969606e+01,-1.915717e+01,-1.908324e+01,-1.904631e+01,-1.928565e+01,-1.918410e+01,-1.902713e+01,-1.829830e+01
1.175000e+01,-1.971890e+01,-1.920610e+01,-1.913399e+01,-1.907765e+01,-1.933318e+01,-1.923321e+01,-1.906360e+01,-1.831139e+01
1.225000e+01,-1.972938e+01,-1.924777e+01,-1.917665e+01,-1.910468e+01,-1.938423e+01,-1.927826e+01,-1.909490e+01,-1.832601e+01
1.275000e+01,-1.973037e+01,-1.928444e+01,-1.921997e+01,-1.912780e+01,-1.943125e+01,-1.931904e+01,-1.912259e+01,-1.833733e+01
1.325000e+01,-1.972375e+01,-1.932220e+01,-1.926059e+01,-1.915500e+01,-1.948770e+01,-1.935872e+01,-1.915148e+01,-1.836661e+01
1.375000e+01,-1.970444e+01,-1.935445e+01,-1.929810e+01,-1.917586e+01,-1.953631e+01,-1.939301e+01,-1.917588e+01,-1.837253e+01
1.425000e+01,-1.967289e+01,-1.937958e+01,-1.932822e+01,-1.919332e+01,-1.958530e+01,-1.942294e+01,-1.919512e+01,-1.838913e+01
1.475000e+01,-1.963461e+01,-1.939824e+01,-1.935814e+01,-1.920895e+01,-1.962647e+01,-1.944461e+01,-1.921347e+01,-1.840356e+01
1.525000e+01,-1.958647e+01,-1.941836e+01,-1.938756e+01,-1.922438e+01,-1.966267e+01,-1.946877e+01,-1.923153e+01,-1.840304e+01
1.575000e+01,-1.953393e+01,-1.943246e+01,-1.941388e+01,-1.924259e+01,-1.968722e+01,-1.948847e+01,-1.925077e+01,-1.839973e+01
1.625000e+01,-1.947994e+01,-1.944360e+01,-1.943962e+01,-1.925596e+01,-1.970908e+01,-1.950589e+01,-1.926620e+01,-1.839471e+01
1.675000e+01,-1.941982e+01,-1.945278e+01,-1.946488e+01,-1.926660e+01,-1.972256e+01,-1.952226e+01,-1.927896e+01,-1.837494e+01
1.725000e+01,-1.935944e+01,-1.946047e+01,-1.948752e+01,-1.927538e+01,-1.972400e+01,-1.953722e+01,-1.928920e+01,-1.835455e+01
1.775000e+01,-1.929604e+01,-1.946319e+01,-1.950563e+01,-1.928228e+01,-1.971611e+01,-1.954641e+01,-1.930053e+01,-1.832198e+01
1.825000e+01,-1.923268e+01,-1.946266e+01,-1.951820e+01,-1.928109e+01,-1.970532e+01,-1.955193e+01,-1.930053e+01,-1.829010e+01
1.875000e+01,-1.917502e+01,-1.946090e+01,-1.953176e+01,-1.928174e+01,-1.969654e+01,-1.955679e+01,-1.930176e+01,-1.827114e+01
1.925000e+01,-1.910819e+01,-1.945268e+01,-1.954339e+01,-1.928341e+01,-1.968162e+01,-1.955733e+01,-1.930592e+01,-1.823224e+01
1.975000e+01,-1.904588e+01,-1.944064e+01,-1.955012e+01,-1.928310e+01,-1.966470e+01,-1.955452e+01,-1.930716e+01,-1.819100e+01
2.025000e+01,-1.897612e+01,-1.942413e+01,-1.955504e+01,-1.927461e+01,-1.964756e+01,-1.955005e+01,-1.929946e+01,-1.814717e+01
2.075000e+01,-1.890636e+01,-1.940481e+01,-1.955901e+01,-1.926267e+01,-1.961961e+01,-1.954286e+01,-1.928976e+01,-1.809902e+01
