Time,U,B,V,R,I,gs,rs,is
7.500000e-01,-6.297510e-01,-5.502467e+00,-7.375881e+00,-8.227210e+00,-8.749478e+00,-6.173568e+00,-7.846508e+00,-8.351066e+00
1.250000e+00,7.172684e-01,-5.722922e+00,-7.509594e+00,-9.425146e+00,-1.078191e+01,-6.407348e+00,-8.947452e+00,-1.000263e+01
1.750000e+00,-5.204484e+00,-8.577927e+00,-1.003481e+01,-1.146670e+01,-1.254669e+01,-9.192797e+00,-1.117714e+01,-1.170974e+01
2.250000e+00,-1.013757e+01,-1.158240e+01,-1.240184e+01,-1.328271e+01,-1.387795e+01,-1.201427e+01,-1.309363e+01,-1.320935e+01
2.750000e+00,-1.277146e+01,-1.361921e+01,-1.416762e+01,-1.462909e+01,-1.497179e+01,-1.398283e+01,-1.446818e+01,-1.439146e+01
3.250000e+00,-1.425604e+01,-1.470229e+01,-1.522477e+01,-1.548697e+01,-1.572320e+01,-1.501733e+01,-1.532857e+01,-1.518925e+01
3.750000e+00,-1.530887e+01,-1.552749e+01,-1.593986e+01,-1.610056e+01,-1.638839e+01,-1.578255e+01,-1.595060e+01,-1.580454e+01
4.250000e+00,-1.609873e+01,-1.611795e+01,-1.643763e+01,-1.656568e+01,-1.694293e+01,-1.633199e+01,-1.641698e+01,-1.629515e+01
4.750000e+00,-1.669973e+01,-1.656354e+01,-1.680690e+01,-1.698334e+01,-1.735173e+01,-1.673934e+01,-1.684112e+01,-1.667792e+01
5.250000e+00,-1.714881e+01,-1.692222e+01,-1.711956e+01,-1.730635e+01,-1.769448e+01,-1.707841e+01,-1.717590e+01,-1.698027e+01
5.750000e+00,-1.753354e+01,-1.722365e+01,-1.739176e+01,-1.757139e+01,-1.797055e+01,-1.736145e+01,-1.745162e+01,-1.720428e+01
6.250000e+00,-1.783048e+01,-1.745658e+01,-1.760529e+01,-1.778658e+01,-1.817386e+01,-1.758071e+01,-1.767126e+01,-1.740049e+01
6.750000e+00,-1.806023e+01,-1.764716e+01,-1.777610e+01,-1.795411e+01,-1.833929e+01,-1.776174e+01,-1.784652e+01,-1.753975e+01
7.250000e+00,-1.824378e+01,-1.780911e+01,-1.792733e+01,-1.810610e+01,-1.848026e+01,-1.791440e+01,-1.800536e+01,-1.766469e+01
7.750000e+00,-1.838797e+01,-1.794487e+01,-1.804679e+01,-1.821952e+01,-1.860057e+01,-1.804316e+01,-1.812549e+01,-1.776450e+01
8.250000e+00,-1.850423e+01,-1.805703e+01,-1.815336e+01,-1.832393e+01,-1.871130e+01,-1.815409e+01,-1.823402e+01,-1.785463e+01
8.750000e+00,-1.860110e+01,-1.815951e+01,-1.824876e+01,-1.841614e+01,-1.880833e+01,-1.825238e+01,-1.832784e+01,-1.794508e+01
9.250000e+00,-1.867964e+01,-1.824292e+01,-1.833010e+01,-1.849268e+01,-1.889829e+01,-1.833407e+01,-1.840814e+01,-1.801631e+01
9.750000e+00,-1.875017e+01,-1.832168e+01,-1.839610e+01,-1.854905e+01,-1.897936e+01,-1.840714e+01,-1.846704e+01,-1.807119e+01
1.025000e+01,-1.880156e+01,-1.838970e+01,-1.845822e+01,-1.860564e+01,-1.904974e+01,-1.847736e+01,-1.852697e+01,-1.812274e+01
1.075000e+01,-1.884915e+01,-1.844923e+01,-1.851166e+01,-1.865381e+01,-1.911342e+01,-1.853381e+01,-1.857877e+01,-1.816234e+01
1.125000e+01,-1.888624e+01,-1.850575e+01,-1.856544e+01,-1.869486e+01,-1.917228e+01,-1.859417e+01,-1.861888e+01,-1.820467e+01
1.175000e+01,-1.891004e+01,-1.855697e+01,-1.861211e+01,-1.872490e+01,-1.922243e+01,-1.864412e+01,-1.865428e+01,-1.822268e+01
1.225000e+01,-1.892774e+01,-1.860607e+01,-1.865476e+01,-1.875780e+01,-1.927745e+01,-1.869034e+01,-1.869206e+01,-1.824263e+01
1.275000e+01,-1.893916e+01,-1.864139e+01,-1.868679e+01,-1.877961e+01,-1.931404e+01,-1.872565e+01,-1.871506e+01,-1.825830e+01
1.325000e+01,-1.894333e+01,-1.868223e+01,-1.872410e+01,-1.879236e+01,-1.934649e+01,-1.876932e+01,-1.873134e+01,-1.826208e+01
1.375000e+01,-1.894048e+01,-1.871496e+01,-1.876049e+01,-1.880987e+01,-1.937300e+01,-1.880364e+01,-1.875323e+01,-1.826059e+01
1.425000e+01,-1.893162e+01,-1.874517e+01,-1.878718e+01,-1.882310e+01,-1.939253e+01,-1.883397e+01,-1.877096e+01,-1.825014e+01
1.475000e+01,-1.890447e+01,-1.876917e+01,-1.881762e+01,-1.883301e+01,-1.940968e+01,-1.886119e+01,-1.878550e+01,-1.823809e+01
1.525000e+01,-1.887356e+01,-1.879077e+01,-1.884559e+01,-1.883815e+01,-1.942496e+01,-1.888681e+01,-1.879572e+01,-1.822175e+01
1.575000e+01,-1.883900e+01,-1.881206e+01,-1.886638e+01,-1.884112e+01,-1.943167e+01,-1.890794e+01,-1.880363e+01,-1.819807e+01
1.625000e+01,-1.879304e+01,-1.882571e+01,-1.888500e+01,-1.884575e+01,-1.943628e+01,-1.892290e+01,-1.881306e+01,-1.817300e+01
1.675000e+01,-1.873850e+01,-1.883661e+01,-1.890646e+01,-1.885269e+01,-1.942886e+01,-1.893863e+01,-1.882438e+01,-1.813638e+01
1.725000e+01,-1.868208e+01,-1.884801e+01,-1.892851e+01,-1.885681e+01,-1.941576e+01,-1.895526e+01,-1.883371e+01,-1.809416e+01
1.775000e+01,-1.862265e+01,-1.885397e+01,-1.894757e+01,-1.885795e+01,-1.939590e+01,-1.896773e+01,-1.883895e+01,-1.804823e+01
1.825000e+01,-1.856247e+01,-1.885397e+01,-1.896685e+01,-1.886350e+01,-1.937064e+01,-1.897391e+01,-1.884906e+01,-1.799835e+01
1.875000e+01,-1.850743e+01,-1.885120e+01,-1.897794e+01,-1.886178e+01,-1.934321e+01,-1.897661e+01,-1.885100e+01,-1.795064e+01
1.925000e+01,-1.843833e+01,-1.884777e+01,-1.898576e+01,-1.885303e+01,-1.931001e+01,-1.897847e+01,-1.884591e+01,-1.789849e+01
1.975000e+01,-1.837236e+01,-1.883835e+01,-1.899690e+01,-1.885155e+01,-1.928051e+01,-1.897674e+01,-1.884669e+01,-1.785899e+01
2.025000e+01,-1.829590e+01,-1.882412e+01,-1.900588e+01,-1.884684e+01,-1.925230e+01,-1.897120e+01,-1.884464e+01,-1.781542e+01
2.075000e+01,-1.822087e+01,-1.880949e+01,-1.901002e+01,-1.883857e+01,-1.921988e+01,-1.896614e+01,-1.883884e+01,-1.776939e+01
