Time,U,B,V,R,I,gs,rs,is
7.500000e-01,-1.102200e+01,-1.109046e+01,-1.318373e+01,-1.325867e+01,-1.369381e+01,-1.206993e+01,-1.303080e+01,-1.321680e+01
1.250000e+00,-1.214604e+01,-1.247524e+01,-1.454972e+01,-1.451042e+01,-1.475170e+01,-1.345473e+01,-1.427613e+01,-1.445604e+01
1.750000e+00,-1.374585e+01,-1.391139e+01,-1.564803e+01,-1.555364e+01,-1.574885e+01,-1.473104e+01,-1.540604e+01,-1.527707e+01
2.250000e+00,-1.536411e+01,-1.550285e+01,-1.641181e+01,-1.626308e+01,-1.646990e+01,-1.599827e+01,-1.612921e+01,-1.592722e+01
2.750000e+00,-1.664387e+01,-1.652801e+01,-1.689516e+01,-1.671797e+01,-1.703229e+01,-1.683379e+01,-1.659323e+01,-1.638264e+01
3.250000e+00,-1.754710e+01,-1.721124e+01,-1.722079e+01,-1.706186e+01,-1.743777e+01,-1.735325e+01,-1.693524e+01,-1.674049e+01
3.750000e+00,-1.820759e+01,-1.767125e+01,-1.749732e+01,-1.739020e+01,-1.779784e+01,-1.770573e+01,-1.725798e+01,-1.709454e+01
4.250000e+00,-1.866210e+01,-1.798704e+01,-1.774551e+01,-1.760962e+01,-1.800202e+01,-1.798166e+01,-1.747857e+01,-1.730643e+01
4.750000e+00,-1.898173e+01,-1.823323e+01,-1.793581e+01,-1.780830e+01,-1.816807e+01,-1.820489e+01,-1.767068e+01,-1.752473e+01
5.250000e+00,-1.923608e+01,-1.845144e+01,-1.809990e+01,-1.796368e+01,-1.831095e+01,-1.839826e+01,-1.783198e+01,-1.766360e+01
5.750000e+00,-1.942678e+01,-1.862726e+01,-1.825061e+01,-1.808548e+01,-1.844350e+01,-1.857423e+01,-1.795165e+01,-1.781593e+01
6.250000e+00,-1.959603e+01,-1.878956e+01,-1.840072e+01,-1.819910e+01,-1.854553e+01,-1.872512e+01,-1.806260e+01,-1.793711e+01
6.750000e+00,-1.973870e+01,-1.892906e+01,-1.852335e+01,-1.829239e+01,-1.861300e+01,-1.886091e+01,-1.817235e+01,-1.798911e+01
7.250000e+00,-1.986600e+01,-1.906294e+01,-1.865727e+01,-1.837705e+01,-1.866923e+01,-1.899599e+01,-1.827157e+01,-1.802541e+01
7.750000e+00,-1.997258e+01,-1.917846e+01,-1.877391e+01,-1.846633e+01,-1.871220e+01,-1.910512e+01,-1.838004e+01,-1.804738e+01
8.250000e+00,-2.007437e+01,-1.927898e+01,-1.887233e+01,-1.854036e+01,-1.872746e+01,-1.920501e+01,-1.847056e+01,-1.803935e+01
8.750000e+00,-2.016046e+01,-1.937102e+01,-1.897415e+01,-1.858983e+01,-1.874110e+01,-1.929387e+01,-1.853661e+01,-1.802896e+01
9.250000e+00,-2.023263e+01,-1.945383e+01,-1.906493e+01,-1.864504e+01,-1.874899e+01,-1.937552e+01,-1.860542e+01,-1.800936e+01
9.750000e+00,-2.029290e+01,-1.952557e+01,-1.914213e+01,-1.869793e+01,-1.877359e+01,-1.944567e+01,-1.867263e+01,-1.800670e+01
1.025000e+01,-2.033453e+01,-1.959069e+01,-1.922247e+01,-1.875312e+01,-1.881642e+01,-1.951172e+01,-1.873920e+01,-1.801151e+01
1.075000e+01,-2.036215e+01,-1.963972e+01,-1.928485e+01,-1.880485e+01,-1.886548e+01,-1.956203e+01,-1.879646e+01,-1.803383e+01
1.125000e+01,-2.038112e+01,-1.968305e+01,-1.933962e+01,-1.885535e+01,-1.892797e+01,-1.960736e+01,-1.885301e+01,-1.807188e+01
1.175000e+01,-2.038163e+01,-1.972343e+01,-1.939297e+01,-1.890775e+01,-1.899935e+01,-1.964888e+01,-1.891137e+01,-1.810144e+01
1.225000e+01,-2.036497e+01,-1.975660e+01,-1.944975e+01,-1.897049e+01,-1.909231e+01,-1.968891e+01,-1.897679e+01,-1.815454e+01
1.275000e+01,-2.033963e+01,-1.978694e+01,-1.950177e+01,-1.901057e+01,-1.918174e+01,-1.972811e+01,-1.902123e+01,-1.819705e+01
1.325000e+01,-2.029969e+01,-1.980956e+01,-1.954515e+01,-1.905683e+01,-1.929338e+01,-1.976143e+01,-1.906529e+01,-1.826241e+01
1.375000e+01,-2.024750e+01,-1.982865e+01,-1.958478e+01,-1.909287e+01,-1.940279e+01,-1.979307e+01,-1.910200e+01,-1.832689e+01
1.425000e+01,-2.018285e+01,-1.984429e+01,-1.962668e+01,-1.912938e+01,-1.950956e+01,-1.982620e+01,-1.913929e+01,-1.838739e+01
1.475000e+01,-2.011089e+01,-1.985075e+01,-1.965912e+01,-1.916449e+01,-1.960688e+01,-1.984933e+01,-1.917336e+01,-1.844330e+01
1.525000e+01,-2.003269e+01,-1.985331e+01,-1.969014e+01,-1.919126e+01,-1.969737e+01,-1.987179e+01,-1.919792e+01,-1.849441e+01
1.575000e+01,-1.994685e+01,-1.984865e+01,-1.972637e+01,-1.922146e+01,-1.978419e+01,-1.989546e+01,-1.922792e+01,-1.854458e+01
1.625000e+01,-1.985166e+01,-1.983583e+01,-1.975845e+01,-1.925433e+01,-1.985918e+01,-1.991411e+01,-1.926072e+01,-1.858363e+01
1.675000e+01,-1.974645e+01,-1.980675e+01,-1.978448e+01,-1.928265e+01,-1.992394e+01,-1.992098e+01,-1.928632e+01,-1.862464e+01
1.725000e+01,-1.963553e+01,-1.976650e+01,-1.980648e+01,-1.930230e+01,-1.998250e+01,-1.992126e+01,-1.930408e+01,-1.865443e+01
1.775000e+01,-1.951401e+01,-1.972207e+01,-1.982575e+01,-1.931959e+01,-2.002709e+01,-1.992166e+01,-1.932157e+01,-1.866717e+01
1.825000e+01,-1.939259e+01,-1.967319e+01,-1.984418e+01,-1.934140e+01,-2.005995e+01,-1.991945e+01,-1.934268e+01,-1.867671e+01
1.875000e+01,-1.927160e+01,-1.962398e+01,-1.986742e+01,-1.936104e+01,-2.008448e+01,-1.991682e+01,-1.936182e+01,-1.868549e+01
1.925000e+01,-1.913301e+01,-1.956692e+01,-1.989313e+01,-1.937915e+01,-2.010153e+01,-1.990994e+01,-1.938088e+01,-1.868613e+01
1.975000e+01,-1.900102e+01,-1.951220e+01,-1.991254e+01,-1.938900e+01,-2.011262e+01,-1.990006e+01,-1.938957e+01,-1.867952e+01
2.025000e+01,-1.886059e+01,-1.945454e+01,-1.993093e+01,-1.939755e+01,-2.011789e+01,-1.988629e+01,-1.939971e+01,-1.866437e+01
2.075000e+01,-1.871439e+01,-1.939158e+01,-1.994385e+01,-1.940343e+01,-2.011918e+01,-1.986405e+01,-1.940697e+01,-1.864841e+01
