Time,U,B,V,R,I,gs,rs,is
7.500000e-01,-1.700260e+01,-1.586488e+01,-1.567946e+01,-1.525094e+01,-1.471538e+01,-1.589566e+01,-1.520436e+01,-1.443418e+01
1.250000e+00,-1.660629e+01,-1.597480e+01,-1.597574e+01,-1.586176e+01,-1.574140e+01,-1.606785e+01,-1.573362e+01,-1.545451e+01
1.750000e+00,-1.573389e+01,-1.578236e+01,-1.623772e+01,-1.627214e+01,-1.629026e+01,-1.604656e+01,-1.613948e+01,-1.591813e+01
2.250000e+00,-1.579397e+01,-1.603969e+01,-1.667938e+01,-1.675652e+01,-1.682019e+01,-1.636741e+01,-1.662700e+01,-1.640770e+01
2.750000e+00,-1.673204e+01,-1.680684e+01,-1.719742e+01,-1.722284e+01,-1.722268e+01,-1.703368e+01,-1.711335e+01,-1.680844e+01
3.250000e+00,-1.763071e+01,-1.741674e+01,-1.757937e+01,-1.755698e+01,-1.751390e+01,-1.755023e+01,-1.745629e+01,-1.711228e+01
3.750000e+00,-1.829677e+01,-1.785116e+01,-1.788909e+01,-1.781068e+01,-1.775410e+01,-1.792533e+01,-1.772011e+01,-1.734541e+01
4.250000e+00,-1.874862e+01,-1.815274e+01,-1.812525e+01,-1.801726e+01,-1.795492e+01,-1.819734e+01,-1.792780e+01,-1.755460e+01
4.750000e+00,-1.909158e+01,-1.838592e+01,-1.832111e+01,-1.819489e+01,-1.811914e+01,-1.840961e+01,-1.811654e+01,-1.769148e+01
5.250000e+00,-1.934540e+01,-1.858162e+01,-1.847834e+01,-1.831892e+01,-1.822473e+01,-1.859830e+01,-1.824577e+01,-1.780544e+01
5.750000e+00,-1.955267e+01,-1.874340e+01,-1.863515e+01,-1.845884e+01,-1.833473e+01,-1.875063e+01,-1.839453e+01,-1.790868e+01
6.250000e+00,-1.971936e+01,-1.888407e+01,-1.875202e+01,-1.855991e+01,-1.839752e+01,-1.888375e+01,-1.850933e+01,-1.794932e+01
6.750000e+00,-1.985803e+01,-1.901516e+01,-1.885939e+01,-1.865294e+01,-1.843775e+01,-1.900599e+01,-1.860816e+01,-1.799766e+01
7.250000e+00,-1.997299e+01,-1.912914e+01,-1.895998e+01,-1.872852e+01,-1.845562e+01,-1.911289e+01,-1.870059e+01,-1.798998e+01
7.750000e+00,-2.007635e+01,-1.923154e+01,-1.905368e+01,-1.880109e+01,-1.848330e+01,-1.921203e+01,-1.878636e+01,-1.798274e+01
8.250000e+00,-2.015403e+01,-1.932628e+01,-1.913087e+01,-1.885452e+01,-1.849052e+01,-1.930050e+01,-1.884812e+01,-1.796586e+01
8.750000e+00,-2.022138e+01,-1.941081e+01,-1.920569e+01,-1.891415e+01,-1.850626e+01,-1.938497e+01,-1.891831e+01,-1.794660e+01
9.250000e+00,-2.028015e+01,-1.948851e+01,-1.928170e+01,-1.896389e+01,-1.851399e+01,-1.945921e+01,-1.897907e+01,-1.792151e+01
9.750000e+00,-2.031654e+01,-1.956189e+01,-1.934969e+01,-1.902370e+01,-1.851522e+01,-1.953170e+01,-1.904733e+01,-1.789356e+01
1.025000e+01,-2.033876e+01,-1.962667e+01,-1.940839e+01,-1.907569e+01,-1.852643e+01,-1.959789e+01,-1.910609e+01,-1.785995e+01
1.075000e+01,-2.034579e+01,-1.968303e+01,-1.947228e+01,-1.913462e+01,-1.854968e+01,-1.965934e+01,-1.917110e+01,-1.785507e+01
1.125000e+01,-2.034583e+01,-1.972840e+01,-1.952885e+01,-1.918566e+01,-1.858236e+01,-1.971308e+01,-1.922805e+01,-1.783974e+01
1.175000e+01,-2.034203e+01,-1.977288e+01,-1.958291e+01,-1.922853e+01,-1.862144e+01,-1.976425e+01,-1.927460e+01,-1.784259e+01
1.225000e+01,-2.031819e+01,-1.981308e+01,-1.963641e+01,-1.927854e+01,-1.867273e+01,-1.981253e+01,-1.932601e+01,-1.786574e+01
1.275000e+01,-2.027371e+01,-1.984558e+01,-1.969124e+01,-1.932834e+01,-1.873936e+01,-1.985990e+01,-1.937853e+01,-1.788562e+01
1.325000e+01,-2.020684e+01,-1.986476e+01,-1.975080e+01,-1.937935e+01,-1.881283e+01,-1.990279e+01,-1.943349e+01,-1.790774e+01
1.375000e+01,-2.013135e+01,-1.987814e+01,-1.980196e+01,-1.943122e+01,-1.889466e+01,-1.993604e+01,-1.948726e+01,-1.792811e+01
1.425000e+01,-2.004442e+01,-1.988072e+01,-1.984183e+01,-1.946389e+01,-1.897309e+01,-1.996136e+01,-1.952149e+01,-1.796903e+01
1.475000e+01,-1.995196e+01,-1.987941e+01,-1.988410e+01,-1.949899e+01,-1.905578e+01,-1.998652e+01,-1.955798e+01,-1.801523e+01
1.525000e+01,-1.984566e+01,-1.986404e+01,-1.992581e+01,-1.952943e+01,-1.915129e+01,-2.000154e+01,-1.958770e+01,-1.807597e+01
1.575000e+01,-1.972908e+01,-1.983859e+01,-1.996328e+01,-1.955714e+01,-1.924496e+01,-2.000905e+01,-1.961509e+01,-1.813127e+01
1.625000e+01,-1.961233e+01,-1.980573e+01,-1.999692e+01,-1.957769e+01,-1.932948e+01,-2.001114e+01,-1.963558e+01,-1.818280e+01
1.675000e+01,-1.949872e+01,-1.976528e+01,-2.002402e+01,-1.959901e+01,-1.940692e+01,-2.000668e+01,-1.965720e+01,-1.822166e+01
1.725000e+01,-1.939142e+01,-1.972101e+01,-2.004506e+01,-1.961208e+01,-1.948634e+01,-1.999923e+01,-1.966900e+01,-1.828006e+01
1.775000e+01,-1.927906e+01,-1.967326e+01,-2.006592e+01,-1.961956e+01,-1.955683e+01,-1.999042e+01,-1.967457e+01,-1.832334e+01
1.825000e+01,-1.917628e+01,-1.962541e+01,-2.008038e+01,-1.961927e+01,-1.961330e+01,-1.997889e+01,-1.967365e+01,-1.834935e+01
1.875000e+01,-1.907591e+01,-1.958308e+01,-2.009131e+01,-1.961966e+01,-1.966032e+01,-1.996946e+01,-1.967087e+01,-1.838482e+01
1.925000e+01,-1.896876e+01,-1.953860e+01,-2.009975e+01,-1.962028e+01,-1.970163e+01,-1.995668e+01,-1.967004e+01,-1.840964e+01
1.975000e+01,-1.887350e+01,-1.949945e+01,-2.010311e+01,-1.961491e+01,-1.973820e+01,-1.994606e+01,-1.966428e+01,-1.842056e+01
2.025000e+01,-1.877296e+01,-1.946086e+01,-2.010508e+01,-1.960387e+01,-1.977362e+01,-1.993480e+01,-1.964971e+01,-1.844284e+01
2.075000e+01,-1.867511e+01,-1.942226e+01,-2.010690e+01,-1.959159e+01,-1.980224e+01,-1.992198e+01,-1.963352e+01,-1.846348e+01
