Time,U,B,V,R,I,gs,rs,is
7.500000e-01,-1.529740e+01,-1.484835e+01,-1.506603e+01,-1.508627e+01,-1.510544e+01,-1.503944e+01,-1.491476e+01,-1.482404e+01
1.250000e+00,-1.573731e+01,-1.560936e+01,-1.593421e+01,-1.588966e+01,-1.582874e+01,-1.586226e+01,-1.576336e+01,-1.549060e+01
1.750000e+00,-1.625980e+01,-1.627180e+01,-1.651485e+01,-1.648940e+01,-1.638177e+01,-1.651746e+01,-1.635765e+01,-1.607666e+01
2.250000e+00,-1.692583e+01,-1.691456e+01,-1.705598e+01,-1.701824e+01,-1.685718e+01,-1.710050e+01,-1.688352e+01,-1.660810e+01
2.750000e+00,-1.760546e+01,-1.746158e+01,-1.744022e+01,-1.734915e+01,-1.718367e+01,-1.758378e+01,-1.722817e+01,-1.689648e+01
3.250000e+00,-1.816384e+01,-1.787701e+01,-1.774783e+01,-1.766894e+01,-1.746897e+01,-1.794335e+01,-1.754186e+01,-1.722764e+01
3.750000e+00,-1.861817e+01,-1.820303e+01,-1.801495e+01,-1.788365e+01,-1.771843e+01,-1.824015e+01,-1.774444e+01,-1.750023e+01
4.250000e+00,-1.898511e+01,-1.847627e+01,-1.820150e+01,-1.805764e+01,-1.789295e+01,-1.847458e+01,-1.792463e+01,-1.765903e+01
4.750000e+00,-1.927720e+01,-1.869179e+01,-1.835543e+01,-1.817344e+01,-1.798310e+01,-1.867512e+01,-1.804859e+01,-1.774644e+01
5.250000e+00,-1.952344e+01,-1.888555e+01,-1.848728e+01,-1.825757e+01,-1.806783e+01,-1.884868e+01,-1.813829e+01,-1.782668e+01
5.750000e+00,-1.971184e+01,-1.904162e+01,-1.861856e+01,-1.832109e+01,-1.810016e+01,-1.899155e+01,-1.821138e+01,-1.786659e+01
6.250000e+00,-1.987442e+01,-1.918939e+01,-1.872894e+01,-1.838922e+01,-1.812194e+01,-1.913057e+01,-1.829139e+01,-1.787865e+01
6.750000e+00,-2.000702e+01,-1.931438e+01,-1.883749e+01,-1.844099e+01,-1.813080e+01,-1.925336e+01,-1.835124e+01,-1.789536e+01
7.250000e+00,-2.012160e+01,-1.941543e+01,-1.894760e+01,-1.847669e+01,-1.813306e+01,-1.935381e+01,-1.840046e+01,-1.788524e+01
7.750000e+00,-2.023148e+01,-1.950931e+01,-1.902972e+01,-1.850817e+01,-1.812288e+01,-1.943975e+01,-1.845442e+01,-1.783562e+01
8.250000e+00,-2.032725e+01,-1.959741e+01,-1.911357e+01,-1.854826e+01,-1.805208e+01,-1.952475e+01,-1.850856e+01,-1.776741e+01
8.750000e+00,-2.041467e+01,-1.967118e+01,-1.918782e+01,-1.858484e+01,-1.798026e+01,-1.959997e+01,-1.856185e+01,-1.769672e+01
9.250000e+00,-2.049475e+01,-1.973566e+01,-1.926020e+01,-1.861745e+01,-1.792083e+01,-1.966636e+01,-1.861014e+01,-1.761513e+01
9.750000e+00,-2.055429e+01,-1.978679e+01,-1.932205e+01,-1.864019e+01,-1.783669e+01,-1.972111e+01,-1.864800e+01,-1.751352e+01
1.025000e+01,-2.060853e+01,-1.983396e+01,-1.938923e+01,-1.867594e+01,-1.777706e+01,-1.977044e+01,-1.869689e+01,-1.743098e+01
1.075000e+01,-2.064947e+01,-1.987684e+01,-1.944291e+01,-1.871448e+01,-1.776450e+01,-1.981698e+01,-1.874396e+01,-1.738303e+01
1.125000e+01,-2.068386e+01,-1.991514e+01,-1.950527e+01,-1.874142e+01,-1.772217e+01,-1.986266e+01,-1.878029e+01,-1.733285e+01
1.175000e+01,-2.070160e+01,-1.995035e+01,-1.956629e+01,-1.878213e+01,-1.771299e+01,-1.990418e+01,-1.882606e+01,-1.732328e+01
1.225000e+01,-2.070428e+01,-1.998461e+01,-1.962020e+01,-1.882922e+01,-1.775048e+01,-1.994190e+01,-1.887782e+01,-1.734015e+01
1.275000e+01,-2.069404e+01,-2.001693e+01,-1.966762e+01,-1.887817e+01,-1.777550e+01,-1.997725e+01,-1.893158e+01,-1.732548e+01
1.325000e+01,-2.066387e+01,-2.005297e+01,-1.971874e+01,-1.892425e+01,-1.781128e+01,-2.002193e+01,-1.897953e+01,-1.732778e+01
1.375000e+01,-2.061014e+01,-2.008075e+01,-1.975997e+01,-1.897462e+01,-1.787651e+01,-2.005691e+01,-1.903236e+01,-1.736263e+01
1.425000e+01,-2.054568e+01,-2.010167e+01,-1.980071e+01,-1.901341e+01,-1.794211e+01,-2.009152e+01,-1.907387e+01,-1.736610e+01
1.475000e+01,-2.046693e+01,-2.012316e+01,-1.983778e+01,-1.904982e+01,-1.799155e+01,-2.012695e+01,-1.911193e+01,-1.736257e+01
1.525000e+01,-2.036311e+01,-2.013435e+01,-1.987169e+01,-1.909120e+01,-1.805841e+01,-2.015676e+01,-1.915422e+01,-1.738586e+01
1.575000e+01,-2.024313e+01,-2.013160e+01,-1.989994e+01,-1.912756e+01,-1.813929e+01,-2.018213e+01,-1.919103e+01,-1.742097e+01
1.625000e+01,-2.011204e+01,-2.011543e+01,-1.993143e+01,-1.916501e+01,-1.824720e+01,-2.020421e+01,-1.922541e+01,-1.747611e+01
1.675000e+01,-1.996515e+01,-2.008673e+01,-1.996480e+01,-1.920800e+01,-1.836986e+01,-2.021962e+01,-1.926664e+01,-1.754910e+01
1.725000e+01,-1.980189e+01,-2.004645e+01,-1.999561e+01,-1.924774e+01,-1.848468e+01,-2.022877e+01,-1.930291e+01,-1.763220e+01
1.775000e+01,-1.962826e+01,-1.999746e+01,-2.002997e+01,-1.928498e+01,-1.859200e+01,-2.023513e+01,-1.933671e+01,-1.771165e+01
1.825000e+01,-1.945967e+01,-1.994812e+01,-2.006810e+01,-1.932246e+01,-1.870863e+01,-2.023892e+01,-1.936934e+01,-1.780148e+01
1.875000e+01,-1.929038e+01,-1.989760e+01,-2.010905e+01,-1.935917e+01,-1.882784e+01,-2.023923e+01,-1.940386e+01,-1.788467e+01
1.925000e+01,-1.909177e+01,-1.983719e+01,-2.015091e+01,-1.940850e+01,-1.896753e+01,-2.023397e+01,-1.944905e+01,-1.800298e+01
1.975000e+01,-1.889767e+01,-1.977307e+01,-2.018570e+01,-1.945117e+01,-1.910439e+01,-2.022099e+01,-1.948542e+01,-1.813197e+01
2.025000e+01,-1.868367e+01,-1.969674e+01,-2.022298e+01,-1.949522e+01,-1.923335e+01,-2.019836e+01,-1.952659e+01,-1.824958e+01
2.075000e+01,-1.847744e+01,-1.961047e+01,-2.025653e+01,-1.953515e+01,-1.936452e+01,-2.016494e+01,-1.956336e+01,-1.836636e+01
