Time,U,B,V,R,I,gs,rs,is
7.500000e-01,-1.439775e+00,-7.530620e+00,-8.884113e+00,-9.459300e+00,-1.029696e+01,-8.371471e+00,-9.087183e+00,-9.755189e+00
1.250000e+00,-6.062425e+00,-8.929726e+00,-1.031462e+01,-1.113466e+01,-1.177719e+01,-9.477608e+00,-1.084419e+01,-1.126812e+01
1.750000e+00,-9.773286e+00,-1.151805e+01,-1.230743e+01,-1.282177e+01,-1.328775e+01,-1.183304e+01,-1.261098e+01,-1.274802e+01
2.250000e+00,-1.266395e+01,-1.336318e+01,-1.389150e+01,-1.419619e+01,-1.452063e+01,-1.356246e+01,-1.401260e+01,-1.401155e+01
2.750000e+00,-1.447114e+01,-1.458677e+01,-1.497663e+01,-1.520177e+01,-1.537519e+01,-1.475397e+01,-1.504349e+01,-1.488003e+01
3.250000e+00,-1.559609e+01,-1.548399e+01,-1.575781e+01,-1.593956e+01,-1.611465e+01,-1.565332e+01,-1.579113e+01,-1.558398e+01
3.750000e+00,-1.641144e+01,-1.609147e+01,-1.632400e+01,-1.647660e+01,-1.667810e+01,-1.625388e+01,-1.633331e+01,-1.612610e+01
4.250000e+00,-1.701882e+01,-1.657590e+01,-1.675717e+01,-1.692759e+01,-1.710793e+01,-1.671641e+01,-1.678549e+01,-1.659325e+01
4.750000e+00,-1.748277e+01,-1.695739e+01,-1.710714e+01,-1.726871e+01,-1.740703e+01,-1.707551e+01,-1.714344e+01,-1.688927e+01
5.250000e+00,-1.785773e+01,-1.726103e+01,-1.739240e+01,-1.755210e+01,-1.764612e+01,-1.736750e+01,-1.743434e+01,-1.714559e+01
5.750000e+00,-1.816206e+01,-1.750733e+01,-1.762409e+01,-1.778816e+01,-1.783454e+01,-1.760154e+01,-1.768872e+01,-1.730551e+01
6.250000e+00,-1.840056e+01,-1.770576e+01,-1.781230e+01,-1.797296e+01,-1.799355e+01,-1.779644e+01,-1.788088e+01,-1.745550e+01
6.750000e+00,-1.858151e+01,-1.787482e+01,-1.797496e+01,-1.812990e+01,-1.813972e+01,-1.796298e+01,-1.804522e+01,-1.758545e+01
7.250000e+00,-1.873896e+01,-1.801719e+01,-1.810746e+01,-1.826067e+01,-1.826586e+01,-1.810136e+01,-1.817824e+01,-1.770010e+01
7.750000e+00,-1.885517e+01,-1.813546e+01,-1.821695e+01,-1.836451e+01,-1.837949e+01,-1.821587e+01,-1.828460e+01,-1.780211e+01
8.250000e+00,-1.896275e+01,-1.824120e+01,-1.831383e+01,-1.845178e+01,-1.846601e+01,-1.832090e+01,-1.837375e+01,-1.787486e+01
8.750000e+00,-1.905161e+01,-1.833840e+01,-1.840894e+01,-1.853462e+01,-1.855190e+01,-1.841910e+01,-1.846395e+01,-1.793566e+01
9.250000e+00,-1.912617e+01,-1.841986e+01,-1.848541e+01,-1.860328e+01,-1.862955e+01,-1.849969e+01,-1.853429e+01,-1.799687e+01
9.750000e+00,-1.918891e+01,-1.849191e+01,-1.855186e+01,-1.864559e+01,-1.869896e+01,-1.857182e+01,-1.857998e+01,-1.803941e+01
1.025000e+01,-1.924891e+01,-1.856791e+01,-1.861876e+01,-1.869483e+01,-1.874816e+01,-1.864698e+01,-1.863107e+01,-1.807134e+01
1.075000e+01,-1.929760e+01,-1.863335e+01,-1.868142e+01,-1.874339e+01,-1.880195e+01,-1.871274e+01,-1.868464e+01,-1.809742e+01
1.125000e+01,-1.933502e+01,-1.869045e+01,-1.873176e+01,-1.878225e+01,-1.884855e+01,-1.877149e+01,-1.872797e+01,-1.811781e+01
1.175000e+01,-1.936303e+01,-1.874385e+01,-1.877927e+01,-1.880715e+01,-1.888699e+01,-1.882506e+01,-1.875867e+01,-1.811675e+01
1.225000e+01,-1.938372e+01,-1.879425e+01,-1.882940e+01,-1.884176e+01,-1.891806e+01,-1.887610e+01,-1.879911e+01,-1.811580e+01
1.275000e+01,-1.939181e+01,-1.883595e+01,-1.886619e+01,-1.886645e+01,-1.894045e+01,-1.891521e+01,-1.882871e+01,-1.811475e+01
1.325000e+01,-1.938691e+01,-1.887402e+01,-1.890676e+01,-1.888297e+01,-1.895827e+01,-1.895492e+01,-1.885026e+01,-1.809804e+01
1.375000e+01,-1.938197e+01,-1.890895e+01,-1.893799e+01,-1.890076e+01,-1.897717e+01,-1.898893e+01,-1.887329e+01,-1.808879e+01
1.425000e+01,-1.936120e+01,-1.894350e+01,-1.897066e+01,-1.891594e+01,-1.900287e+01,-1.902481e+01,-1.889256e+01,-1.807754e+01
1.475000e+01,-1.932733e+01,-1.897477e+01,-1.900138e+01,-1.893064e+01,-1.902768e+01,-1.905558e+01,-1.891393e+01,-1.805851e+01
1.525000e+01,-1.928836e+01,-1.900093e+01,-1.902310e+01,-1.894219e+01,-1.904322e+01,-1.907948e+01,-1.893080e+01,-1.803714e+01
1.575000e+01,-1.923999e+01,-1.902451e+01,-1.905121e+01,-1.894994e+01,-1.904961e+01,-1.910504e+01,-1.894338e+01,-1.800628e+01
1.625000e+01,-1.918814e+01,-1.904348e+01,-1.907379e+01,-1.895934e+01,-1.906355e+01,-1.912526e+01,-1.895508e+01,-1.798966e+01
1.675000e+01,-1.913072e+01,-1.905672e+01,-1.909411e+01,-1.897436e+01,-1.907466e+01,-1.914022e+01,-1.897424e+01,-1.796873e+01
1.725000e+01,-1.906893e+01,-1.906909e+01,-1.911815e+01,-1.898394e+01,-1.908879e+01,-1.915703e+01,-1.898638e+01,-1.795678e+01
1.775000e+01,-1.900779e+01,-1.907678e+01,-1.913777e+01,-1.898843e+01,-1.909657e+01,-1.916836e+01,-1.899362e+01,-1.793062e+01
1.825000e+01,-1.894708e+01,-1.908078e+01,-1.915268e+01,-1.899165e+01,-1.910561e+01,-1.917701e+01,-1.899745e+01,-1.791860e+01
1.875000e+01,-1.889043e+01,-1.908156e+01,-1.916701e+01,-1.899448e+01,-1.911163e+01,-1.918378e+01,-1.900112e+01,-1.790188e+01
1.925000e+01,-1.882456e+01,-1.907870e+01,-1.918516e+01,-1.899935e+01,-1.911286e+01,-1.918758e+01,-1.900929e+01,-1.787345e+01
1.975000e+01,-1.876551e+01,-1.907054e+01,-1.919708e+01,-1.900186e+01,-1.911796e+01,-1.918537e+01,-1.901420e+01,-1.785143e+01
2.025000e+01,-1.869969e+01,-1.906024e+01,-1.920010e+01,-1.900035e+01,-1.911406e+01,-1.918227e+01,-1.901347e+01,-1.782009e+01
2.075000e+01,-1.863583e+01,-1.904779e+01,-1.920044e+01,-1.899326e+01,-1.910794e+01,-1.917793e+01,-1.900532e+01,-1.780269e+01
