Time,U,B,V,R,I,gs,rs,is
7.500000e-01,-1.601434e+01,-1.538365e+01,-1.541048e+01,-1.537988e+01,-1.529321e+01,-1.550776e+01,-1.523865e+01,-1.502149e+01
1.250000e+00,-1.491453e+01,-1.481002e+01,-1.546019e+01,-1.557715e+01,-1.566262e+01,-1.516897e+01,-1.542731e+01,-1.524641e+01
1.750000e+00,-1.327226e+01,-1.335944e+01,-1.457893e+01,-1.519356e+01,-1.561258e+01,-1.386173e+01,-1.495648e+01,-1.517573e+01
2.250000e+00,-1.209201e+01,-1.239865e+01,-1.375673e+01,-1.459216e+01,-1.537765e+01,-1.299227e+01,-1.422228e+01,-1.492724e+01
2.750000e+00,-1.193704e+01,-1.225760e+01,-1.370607e+01,-1.468981e+01,-1.548716e+01,-1.286108e+01,-1.430270e+01,-1.505185e+01
3.250000e+00,-1.187447e+01,-1.246624e+01,-1.406138e+01,-1.511447e+01,-1.590068e+01,-1.314975e+01,-1.469952e+01,-1.550464e+01
3.750000e+00,-1.219811e+01,-1.287849e+01,-1.459559e+01,-1.562753e+01,-1.638412e+01,-1.363432e+01,-1.521464e+01,-1.599420e+01
4.250000e+00,-1.267111e+01,-1.338568e+01,-1.514528e+01,-1.612581e+01,-1.685353e+01,-1.415268e+01,-1.573742e+01,-1.644373e+01
4.750000e+00,-1.332531e+01,-1.396219e+01,-1.573476e+01,-1.662275e+01,-1.725457e+01,-1.474466e+01,-1.627868e+01,-1.683776e+01
5.250000e+00,-1.399483e+01,-1.450400e+01,-1.626024e+01,-1.706118e+01,-1.760364e+01,-1.528586e+01,-1.675635e+01,-1.717489e+01
5.750000e+00,-1.453956e+01,-1.503904e+01,-1.675150e+01,-1.744557e+01,-1.788787e+01,-1.580753e+01,-1.719231e+01,-1.742226e+01
6.250000e+00,-1.502802e+01,-1.555285e+01,-1.720052e+01,-1.779100e+01,-1.814277e+01,-1.630303e+01,-1.757886e+01,-1.764279e+01
6.750000e+00,-1.543352e+01,-1.595120e+01,-1.755281e+01,-1.807164e+01,-1.835434e+01,-1.669300e+01,-1.789810e+01,-1.780210e+01
7.250000e+00,-1.576010e+01,-1.628672e+01,-1.784519e+01,-1.829593e+01,-1.852579e+01,-1.701840e+01,-1.815283e+01,-1.792200e+01
7.750000e+00,-1.604763e+01,-1.657534e+01,-1.806628e+01,-1.846873e+01,-1.866452e+01,-1.728000e+01,-1.834342e+01,-1.802926e+01
8.250000e+00,-1.625161e+01,-1.681518e+01,-1.826234e+01,-1.861490e+01,-1.878622e+01,-1.750953e+01,-1.850282e+01,-1.813175e+01
8.750000e+00,-1.640049e+01,-1.698305e+01,-1.841741e+01,-1.873869e+01,-1.889413e+01,-1.767468e+01,-1.864092e+01,-1.820119e+01
9.250000e+00,-1.650689e+01,-1.712601e+01,-1.853967e+01,-1.883283e+01,-1.898551e+01,-1.781560e+01,-1.874291e+01,-1.826889e+01
9.750000e+00,-1.656599e+01,-1.722892e+01,-1.864606e+01,-1.891862e+01,-1.907026e+01,-1.792289e+01,-1.883491e+01,-1.833063e+01
1.025000e+01,-1.660524e+01,-1.729860e+01,-1.872640e+01,-1.898780e+01,-1.914348e+01,-1.799921e+01,-1.890627e+01,-1.839268e+01
1.075000e+01,-1.663284e+01,-1.735905e+01,-1.880222e+01,-1.904918e+01,-1.921571e+01,-1.806941e+01,-1.897190e+01,-1.844282e+01
1.125000e+01,-1.663660e+01,-1.740788e+01,-1.886895e+01,-1.910586e+01,-1.928404e+01,-1.813115e+01,-1.903199e+01,-1.849203e+01
1.175000e+01,-1.661934e+01,-1.742931e+01,-1.893075e+01,-1.915849e+01,-1.934394e+01,-1.817324e+01,-1.908786e+01,-1.853296e+01
1.225000e+01,-1.659950e+01,-1.743412e+01,-1.897550e+01,-1.920351e+01,-1.940107e+01,-1.819654e+01,-1.913319e+01,-1.858227e+01
1.275000e+01,-1.657420e+01,-1.743902e+01,-1.901937e+01,-1.924033e+01,-1.944811e+01,-1.822119e+01,-1.917126e+01,-1.861509e+01
1.325000e+01,-1.654385e+01,-1.743736e+01,-1.906116e+01,-1.927794e+01,-1.949622e+01,-1.823950e+01,-1.920977e+01,-1.864590e+01
1.375000e+01,-1.651985e+01,-1.743360e+01,-1.909412e+01,-1.930327e+01,-1.953719e+01,-1.825273e+01,-1.923708e+01,-1.867237e+01
1.425000e+01,-1.647215e+01,-1.742650e+01,-1.912103e+01,-1.932664e+01,-1.957528e+01,-1.826175e+01,-1.926143e+01,-1.869696e+01
1.475000e+01,-1.641817e+01,-1.741530e+01,-1.914563e+01,-1.934635e+01,-1.961189e+01,-1.826966e+01,-1.928033e+01,-1.872458e+01
1.525000e+01,-1.636858e+01,-1.739974e+01,-1.916904e+01,-1.936424e+01,-1.964085e+01,-1.827465e+01,-1.929789e+01,-1.874478e+01
1.575000e+01,-1.631612e+01,-1.738425e+01,-1.918728e+01,-1.937804e+01,-1.966995e+01,-1.827532e+01,-1.931086e+01,-1.876843e+01
1.625000e+01,-1.626294e+01,-1.737019e+01,-1.920459e+01,-1.938611e+01,-1.969915e+01,-1.827753e+01,-1.931785e+01,-1.878284e+01
1.675000e+01,-1.621344e+01,-1.735826e+01,-1.921590e+01,-1.938986e+01,-1.972190e+01,-1.827806e+01,-1.931993e+01,-1.879529e+01
1.725000e+01,-1.617080e+01,-1.734266e+01,-1.922722e+01,-1.939417e+01,-1.974110e+01,-1.827828e+01,-1.932238e+01,-1.881111e+01
1.775000e+01,-1.612433e+01,-1.733389e+01,-1.923764e+01,-1.939893e+01,-1.975804e+01,-1.828005e+01,-1.932564e+01,-1.882235e+01
1.825000e+01,-1.607136e+01,-1.732381e+01,-1.924692e+01,-1.939517e+01,-1.977299e+01,-1.828353e+01,-1.932073e+01,-1.882977e+01
1.875000e+01,-1.602574e+01,-1.731628e+01,-1.925274e+01,-1.938891e+01,-1.978341e+01,-1.828488e+01,-1.931363e+01,-1.882896e+01
1.925000e+01,-1.597488e+01,-1.731362e+01,-1.925702e+01,-1.938015e+01,-1.978648e+01,-1.828908e+01,-1.930470e+01,-1.882347e+01
1.975000e+01,-1.593870e+01,-1.731225e+01,-1.925892e+01,-1.936575e+01,-1.979117e+01,-1.829351e+01,-1.928812e+01,-1.881965e+01
2.025000e+01,-1.589160e+01,-1.731374e+01,-1.926348e+01,-1.934706e+01,-1.979221e+01,-1.829933e+01,-1.926827e+01,-1.881276e+01
2.075000e+01,-1.585657e+01,-1.731472e+01,-1.926440e+01,-1.932714e+01,-1.979191e+01,-1.830335e+01,-1.924864e+01,-1.880247e+01
