0.000231481 day
# index velocity (km/s) density (g/cm^3) fraction_of_zone_that_is_56ni 
1.000000e+00  2.000000e+02	 1.273610e+02  	8.505090e-01  	
2.000000e+00  4.000000e+02	 1.273610e+02  	8.504655e-01  	
3.000000e+00  6.000000e+02	 1.273610e+02  	8.503474e-01  	
4.000000e+00  8.000000e+02	 1.273610e+02  	8.501170e-01  	
5.000000e+00  1.000000e+03	 1.273610e+02  	8.497366e-01  	
6.000000e+00  1.200000e+03	 1.273610e+02  	8.491676e-01  	
7.000000e+00  1.400000e+03	 1.273610e+02  	8.483702e-01  	
8.000000e+00  1.600000e+03	 1.273610e+02  	8.473033e-01  	
9.000000e+00  1.800000e+03	 1.273610e+02  	8.459237e-01  	
1.000000e+01  2.000000e+03	 1.273610e+02  	8.441854e-01  	
1.100000e+01  2.200000e+03	 1.273610e+02  	8.420390e-01  	
1.200000e+01  2.400000e+03	 1.273610e+02  	8.394306e-01  	
1.300000e+01  2.600000e+03	 1.273610e+02  	8.363012e-01  	
1.400000e+01  2.800000e+03	 1.273610e+02  	8.325850e-01  	
1.500000e+01  3.000000e+03	 1.273610e+02  	8.282088e-01  	
1.600000e+01  3.200000e+03	 1.273610e+02  	8.230902e-01  	
1.700000e+01  3.400000e+03	 1.273610e+02  	8.171364e-01  	
1.800000e+01  3.600000e+03	 1.273610e+02  	8.102421e-01  	
1.900000e+01  3.800000e+03	 1.273610e+02  	8.022887e-01  	
2.000000e+01  4.000000e+03	 1.273610e+02  	7.931419e-01  	
2.100000e+01  4.200000e+03	 1.273610e+02  	7.826510e-01  	
2.200000e+01  4.400000e+03	 1.273610e+02  	7.706473e-01  	
2.300000e+01  4.600000e+03	 1.273610e+02  	7.569443e-01  	
2.400000e+01  4.800000e+03	 1.273610e+02  	7.413385e-01  	
2.500000e+01  5.000000e+03	 1.273610e+02  	7.236121e-01  	
2.600000e+01  5.200000e+03	 1.273610e+02  	7.035384e-01  	
2.700000e+01  5.400000e+03	 1.273610e+02  	6.808905e-01  	
2.800000e+01  5.600000e+03	 1.273610e+02  	6.554554e-01  	
2.900000e+01  5.800000e+03	 1.273610e+02  	6.270529e-01  	
3.000000e+01  6.000000e+03	 1.273610e+02  	5.955613e-01  	
3.100000e+01  6.200000e+03	 1.273610e+02  	5.609486e-01  	
3.200000e+01  6.400000e+03	 1.273610e+02  	5.233082e-01  	
3.300000e+01  6.600000e+03	 1.273610e+02  	4.828947e-01  	
3.400000e+01  6.800000e+03	 1.273610e+02  	4.401521e-01  	
3.500000e+01  7.000000e+03	 1.273610e+02  	3.957276e-01  	
3.600000e+01  7.200000e+03	 1.273610e+02  	3.504605e-01  	
3.700000e+01  7.400000e+03	 1.273610e+02  	3.053399e-01  	
3.800000e+01  7.600000e+03	 1.145560e+02  	2.656579e-01  	
3.900000e+01  7.800000e+03	 9.306143e+01  	2.343985e-01  	
4.000000e+01  8.000000e+03	 7.599879e+01  	2.096313e-01  	
4.100000e+01  8.200000e+03	 6.237574e+01  	1.898457e-01  	
4.200000e+01  8.400000e+03	 5.143897e+01  	1.738918e-01  	
4.300000e+01  8.600000e+03	 4.261269e+01  	1.609042e-01  	
4.400000e+01  8.800000e+03	 3.545399e+01  	1.502320e-01  	
4.500000e+01  9.000000e+03	 2.962010e+01  	1.413838e-01  	
4.600000e+01  9.200000e+03	 2.484414e+01  	1.339864e-01  	
4.700000e+01  9.400000e+03	 2.091721e+01  	1.277539e-01  	
4.800000e+01  9.600000e+03	 1.767489e+01  	1.224651e-01  	
4.900000e+01  9.800000e+03	 1.498711e+01  	1.179474e-01  	
5.000000e+01  1.000000e+04	 1.275048e+01  	1.140649e-01  	
5.100000e+01  1.020000e+04	 1.088241e+01  	1.107097e-01  	
5.200000e+01  1.040000e+04	 9.316651e+00  	1.077954e-01  	
5.300000e+01  1.060000e+04	 7.999809e+00  	1.052519e-01  	
5.400000e+01  1.080000e+04	 6.888688e+00  	1.030224e-01  	
5.500000e+01  1.100000e+04	 5.948193e+00  	1.010602e-01  	
5.600000e+01  1.120000e+04	 5.149705e+00  	9.932682e-02  	
5.700000e+01  1.140000e+04	 4.469796e+00  	9.779020e-02  	
5.800000e+01  1.160000e+04	 3.889221e+00  	9.642360e-02  	
5.900000e+01  1.180000e+04	 3.392114e+00  	9.520452e-02  	
6.000000e+01  1.200000e+04	 2.965354e+00  	9.411395e-02  	
6.100000e+01  1.220000e+04	 2.598052e+00  	9.313573e-02  	
6.200000e+01  1.240000e+04	 2.281146e+00  	9.225611e-02  	
6.300000e+01  1.260000e+04	 2.007068e+00  	9.146327e-02  	
6.400000e+01  1.280000e+04	 1.769485e+00  	9.074706e-02  	
6.500000e+01  1.300000e+04	 1.563075e+00  	9.009872e-02  	
6.600000e+01  1.320000e+04	 1.383360e+00  	8.951062e-02  	
6.700000e+01  1.340000e+04	 1.226558e+00  	8.897618e-02  	
6.800000e+01  1.360000e+04	 1.089470e+00  	8.848960e-02  	
6.900000e+01  1.380000e+04	 9.693796e-01  	8.804584e-02  	
7.000000e+01  1.400000e+04	 8.639772e-01  	8.764047e-02  	
7.100000e+01  1.420000e+04	 7.712937e-01  	8.726958e-02  	
7.200000e+01  1.440000e+04	 6.896466e-01  	8.692973e-02  	
7.300000e+01  1.460000e+04	 6.175949e-01  	8.661788e-02  	
7.400000e+01  1.480000e+04	 5.539019e-01  	8.633131e-02  	
7.500000e+01  1.500000e+04	 4.975039e-01  	8.606763e-02  	
7.600000e+01  1.520000e+04	 4.474843e-01  	8.582470e-02  	
7.700000e+01  1.540000e+04	 4.030517e-01  	8.560061e-02  	
7.800000e+01  1.560000e+04	 3.635212e-01  	8.539365e-02  	
7.900000e+01  1.580000e+04	 3.282992e-01  	8.520230e-02  	
8.000000e+01  1.600000e+04	 2.968703e-01  	8.502517e-02  	
8.100000e+01  1.620000e+04	 2.687859e-01  	8.486104e-02  	
8.200000e+01  1.640000e+04	 2.436552e-01  	8.470879e-02  	
8.300000e+01  1.660000e+04	 2.211372e-01  	8.456743e-02  	
8.400000e+01  1.680000e+04	 2.009335e-01  	8.443604e-02  	
8.500000e+01  1.700000e+04	 1.827827e-01  	8.431380e-02  	
8.600000e+01  1.720000e+04	 1.664558e-01  	8.419998e-02  	
8.700000e+01  1.740000e+04	 1.517513e-01  	8.409390e-02  	
8.800000e+01  1.760000e+04	 1.384922e-01  	8.399494e-02  	
8.900000e+01  1.780000e+04	 1.265221e-01  	8.390255e-02  	
9.000000e+01  1.800000e+04	 1.157035e-01  	8.381623e-02  	
9.100000e+01  1.820000e+04	 1.059145e-01  	8.373551e-02  	
9.200000e+01  1.840000e+04	 9.704741e-02  	8.365996e-02  	
9.300000e+01  1.860000e+04	 8.900676e-02  	8.358921e-02  	
9.400000e+01  1.880000e+04	 8.170784e-02  	8.352290e-02  	
9.500000e+01  1.900000e+04	 7.507541e-02  	8.346071e-02  	
9.600000e+01  1.920000e+04	 6.904253e-02  	8.340233e-02  	
9.700000e+01  1.940000e+04	 6.354958e-02  	8.334750e-02  	
9.800000e+01  1.960000e+04	 5.854340e-02  	8.329597e-02  	
9.900000e+01  1.980000e+04	 5.397654e-02  	8.324750e-02  	
1.000000e+02  2.000000e+04	 4.980656e-02  	8.320189e-02  	
1.010000e+02  2.020000e+04	 4.599553e-02  	8.315894e-02  	
1.020000e+02  2.040000e+04	 4.250942e-02  	8.311847e-02  	
1.030000e+02  2.060000e+04	 3.931776e-02  	8.308031e-02  	
1.040000e+02  2.080000e+04	 3.639317e-02  	8.304431e-02  	
1.050000e+02  2.100000e+04	 3.371104e-02  	8.301033e-02  	
1.060000e+02  2.120000e+04	 3.124925e-02  	8.297824e-02  	
1.070000e+02  2.140000e+04	 2.898787e-02  	8.294792e-02  	
1.080000e+02  2.160000e+04	 2.690894e-02  	8.291924e-02  	
1.090000e+02  2.180000e+04	 2.499623e-02  	8.289212e-02  	
1.100000e+02  2.200000e+04	 2.323513e-02  	8.286645e-02  	
1.110000e+02  2.220000e+04	 2.161239e-02  	8.284214e-02  	
1.120000e+02  2.240000e+04	 2.011604e-02  	8.281910e-02  	
1.130000e+02  2.260000e+04	 1.873523e-02  	8.279727e-02  	
1.140000e+02  2.280000e+04	 1.746014e-02  	8.277656e-02  	
1.150000e+02  2.300000e+04	 1.628185e-02  	8.275692e-02  	
1.160000e+02  2.320000e+04	 1.519227e-02  	8.273827e-02  	
1.170000e+02  2.340000e+04	 1.418403e-02  	8.272056e-02  	
1.180000e+02  2.360000e+04	 1.325045e-02  	8.270373e-02  	
1.190000e+02  2.380000e+04	 1.238542e-02  	8.268774e-02  	
1.200000e+02  2.400000e+04	 1.158341e-02  	8.267253e-02  	
1.210000e+02  2.420000e+04	 1.083936e-02  	8.265806e-02  	
1.220000e+02  2.440000e+04	 1.014864e-02  	8.264429e-02  	
1.230000e+02  2.460000e+04	 9.507048e-03  	8.263118e-02  	
1.240000e+02  2.480000e+04	 8.910726e-03  	8.261869e-02  	
1.250000e+02  2.500000e+04	 8.356155e-03  	8.260679e-02  	
1.260000e+02  2.520000e+04	 7.840111e-03  	8.259544e-02  	
1.270000e+02  2.540000e+04	 7.359644e-03  	8.258462e-02  	
1.280000e+02  2.560000e+04	 6.912049e-03  	8.257430e-02  	
1.290000e+02  2.580000e+04	 6.494847e-03  	8.256445e-02  	
1.300000e+02  2.600000e+04	 6.105760e-03  	8.255505e-02  	
1.310000e+02  2.620000e+04	 5.742701e-03  	8.254607e-02  	
1.320000e+02  2.640000e+04	 5.403749e-03  	8.253749e-02  	
1.330000e+02  2.660000e+04	 5.087137e-03  	8.252929e-02  	
1.340000e+02  2.680000e+04	 4.791243e-03  	8.252146e-02  	
1.350000e+02  2.700000e+04	 4.514570e-03  	8.251396e-02  	
1.360000e+02  2.720000e+04	 4.255742e-03  	8.250679e-02  	
1.370000e+02  2.740000e+04	 4.013489e-03  	8.249993e-02  	
1.380000e+02  2.760000e+04	 3.786639e-03  	8.249336e-02  	
1.390000e+02  2.780000e+04	 3.574112e-03  	8.248707e-02  	
1.400000e+02  2.800000e+04	 3.374911e-03  	8.248104e-02  	
1.410000e+02  2.820000e+04	 3.188113e-03  	8.247527e-02  	
1.420000e+02  2.840000e+04	 3.012866e-03  	8.246973e-02  	
1.430000e+02  2.860000e+04	 2.848382e-03  	8.246443e-02  	
1.440000e+02  2.880000e+04	 2.693932e-03  	8.245934e-02  	
1.450000e+02  2.900000e+04	 2.548840e-03  	8.245446e-02  	
1.460000e+02  2.920000e+04	 2.412480e-03  	8.244977e-02  	
1.470000e+02  2.940000e+04	 2.284272e-03  	8.244528e-02  	
1.480000e+02  2.960000e+04	 2.163679e-03  	8.244096e-02  	
1.490000e+02  2.980000e+04	 2.050201e-03  	8.243681e-02  	
1.500000e+02  3.000000e+04	 1.943375e-03  	8.243283e-02  	