0.000231481 day
# index velocity (km/s) density (g/cm^3) fraction_of_zone_that_is_56ni 
1.000000e+00  2.000000e+02	 1.492192e+03  	1.000000e+00  	
2.000000e+00  4.000000e+02	 7.460961e+02  	1.000000e+00  	
3.000000e+00  6.000000e+02	 4.973974e+02  	1.000000e+00  	
4.000000e+00  8.000000e+02	 3.730480e+02  	1.000000e+00  	
5.000000e+00  1.000000e+03	 2.984384e+02  	1.000000e+00  	
6.000000e+00  1.200000e+03	 2.486987e+02  	1.000000e+00  	
7.000000e+00  1.400000e+03	 2.131703e+02  	1.000000e+00  	
8.000000e+00  1.600000e+03	 1.865240e+02  	1.000000e+00  	
9.000000e+00  1.800000e+03	 1.657991e+02  	1.000000e+00  	
1.000000e+01  2.000000e+03	 1.492192e+02  	1.000000e+00  	
1.100000e+01  2.200000e+03	 1.356538e+02  	1.000000e+00  	
1.200000e+01  2.400000e+03	 1.243493e+02  	1.000000e+00  	
1.300000e+01  2.600000e+03	 1.147840e+02  	1.000000e+00  	
1.400000e+01  2.800000e+03	 1.065852e+02  	1.000000e+00  	
1.500000e+01  3.000000e+03	 9.947947e+01  	1.000000e+00  	
1.600000e+01  3.200000e+03	 9.326201e+01  	1.000000e+00  	
1.700000e+01  3.400000e+03	 8.777601e+01  	1.000000e+00  	
1.800000e+01  3.600000e+03	 8.289956e+01  	1.000000e+00  	
1.900000e+01  3.800000e+03	 7.853643e+01  	1.000000e+00  	
2.000000e+01  4.000000e+03	 7.460961e+01  	1.000000e+00  	
2.100000e+01  4.200000e+03	 7.105677e+01  	1.000000e+00  	
2.200000e+01  4.400000e+03	 6.782691e+01  	1.000000e+00  	
2.300000e+01  4.600000e+03	 6.487792e+01  	1.000000e+00  	
2.400000e+01  4.800000e+03	 6.217467e+01  	1.000000e+00  	
2.500000e+01  5.000000e+03	 5.968768e+01  	1.000000e+00  	
2.600000e+01  5.200000e+03	 5.739200e+01  	1.000000e+00  	
2.700000e+01  5.400000e+03	 5.526637e+01  	9.981719e-01  	
2.800000e+01  5.600000e+03	 5.329258e+01  	9.942405e-01  	
2.900000e+01  5.800000e+03	 5.145490e+01  	9.894959e-01  	
3.000000e+01  6.000000e+03	 4.973974e+01  	9.837548e-01  	
3.100000e+01  6.200000e+03	 4.813523e+01  	9.767915e-01  	
3.200000e+01  6.400000e+03	 4.663100e+01  	9.683305e-01  	
3.300000e+01  6.600000e+03	 4.521794e+01  	9.580370e-01  	
3.400000e+01  6.800000e+03	 4.388800e+01  	9.455095e-01  	
3.500000e+01  7.000000e+03	 4.263406e+01  	9.302729e-01  	
3.600000e+01  7.200000e+03	 4.144978e+01  	9.117775e-01  	
3.700000e+01  7.400000e+03	 4.032952e+01  	8.894068e-01  	
3.800000e+01  7.600000e+03	 3.926821e+01  	8.624992e-01  	
3.900000e+01  7.800000e+03	 3.826134e+01  	8.303925e-01  	
4.000000e+01  8.000000e+03	 3.730480e+01  	7.924957e-01  	
4.100000e+01  8.200000e+03	 3.639493e+01  	7.483930e-01  	
4.200000e+01  8.400000e+03	 3.552838e+01  	6.979754e-01  	
4.300000e+01  8.600000e+03	 3.470214e+01  	6.415789e-01  	
4.400000e+01  8.800000e+03	 3.391346e+01  	5.800973e-01  	
4.500000e+01  9.000000e+03	 3.315982e+01  	5.150172e-01  	
4.600000e+01  9.200000e+03	 3.243896e+01  	4.483381e-01  	
4.700000e+01  9.400000e+03	 3.174877e+01  	3.823607e-01  	
4.800000e+01  9.600000e+03	 3.108734e+01  	3.193836e-01  	
4.900000e+01  9.800000e+03	 3.045290e+01  	2.613863e-01  	
5.000000e+01  1.000000e+04	 2.984384e+01  	2.097881e-01  	
5.100000e+01  1.020000e+04	 2.925867e+01  	1.653411e-01  	
5.200000e+01  1.040000e+04	 2.869600e+01  	1.281628e-01  	
5.300000e+01  1.060000e+04	 2.815457e+01  	9.786733e-02  	
5.400000e+01  1.080000e+04	 2.763319e+01  	7.373950e-02  	
5.500000e+01  1.100000e+04	 2.713077e+01  	5.490120e-02  	
5.600000e+01  1.120000e+04	 2.664629e+01  	4.044221e-02  	
5.700000e+01  1.140000e+04	 2.617881e+01  	2.950693e-02  	
5.800000e+01  1.160000e+04	 2.572745e+01  	2.134172e-02  	
5.900000e+01  1.180000e+04	 2.529139e+01  	1.531281e-02  	
6.000000e+01  1.200000e+04	 2.486987e+01  	1.090532e-02  	
6.100000e+01  1.220000e+04	 2.446217e+01  	7.711949e-03  	
6.200000e+01  1.240000e+04	 2.406761e+01  	5.417156e-03  	
6.300000e+01  1.260000e+04	 2.169793e+01  	3.896575e-03  	
6.400000e+01  1.280000e+04	 1.796161e+01  	2.939456e-03  	
6.500000e+01  1.300000e+04	 1.491230e+01  	2.308481e-03  	
6.600000e+01  1.320000e+04	 1.241589e+01  	1.875757e-03  	
6.700000e+01  1.340000e+04	 1.036591e+01  	1.568801e-03  	
6.800000e+01  1.360000e+04	 8.677567e+00  	1.344664e-03  	
6.900000e+01  1.380000e+04	 7.283093e+00  	1.176876e-03  	
7.000000e+01  1.400000e+04	 6.128137e+00  	1.048545e-03  	
7.100000e+01  1.420000e+04	 5.168979e+00  	9.485516e-04  	
7.200000e+01  1.440000e+04	 4.370337e+00  	8.693714e-04  	
7.300000e+01  1.460000e+04	 3.703656e+00  	8.057839e-04  	
7.400000e+01  1.480000e+04	 3.145751e+00  	7.540861e-04  	
7.500000e+01  1.500000e+04	 2.677748e+00  	7.115983e-04  	
7.600000e+01  1.520000e+04	 2.284240e+00  	6.763455e-04  	
7.700000e+01  1.540000e+04	 1.952613e+00  	6.468481e-04  	
7.800000e+01  1.560000e+04	 1.672514e+00  	6.219810e-04  	
7.900000e+01  1.580000e+04	 1.435423e+00  	6.008770e-04  	
8.000000e+01  1.600000e+04	 1.234312e+00  	5.828591e-04  	
8.100000e+01  1.620000e+04	 1.063371e+00  	5.673933e-04  	
8.200000e+01  1.640000e+04	 9.177802e-01  	5.540536e-04  	
8.300000e+01  1.660000e+04	 7.935382e-01  	5.424970e-04  	
8.400000e+01  1.680000e+04	 6.873113e-01  	5.324452e-04  	
8.500000e+01  1.700000e+04	 5.963179e-01  	5.236703e-04  	
8.600000e+01  1.720000e+04	 5.182311e-01  	5.159845e-04  	
8.700000e+01  1.740000e+04	 4.511011e-01  	5.092319e-04  	
8.800000e+01  1.760000e+04	 3.932900e-01  	5.032824e-04  	
8.900000e+01  1.780000e+04	 3.434194e-01  	4.980266e-04  	
9.000000e+01  1.800000e+04	 3.003273e-01  	4.933724e-04  	
9.100000e+01  1.820000e+04	 2.630318e-01  	4.892415e-04  	
9.200000e+01  1.840000e+04	 2.307018e-01  	4.855672e-04  	
9.300000e+01  1.860000e+04	 2.026327e-01  	4.822925e-04  	
9.400000e+01  1.880000e+04	 1.782258e-01  	4.793684e-04  	
9.500000e+01  1.900000e+04	 1.569718e-01  	4.767529e-04  	
9.600000e+01  1.920000e+04	 1.384363e-01  	4.744093e-04  	
9.700000e+01  1.940000e+04	 1.222487e-01  	4.723060e-04  	
9.800000e+01  1.960000e+04	 1.080916e-01  	4.704156e-04  	
9.900000e+01  1.980000e+04	 9.569353e-02  	4.687140e-04  	
1.000000e+02  2.000000e+04	 8.482130e-02  	4.671803e-04  	
1.010000e+02  2.020000e+04	 7.527460e-02  	4.657960e-04  	
1.020000e+02  2.040000e+04	 6.688102e-02  	4.645451e-04  	
1.030000e+02  2.060000e+04	 5.949195e-02  	4.634132e-04  	
1.040000e+02  2.080000e+04	 5.297913e-02  	4.623878e-04  	
1.050000e+02  2.100000e+04	 4.723167e-02  	4.614579e-04  	
1.060000e+02  2.120000e+04	 4.215359e-02  	4.606136e-04  	
1.070000e+02  2.140000e+04	 3.766167e-02  	4.598463e-04  	
1.080000e+02  2.160000e+04	 3.368371e-02  	4.591482e-04  	
1.090000e+02  2.180000e+04	 3.015692e-02  	4.585124e-04  	
1.100000e+02  2.200000e+04	 2.702668e-02  	4.579328e-04  	
1.110000e+02  2.220000e+04	 2.424539e-02  	4.574040e-04  	
1.120000e+02  2.240000e+04	 2.177152e-02  	4.569210e-04  	
1.130000e+02  2.260000e+04	 1.956877e-02  	4.564796e-04  	
1.140000e+02  2.280000e+04	 1.760543e-02  	4.560757e-04  	
1.150000e+02  2.300000e+04	 1.585371e-02  	4.557058e-04  	
1.160000e+02  2.320000e+04	 1.428924e-02  	4.553669e-04  	
1.170000e+02  2.340000e+04	 1.289064e-02  	4.550561e-04  	
1.180000e+02  2.360000e+04	 1.163914e-02  	4.547707e-04  	
1.190000e+02  2.380000e+04	 1.051820e-02  	4.545086e-04  	
1.200000e+02  2.400000e+04	 9.513273e-03  	4.542677e-04  	
1.210000e+02  2.420000e+04	 8.611533e-03  	4.540461e-04  	
1.220000e+02  2.440000e+04	 7.801659e-03  	4.538420e-04  	
1.230000e+02  2.460000e+04	 7.073650e-03  	4.536540e-04  	
1.240000e+02  2.480000e+04	 6.418665e-03  	4.534807e-04  	
1.250000e+02  2.500000e+04	 5.828875e-03  	4.533208e-04  	
1.260000e+02  2.520000e+04	 5.297347e-03  	4.531732e-04  	
1.270000e+02  2.540000e+04	 4.817928e-03  	4.530369e-04  	
1.280000e+02  2.560000e+04	 4.385158e-03  	4.529108e-04  	
1.290000e+02  2.580000e+04	 3.994187e-03  	4.527943e-04  	
1.300000e+02  2.600000e+04	 3.640698e-03  	4.526864e-04  	
1.310000e+02  2.620000e+04	 3.320851e-03  	4.525865e-04  	
1.320000e+02  2.640000e+04	 3.031222e-03  	4.524939e-04  	
1.330000e+02  2.660000e+04	 2.768760e-03  	4.524080e-04  	
1.340000e+02  2.680000e+04	 2.530739e-03  	4.523284e-04  	
1.350000e+02  2.700000e+04	 2.314727e-03  	4.522545e-04  	
1.360000e+02  2.720000e+04	 2.118547e-03  	4.521858e-04  	
1.370000e+02  2.740000e+04	 1.940252e-03  	4.521220e-04  	
1.380000e+02  2.760000e+04	 1.778099e-03  	4.520627e-04  	
1.390000e+02  2.780000e+04	 1.630524e-03  	4.520075e-04  	
1.400000e+02  2.800000e+04	 1.496127e-03  	4.519562e-04  	
1.410000e+02  2.820000e+04	 1.373648e-03  	4.519083e-04  	
1.420000e+02  2.840000e+04	 1.261958e-03  	4.518638e-04  	
1.430000e+02  2.860000e+04	 1.160039e-03  	4.518222e-04  	
1.440000e+02  2.880000e+04	 1.066977e-03  	4.517835e-04  	
1.450000e+02  2.900000e+04	 9.819489e-04  	4.517473e-04  	
1.460000e+02  2.920000e+04	 9.042128e-04  	4.517136e-04  	
1.470000e+02  2.940000e+04	 8.330996e-04  	4.516820e-04  	
1.480000e+02  2.960000e+04	 7.680055e-04  	4.516526e-04  	
1.490000e+02  2.980000e+04	 7.083856e-04  	4.516250e-04  	
1.500000e+02  3.000000e+04	 6.537472e-04  	4.515993e-04  	