0.000231481 day
# index velocity (km/s) density (g/cm^3) fraction_of_zone_that_is_56ni 
1.000000e+00  2.000000e+02	 2.725508e+01  	9.403503e-01  	
2.000000e+00  4.000000e+02	 2.725508e+01  	9.403433e-01  	
3.000000e+00  6.000000e+02	 2.725508e+01  	9.403242e-01  	
4.000000e+00  8.000000e+02	 2.725508e+01  	9.402871e-01  	
5.000000e+00  1.000000e+03	 2.725508e+01  	9.402259e-01  	
6.000000e+00  1.200000e+03	 2.725508e+01  	9.401344e-01  	
7.000000e+00  1.400000e+03	 2.725508e+01  	9.400065e-01  	
8.000000e+00  1.600000e+03	 2.725508e+01  	9.398360e-01  	
9.000000e+00  1.800000e+03	 2.725508e+01  	9.396165e-01  	
1.000000e+01  2.000000e+03	 2.725508e+01  	9.393414e-01  	
1.100000e+01  2.200000e+03	 2.725508e+01  	9.390040e-01  	
1.200000e+01  2.400000e+03	 2.725508e+01  	9.385972e-01  	
1.300000e+01  2.600000e+03	 2.725508e+01  	9.381137e-01  	
1.400000e+01  2.800000e+03	 2.725508e+01  	9.375457e-01  	
1.500000e+01  3.000000e+03	 2.725508e+01  	9.368851e-01  	
1.600000e+01  3.200000e+03	 2.725508e+01  	9.361230e-01  	
1.700000e+01  3.400000e+03	 2.725508e+01  	9.352502e-01  	
1.800000e+01  3.600000e+03	 2.725508e+01  	9.342563e-01  	
1.900000e+01  3.800000e+03	 2.725508e+01  	9.331305e-01  	
2.000000e+01  4.000000e+03	 2.725508e+01  	9.318608e-01  	
2.100000e+01  4.200000e+03	 2.725508e+01  	9.304339e-01  	
2.200000e+01  4.400000e+03	 2.725508e+01  	9.288355e-01  	
2.300000e+01  4.600000e+03	 2.725508e+01  	9.270496e-01  	
2.400000e+01  4.800000e+03	 2.725508e+01  	9.250585e-01  	
2.500000e+01  5.000000e+03	 2.725508e+01  	9.228427e-01  	
2.600000e+01  5.200000e+03	 2.725508e+01  	9.203805e-01  	
2.700000e+01  5.400000e+03	 2.725508e+01  	9.176476e-01  	
2.800000e+01  5.600000e+03	 2.725508e+01  	9.146169e-01  	
2.900000e+01  5.800000e+03	 2.725508e+01  	9.112584e-01  	
3.000000e+01  6.000000e+03	 2.725508e+01  	9.075381e-01  	
3.100000e+01  6.200000e+03	 2.725508e+01  	9.034183e-01  	
3.200000e+01  6.400000e+03	 2.725508e+01  	8.988568e-01  	
3.300000e+01  6.600000e+03	 2.725508e+01  	8.938063e-01  	
3.400000e+01  6.800000e+03	 2.725508e+01  	8.882141e-01  	
3.500000e+01  7.000000e+03	 2.725508e+01  	8.820213e-01  	
3.600000e+01  7.200000e+03	 2.725508e+01  	8.751622e-01  	
3.700000e+01  7.400000e+03	 2.725508e+01  	8.675640e-01  	
3.800000e+01  7.600000e+03	 2.725508e+01  	8.591460e-01  	
3.900000e+01  7.800000e+03	 2.725508e+01  	8.498193e-01  	
4.000000e+01  8.000000e+03	 2.725508e+01  	8.394866e-01  	
4.100000e+01  8.200000e+03	 2.725508e+01  	8.280421e-01  	
4.200000e+01  8.400000e+03	 2.725508e+01  	8.153717e-01  	
4.300000e+01  8.600000e+03	 2.725508e+01  	8.013545e-01  	
4.400000e+01  8.800000e+03	 2.725508e+01  	7.858634e-01  	
4.500000e+01  9.000000e+03	 2.725508e+01  	7.687686e-01  	
4.600000e+01  9.200000e+03	 2.725508e+01  	7.499404e-01  	
4.700000e+01  9.400000e+03	 2.725508e+01  	7.292550e-01  	
4.800000e+01  9.600000e+03	 2.725508e+01  	7.066004e-01  	
4.900000e+01  9.800000e+03	 2.725508e+01  	6.818853e-01  	
5.000000e+01  1.000000e+04	 2.725508e+01  	6.550487e-01  	
5.100000e+01  1.020000e+04	 2.725508e+01  	6.260720e-01  	
5.200000e+01  1.040000e+04	 2.725508e+01  	5.949908e-01  	
5.300000e+01  1.060000e+04	 2.725508e+01  	5.619075e-01  	
5.400000e+01  1.080000e+04	 2.725508e+01  	5.270021e-01  	
5.500000e+01  1.100000e+04	 2.725508e+01  	4.905391e-01  	
5.600000e+01  1.120000e+04	 2.725508e+01  	4.528703e-01  	
5.700000e+01  1.140000e+04	 2.725508e+01  	4.144287e-01  	
5.800000e+01  1.160000e+04	 2.725508e+01  	3.757158e-01  	
5.900000e+01  1.180000e+04	 2.725508e+01  	3.372796e-01  	
6.000000e+01  1.200000e+04	 2.725508e+01  	2.996853e-01  	
6.100000e+01  1.220000e+04	 2.725508e+01  	2.634828e-01  	
6.200000e+01  1.240000e+04	 2.725508e+01  	2.291728e-01  	
6.300000e+01  1.260000e+04	 2.557191e+01  	1.990513e-01  	
6.400000e+01  1.280000e+04	 2.254488e+01  	1.743197e-01  	
6.500000e+01  1.300000e+04	 1.991502e+01  	1.539543e-01  	
6.600000e+01  1.320000e+04	 1.762528e+01  	1.371080e-01  	
6.700000e+01  1.340000e+04	 1.562749e+01  	1.230956e-01  	
6.800000e+01  1.360000e+04	 1.388086e+01  	1.113697e-01  	
6.900000e+01  1.380000e+04	 1.235079e+01  	1.014953e-01  	
7.000000e+01  1.400000e+04	 1.100787e+01  	9.312748e-02  	
7.100000e+01  1.420000e+04	 9.826997e+00  	8.599223e-02  	
7.200000e+01  1.440000e+04	 8.786738e+00  	7.987135e-02  	
7.300000e+01  1.460000e+04	 7.868732e+00  	7.459027e-02  	
7.400000e+01  1.480000e+04	 7.057223e+00  	7.000869e-02  	
7.500000e+01  1.500000e+04	 6.338661e+00  	6.601322e-02  	
7.600000e+01  1.520000e+04	 5.701366e+00  	6.251169e-02  	
7.700000e+01  1.540000e+04	 5.135253e+00  	5.942880e-02  	
7.800000e+01  1.560000e+04	 4.631597e+00  	5.670263e-02  	
7.900000e+01  1.580000e+04	 4.182837e+00  	5.428200e-02  	
8.000000e+01  1.600000e+04	 3.782402e+00  	5.212436e-02  	
8.100000e+01  1.620000e+04	 3.424581e+00  	5.019417e-02  	
8.200000e+01  1.640000e+04	 3.104394e+00  	4.846156e-02  	
8.300000e+01  1.660000e+04	 2.817493e+00  	4.690134e-02  	
8.400000e+01  1.680000e+04	 2.560079e+00  	4.549211e-02  	
8.500000e+01  1.700000e+04	 2.328822e+00  	4.421565e-02  	
8.600000e+01  1.720000e+04	 2.120801e+00  	4.305638e-02  	
8.700000e+01  1.740000e+04	 1.933453e+00  	4.200088e-02  	
8.800000e+01  1.760000e+04	 1.764519e+00  	4.103759e-02  	
8.900000e+01  1.780000e+04	 1.612009e+00  	4.015647e-02  	
9.000000e+01  1.800000e+04	 1.474170e+00  	3.934882e-02  	
9.100000e+01  1.820000e+04	 1.349449e+00  	3.860702e-02  	
9.200000e+01  1.840000e+04	 1.236474e+00  	3.792440e-02  	
9.300000e+01  1.860000e+04	 1.134029e+00  	3.729513e-02  	
9.400000e+01  1.880000e+04	 1.041034e+00  	3.671403e-02  	
9.500000e+01  1.900000e+04	 9.565304e-01  	3.617655e-02  	
9.600000e+01  1.920000e+04	 8.796659e-01  	3.567866e-02  	
9.700000e+01  1.940000e+04	 8.096806e-01  	3.521674e-02  	
9.800000e+01  1.960000e+04	 7.458973e-01  	3.478761e-02  	
9.900000e+01  1.980000e+04	 6.877112e-01  	3.438841e-02  	
1.000000e+02  2.000000e+04	 6.345818e-01  	3.401657e-02  	
1.010000e+02  2.020000e+04	 5.860257e-01  	3.366980e-02  	
1.020000e+02  2.040000e+04	 5.416095e-01  	3.334603e-02  	
1.030000e+02  2.060000e+04	 5.009447e-01  	3.304339e-02  	
1.040000e+02  2.080000e+04	 4.636827e-01  	3.276021e-02  	
1.050000e+02  2.100000e+04	 4.295100e-01  	3.249496e-02  	
1.060000e+02  2.120000e+04	 3.981445e-01  	3.224626e-02  	
1.070000e+02  2.140000e+04	 3.693324e-01  	3.201285e-02  	
1.080000e+02  2.160000e+04	 3.428448e-01  	3.179360e-02  	
1.090000e+02  2.180000e+04	 3.184752e-01  	3.158747e-02  	
1.100000e+02  2.200000e+04	 2.960371e-01  	3.139350e-02  	
1.110000e+02  2.220000e+04	 2.753619e-01  	3.121084e-02  	
1.120000e+02  2.240000e+04	 2.562970e-01  	3.103867e-02  	
1.130000e+02  2.260000e+04	 2.387042e-01  	3.087629e-02  	
1.140000e+02  2.280000e+04	 2.224584e-01  	3.072302e-02  	
1.150000e+02  2.300000e+04	 2.074459e-01  	3.057824e-02  	
1.160000e+02  2.320000e+04	 1.935636e-01  	3.044139e-02  	
1.170000e+02  2.340000e+04	 1.807177e-01  	3.031195e-02  	
1.180000e+02  2.360000e+04	 1.688230e-01  	3.018944e-02  	
1.190000e+02  2.380000e+04	 1.578018e-01  	3.007342e-02  	
1.200000e+02  2.400000e+04	 1.475835e-01  	2.996347e-02  	
1.210000e+02  2.420000e+04	 1.381035e-01  	2.985921e-02  	
1.220000e+02  2.440000e+04	 1.293031e-01  	2.976030e-02  	
1.230000e+02  2.460000e+04	 1.211286e-01  	2.966641e-02  	
1.240000e+02  2.480000e+04	 1.135309e-01  	2.957723e-02  	
1.250000e+02  2.500000e+04	 1.064652e-01  	2.949248e-02  	
1.260000e+02  2.520000e+04	 9.989029e-02  	2.941191e-02  	
1.270000e+02  2.540000e+04	 9.376869e-02  	2.933526e-02  	
1.280000e+02  2.560000e+04	 8.806592e-02  	2.926231e-02  	
1.290000e+02  2.580000e+04	 8.275037e-02  	2.919284e-02  	
1.300000e+02  2.600000e+04	 7.779305e-02  	2.912667e-02  	
1.310000e+02  2.620000e+04	 7.316734e-02  	2.906360e-02  	
1.320000e+02  2.640000e+04	 6.884877e-02  	2.900347e-02  	
1.330000e+02  2.660000e+04	 6.481485e-02  	2.894611e-02  	
1.340000e+02  2.680000e+04	 6.104488e-02  	2.889137e-02  	
1.350000e+02  2.700000e+04	 5.751981e-02  	2.883911e-02  	
1.360000e+02  2.720000e+04	 5.422210e-02  	2.878919e-02  	
1.370000e+02  2.740000e+04	 5.113557e-02  	2.874150e-02  	
1.380000e+02  2.760000e+04	 4.824529e-02  	2.869591e-02  	
1.390000e+02  2.780000e+04	 4.553750e-02  	2.865232e-02  	
1.400000e+02  2.800000e+04	 4.299949e-02  	2.861063e-02  	
1.410000e+02  2.820000e+04	 4.061951e-02  	2.857073e-02  	
1.420000e+02  2.840000e+04	 3.838671e-02  	2.853253e-02  	
1.430000e+02  2.860000e+04	 3.629103e-02  	2.849596e-02  	
1.440000e+02  2.880000e+04	 3.432319e-02  	2.846092e-02  	
1.450000e+02  2.900000e+04	 3.247458e-02  	2.842735e-02  	
1.460000e+02  2.920000e+04	 3.073723e-02  	2.839516e-02  	
1.470000e+02  2.940000e+04	 2.910375e-02  	2.836430e-02  	
1.480000e+02  2.960000e+04	 2.756728e-02  	2.833470e-02  	
1.490000e+02  2.980000e+04	 2.612146e-02  	2.830630e-02  	
1.500000e+02  3.000000e+04	 2.476039e-02  	2.827904e-02  	