0.000231481 day
# index velocity (km/s) density (g/cm^3) fraction_of_zone_that_is_56ni 
1.000000e+00  2.000000e+02	 1.532425e+02  	8.551141e-01  	
2.000000e+00  4.000000e+02	 1.532425e+02  	8.550614e-01  	
3.000000e+00  6.000000e+02	 1.532425e+02  	8.549185e-01  	
4.000000e+00  8.000000e+02	 1.532425e+02  	8.546398e-01  	
5.000000e+00  1.000000e+03	 1.532425e+02  	8.541793e-01  	
6.000000e+00  1.200000e+03	 1.532425e+02  	8.534900e-01  	
7.000000e+00  1.400000e+03	 1.532425e+02  	8.525233e-01  	
8.000000e+00  1.600000e+03	 1.532425e+02  	8.512286e-01  	
9.000000e+00  1.800000e+03	 1.532425e+02  	8.495520e-01  	
1.000000e+01  2.000000e+03	 1.532425e+02  	8.474357e-01  	
1.100000e+01  2.200000e+03	 1.532425e+02  	8.448168e-01  	
1.200000e+01  2.400000e+03	 1.532425e+02  	8.416261e-01  	
1.300000e+01  2.600000e+03	 1.532425e+02  	8.377864e-01  	
1.400000e+01  2.800000e+03	 1.532425e+02  	8.332110e-01  	
1.500000e+01  3.000000e+03	 1.532425e+02  	8.278019e-01  	
1.600000e+01  3.200000e+03	 1.532425e+02  	8.214478e-01  	
1.700000e+01  3.400000e+03	 1.532425e+02  	8.140217e-01  	
1.800000e+01  3.600000e+03	 1.532425e+02  	8.053789e-01  	
1.900000e+01  3.800000e+03	 1.532425e+02  	7.953550e-01  	
2.000000e+01  4.000000e+03	 1.532425e+02  	7.837637e-01  	
2.100000e+01  4.200000e+03	 1.532425e+02  	7.703960e-01  	
2.200000e+01  4.400000e+03	 1.532425e+02  	7.550196e-01  	
2.300000e+01  4.600000e+03	 1.532425e+02  	7.373816e-01  	
2.400000e+01  4.800000e+03	 1.532425e+02  	7.172129e-01  	
2.500000e+01  5.000000e+03	 1.532425e+02  	6.942377e-01  	
2.600000e+01  5.200000e+03	 1.532425e+02  	6.681890e-01  	
2.700000e+01  5.400000e+03	 1.532425e+02  	6.388309e-01  	
2.800000e+01  5.600000e+03	 1.532425e+02  	6.059906e-01  	
2.900000e+01  5.800000e+03	 1.532425e+02  	5.695991e-01  	
3.000000e+01  6.000000e+03	 1.532425e+02  	5.297384e-01  	
3.100000e+01  6.200000e+03	 1.532425e+02  	4.866908e-01  	
3.200000e+01  6.400000e+03	 1.532425e+02  	4.409792e-01  	
3.300000e+01  6.600000e+03	 1.532425e+02  	3.933874e-01  	
3.400000e+01  6.800000e+03	 1.532425e+02  	3.449438e-01  	
3.500000e+01  7.000000e+03	 1.532425e+02  	2.968614e-01  	
3.600000e+01  7.200000e+03	 1.532425e+02  	2.504318e-01  	
3.700000e+01  7.400000e+03	 1.532425e+02  	2.068903e-01  	
3.800000e+01  7.600000e+03	 1.307227e+02  	1.726955e-01  	
3.900000e+01  7.800000e+03	 9.571479e+01  	1.494817e-01  	
4.000000e+01  8.000000e+03	 7.063735e+01  	1.332732e-01  	
4.100000e+01  8.200000e+03	 5.252282e+01  	1.216603e-01  	
4.200000e+01  8.400000e+03	 3.933352e+01  	1.131503e-01  	
4.300000e+01  8.600000e+03	 2.965738e+01  	1.067927e-01  	
4.400000e+01  8.800000e+03	 2.250724e+01  	1.019646e-01  	
4.500000e+01  9.000000e+03	 1.718716e+01  	9.824629e-02  	
4.600000e+01  9.200000e+03	 1.320263e+01  	9.534810e-02  	
4.700000e+01  9.400000e+03	 1.019953e+01  	9.306562e-02  	
4.800000e+01  9.600000e+03	 7.922449e+00  	9.125173e-02  	
4.900000e+01  9.800000e+03	 6.185878e+00  	8.979871e-02  	
5.000000e+01  1.000000e+04	 4.854162e+00  	8.862652e-02  	
5.100000e+01  1.020000e+04	 3.827474e+00  	8.767487e-02  	
5.200000e+01  1.040000e+04	 3.031895e+00  	8.689783e-02  	
5.300000e+01  1.060000e+04	 2.412370e+00  	8.626003e-02  	
5.400000e+01  1.080000e+04	 1.927655e+00  	8.573400e-02  	
5.500000e+01  1.100000e+04	 1.546686e+00  	8.529823e-02  	
5.600000e+01  1.120000e+04	 1.245942e+00  	8.493573e-02  	
5.700000e+01  1.140000e+04	 1.007526e+00  	8.463302e-02  	
5.800000e+01  1.160000e+04	 8.177459e-01  	8.437931e-02  	
5.900000e+01  1.180000e+04	 6.660858e-01  	8.416594e-02  	
6.000000e+01  1.200000e+04	 5.444266e-01  	8.398591e-02  	
6.100000e+01  1.220000e+04	 4.464741e-01  	8.383354e-02  	
6.200000e+01  1.240000e+04	 3.673280e-01  	8.370420e-02  	
6.300000e+01  1.260000e+04	 3.031571e-01  	8.359410e-02  	
6.400000e+01  1.280000e+04	 2.509543e-01  	8.350012e-02  	
6.500000e+01  1.300000e+04	 2.083503e-01  	8.341970e-02  	
6.600000e+01  1.320000e+04	 1.734711e-01  	8.335070e-02  	
6.700000e+01  1.340000e+04	 1.448294e-01  	8.329136e-02  	
6.800000e+01  1.360000e+04	 1.212404e-01  	8.324022e-02  	
6.900000e+01  1.380000e+04	 1.017572e-01  	8.319603e-02  	
7.000000e+01  1.400000e+04	 8.562052e-02  	8.315778e-02  	
7.100000e+01  1.420000e+04	 7.221944e-02  	8.312459e-02  	
7.200000e+01  1.440000e+04	 6.106106e-02  	8.309574e-02  	
7.300000e+01  1.460000e+04	 5.174638e-02  	8.307061e-02  	
7.400000e+01  1.480000e+04	 4.395150e-02  	8.304867e-02  	
7.500000e+01  1.500000e+04	 3.741271e-02  	8.302949e-02  	
7.600000e+01  1.520000e+04	 3.191473e-02  	8.301270e-02  	
7.700000e+01  1.540000e+04	 2.728133e-02  	8.299796e-02  	
7.800000e+01  1.560000e+04	 2.336787e-02  	8.298500e-02  	
7.900000e+01  1.580000e+04	 2.005530e-02  	8.297359e-02  	
8.000000e+01  1.600000e+04	 1.724545e-02  	8.296353e-02  	
8.100000e+01  1.620000e+04	 1.485710e-02  	8.295465e-02  	
8.200000e+01  1.640000e+04	 1.282295e-02  	8.294679e-02  	
8.300000e+01  1.660000e+04	 1.108708e-02  	8.293983e-02  	
8.400000e+01  1.680000e+04	 9.602911e-03  	8.293365e-02  	
8.500000e+01  1.700000e+04	 8.331577e-03  	8.292816e-02  	
8.600000e+01  1.720000e+04	 7.240572e-03  	8.292328e-02  	
8.700000e+01  1.740000e+04	 6.302651e-03  	8.291893e-02  	
8.800000e+01  1.760000e+04	 5.494931e-03  	8.291505e-02  	
8.900000e+01  1.780000e+04	 4.798155e-03  	8.291159e-02  	
9.000000e+01  1.800000e+04	 4.196084e-03  	8.290849e-02  	
9.100000e+01  1.820000e+04	 3.675002e-03  	8.290571e-02  	
9.200000e+01  1.840000e+04	 3.223297e-03  	8.290322e-02  	
9.300000e+01  1.860000e+04	 2.831124e-03  	8.290099e-02  	
9.400000e+01  1.880000e+04	 2.490119e-03  	8.289898e-02  	
9.500000e+01  1.900000e+04	 2.193164e-03  	8.289717e-02  	
9.600000e+01  1.920000e+04	 1.934192e-03  	8.289555e-02  	
9.700000e+01  1.940000e+04	 1.708022e-03  	8.289408e-02  	
9.800000e+01  1.960000e+04	 1.510224e-03  	8.289276e-02  	
9.900000e+01  1.980000e+04	 1.337002e-03  	8.289156e-02  	
1.000000e+02  2.000000e+04	 1.185098e-03  	8.289048e-02  	
1.010000e+02  2.020000e+04	 1.051714e-03  	8.288950e-02  	
1.020000e+02  2.040000e+04	 9.344418e-04  	8.288861e-02  	
1.030000e+02  2.060000e+04	 8.312040e-04  	8.288781e-02  	
1.040000e+02  2.080000e+04	 7.402088e-04  	8.288708e-02  	
1.050000e+02  2.100000e+04	 6.599070e-04  	8.288641e-02  	
1.060000e+02  2.120000e+04	 5.889575e-04  	8.288581e-02  	
1.070000e+02  2.140000e+04	 5.261978e-04  	8.288526e-02  	
1.080000e+02  2.160000e+04	 4.706188e-04  	8.288476e-02  	
1.090000e+02  2.180000e+04	 4.213435e-04  	8.288430e-02  	
1.100000e+02  2.200000e+04	 3.776088e-04  	8.288388e-02  	
1.110000e+02  2.220000e+04	 3.387494e-04  	8.288350e-02  	
1.120000e+02  2.240000e+04	 3.041852e-04  	8.288315e-02  	
1.130000e+02  2.260000e+04	 2.734091e-04  	8.288283e-02  	
1.140000e+02  2.280000e+04	 2.459779e-04  	8.288254e-02  	
1.150000e+02  2.300000e+04	 2.215033e-04  	8.288227e-02  	
1.160000e+02  2.320000e+04	 1.996450e-04  	8.288203e-02  	
1.170000e+02  2.340000e+04	 1.801043e-04  	8.288180e-02  	
1.180000e+02  2.360000e+04	 1.626186e-04  	8.288159e-02  	
1.190000e+02  2.380000e+04	 1.469572e-04  	8.288140e-02  	
1.200000e+02  2.400000e+04	 1.329166e-04  	8.288123e-02  	
1.210000e+02  2.420000e+04	 1.203178e-04  	8.288107e-02  	
1.220000e+02  2.440000e+04	 1.090025e-04  	8.288092e-02  	
1.230000e+02  2.460000e+04	 9.883095e-05  	8.288078e-02  	
1.240000e+02  2.480000e+04	 8.967969e-05  	8.288066e-02  	
1.250000e+02  2.500000e+04	 8.143932e-05  	8.288054e-02  	
1.260000e+02  2.520000e+04	 7.401296e-05  	8.288043e-02  	
1.270000e+02  2.540000e+04	 6.731466e-05  	8.288033e-02  	
1.280000e+02  2.560000e+04	 6.126814e-05  	8.288024e-02  	
1.290000e+02  2.580000e+04	 5.580560e-05  	8.288016e-02  	
1.300000e+02  2.600000e+04	 5.086676e-05  	8.288008e-02  	
1.310000e+02  2.620000e+04	 4.639795e-05  	8.288000e-02  	
1.320000e+02  2.640000e+04	 4.235134e-05  	8.287994e-02  	
1.330000e+02  2.660000e+04	 3.868429e-05  	8.287987e-02  	
1.340000e+02  2.680000e+04	 3.535874e-05  	8.287982e-02  	
1.350000e+02  2.700000e+04	 3.234068e-05  	8.287976e-02  	
1.360000e+02  2.720000e+04	 2.959971e-05  	8.287971e-02  	
1.370000e+02  2.740000e+04	 2.710863e-05  	8.287967e-02  	
1.380000e+02  2.760000e+04	 2.484307e-05  	8.287962e-02  	
1.390000e+02  2.780000e+04	 2.278121e-05  	8.287958e-02  	
1.400000e+02  2.800000e+04	 2.090345e-05  	8.287954e-02  	
1.410000e+02  2.820000e+04	 1.919221e-05  	8.287951e-02  	
1.420000e+02  2.840000e+04	 1.763170e-05  	8.287948e-02  	
1.430000e+02  2.860000e+04	 1.620772e-05  	8.287945e-02  	
1.440000e+02  2.880000e+04	 1.490749e-05  	8.287942e-02  	
1.450000e+02  2.900000e+04	 1.371950e-05  	8.287939e-02  	
1.460000e+02  2.920000e+04	 1.263339e-05  	8.287937e-02  	
1.470000e+02  2.940000e+04	 1.163982e-05  	8.287934e-02  	
1.480000e+02  2.960000e+04	 1.073035e-05  	8.287932e-02  	
1.490000e+02  2.980000e+04	 9.897354e-06  	8.287930e-02  	
1.500000e+02  3.000000e+04	 9.133962e-06  	8.287928e-02  	