0.000231481 day
# index velocity (km/s) density (g/cm^3) fraction_of_zone_that_is_56ni 
1.000000e+00  2.000000e+02	 5.522483e+02  	1.000000e+00  
2.000000e+00  4.000000e+02	 5.153857e+02  	1.000000e+00  	
3.000000e+00  6.000000e+02	 4.809837e+02  	1.000000e+00  	
4.000000e+00  8.000000e+02	 4.488781e+02  	1.000000e+00  	
5.000000e+00  1.000000e+03	 4.189155e+02  	1.000000e+00  	
6.000000e+00  1.200000e+03	 3.909529e+02  	1.000000e+00  	
7.000000e+00  1.400000e+03	 3.648568e+02  	1.000000e+00  	
8.000000e+00  1.600000e+03	 3.405026e+02  	1.000000e+00  	
9.000000e+00  1.800000e+03	 3.177741e+02  	1.000000e+00  	
1.000000e+01  2.000000e+03	 2.965627e+02  	1.000000e+00  	
1.100000e+01  2.200000e+03	 2.767671e+02  	1.000000e+00  	
1.200000e+01  2.400000e+03	 2.582929e+02  	1.000000e+00  	
1.300000e+01  2.600000e+03	 2.410519e+02  	1.000000e+00  	
1.400000e+01  2.800000e+03	 2.249617e+02  	1.000000e+00  	
1.500000e+01  3.000000e+03	 2.099455e+02  	1.000000e+00  	
1.600000e+01  3.200000e+03	 1.959316e+02  	1.000000e+00  	
1.700000e+01  3.400000e+03	 1.828532e+02  	1.000000e+00  	
1.800000e+01  3.600000e+03	 1.706477e+02  	1.000000e+00  	
1.900000e+01  3.800000e+03	 1.592570e+02  	9.980926e-01  	
2.000000e+01  4.000000e+03	 1.486266e+02  	9.928160e-01  	
2.100000e+01  4.200000e+03	 1.387058e+02  	9.860871e-01  	
2.200000e+01  4.400000e+03	 1.294472e+02  	9.775207e-01  	
2.300000e+01  4.600000e+03	 1.208066e+02  	9.666493e-01  	
2.400000e+01  4.800000e+03	 1.127428e+02  	9.529190e-01  	
2.500000e+01  5.000000e+03	 1.052172e+02  	9.356952e-01  	
2.600000e+01  5.200000e+03	 9.819393e+01  	9.142848e-01  	
2.700000e+01  5.400000e+03	 9.163949e+01  	8.879799e-01  	
2.800000e+01  5.600000e+03	 8.552256e+01  	8.561311e-01  	
2.900000e+01  5.800000e+03	 7.981393e+01  	8.182500e-01  	
3.000000e+01  6.000000e+03	 7.448635e+01  	7.741345e-01  	
3.100000e+01  6.200000e+03	 6.951439e+01  	7.239939e-01  	
3.200000e+01  6.400000e+03	 6.487431e+01  	6.685403e-01  	
3.300000e+01  6.600000e+03	 6.054395e+01  	6.090072e-01  	
3.400000e+01  6.800000e+03	 5.650264e+01  	5.470674e-01  	
3.500000e+01  7.000000e+03	 5.273109e+01  	4.846521e-01  	
3.600000e+01  7.200000e+03	 4.921129e+01  	4.237096e-01  	
3.700000e+01  7.400000e+03	 4.592644e+01  	3.659664e-01  	
3.800000e+01  7.600000e+03	 4.286085e+01  	3.127478e-01  	
3.900000e+01  7.800000e+03	 3.999989e+01  	2.648953e-01  	
4.000000e+01  8.000000e+03	 3.732990e+01  	2.227763e-01  	
4.100000e+01  8.200000e+03	 3.483813e+01  	1.863612e-01  	
4.200000e+01  8.400000e+03	 3.251268e+01  	1.553328e-01  	
4.300000e+01  8.600000e+03	 3.034246e+01  	1.291961e-01  	
4.400000e+01  8.800000e+03	 2.831711e+01  	1.073715e-01  	
4.500000e+01  9.000000e+03	 2.642694e+01  	8.926309e-02  	
4.600000e+01  9.200000e+03	 2.466294e+01  	7.430305e-02  	
4.700000e+01  9.400000e+03	 2.301669e+01  	6.197683e-02  	
4.800000e+01  9.600000e+03	 2.148033e+01  	5.183364e-02  	
4.900000e+01  9.800000e+03	 2.004652e+01  	4.348809e-02  	
5.000000e+01  1.000000e+04	 1.870841e+01  	3.661640e-02  	
5.100000e+01  1.020000e+04	 1.745963e+01  	3.094989e-02  	
5.200000e+01  1.040000e+04	 1.629420e+01  	2.626760e-02  	
5.300000e+01  1.060000e+04	 1.520656e+01  	2.238889e-02  	
5.400000e+01  1.080000e+04	 1.419152e+01  	1.916668e-02  	
5.500000e+01  1.100000e+04	 1.324424e+01  	1.648150e-02  	
5.600000e+01  1.120000e+04	 1.236019e+01  	1.423643e-02  	
5.700000e+01  1.140000e+04	 1.153514e+01  	1.235283e-02  	
5.800000e+01  1.160000e+04	 1.076517e+01  	1.076686e-02  	
5.900000e+01  1.180000e+04	 1.004660e+01  	9.426667e-03  	
6.000000e+01  1.200000e+04	 9.375988e+00  	8.290004e-03  	
6.100000e+01  1.220000e+04	 8.750141e+00  	7.322427e-03  	
6.200000e+01  1.240000e+04	 8.166069e+00  	6.495770e-03  	
6.300000e+01  1.260000e+04	 7.620984e+00  	5.786943e-03  	
6.400000e+01  1.280000e+04	 7.112284e+00  	5.176968e-03  	
6.500000e+01  1.300000e+04	 6.637539e+00  	4.650199e-03  	
6.600000e+01  1.320000e+04	 6.194483e+00  	4.193703e-03  	
6.700000e+01  1.340000e+04	 5.781002e+00  	3.796755e-03  	
6.800000e+01  1.360000e+04	 5.395120e+00  	3.450434e-03  	
6.900000e+01  1.380000e+04	 5.034996e+00  	3.147297e-03  	
7.000000e+01  1.400000e+04	 4.698910e+00  	2.881115e-03  	
7.100000e+01  1.420000e+04	 4.385258e+00  	2.646659e-03  	
7.200000e+01  1.440000e+04	 4.092542e+00  	2.439526e-03  	
7.300000e+01  1.460000e+04	 3.819365e+00  	2.255997e-03  	
7.400000e+01  1.480000e+04	 3.564423e+00  	2.092921e-03  	
7.500000e+01  1.500000e+04	 3.326497e+00  	1.947621e-03  	
7.600000e+01  1.520000e+04	 3.104454e+00  	1.817815e-03  	
7.700000e+01  1.540000e+04	 2.897232e+00  	1.701553e-03  	
7.800000e+01  1.560000e+04	 2.703842e+00  	1.597164e-03  	
7.900000e+01  1.580000e+04	 2.523360e+00  	1.503210e-03  	
8.000000e+01  1.600000e+04	 2.354926e+00  	1.418454e-03  	
8.100000e+01  1.620000e+04	 2.197735e+00  	1.341825e-03  	
8.200000e+01  1.640000e+04	 2.051036e+00  	1.272395e-03  	
8.300000e+01  1.660000e+04	 1.914129e+00  	1.209359e-03  	
8.400000e+01  1.680000e+04	 1.786361e+00  	1.152015e-03  	
8.500000e+01  1.700000e+04	 1.667122e+00  	1.099749e-03  	
8.600000e+01  1.720000e+04	 1.555841e+00  	1.052024e-03  	
8.700000e+01  1.740000e+04	 1.451989e+00  	1.008371e-03  	
8.800000e+01  1.760000e+04	 1.355069e+00  	9.683749e-04  	
8.900000e+01  1.780000e+04	 1.264618e+00  	9.316700e-04  	
9.000000e+01  1.800000e+04	 1.180205e+00  	8.979340e-04  	
9.100000e+01  1.820000e+04	 1.101426e+00  	8.668810e-04  	
9.200000e+01  1.840000e+04	 1.027906e+00  	8.382574e-04  	
9.300000e+01  1.860000e+04	 9.592933e-01  	8.118377e-04  	
9.400000e+01  1.880000e+04	 8.952605e-01  	7.874209e-04  	
9.500000e+01  1.900000e+04	 8.355019e-01  	7.648274e-04  	
9.600000e+01  1.920000e+04	 7.797321e-01  	7.438967e-04  	
9.700000e+01  1.940000e+04	 7.276850e-01  	7.244846e-04  	
9.800000e+01  1.960000e+04	 6.791121e-01  	7.064620e-04  	
9.900000e+01  1.980000e+04	 6.337814e-01  	6.897124e-04  	
1.000000e+02  2.000000e+04	 5.914765e-01  	6.741308e-04  	
1.010000e+02  2.020000e+04	 5.519954e-01  	6.596226e-04  	
1.020000e+02  2.040000e+04	 5.151498e-01  	6.461020e-04  	
1.030000e+02  2.060000e+04	 4.807635e-01  	6.334914e-04  	
1.040000e+02  2.080000e+04	 4.486726e-01  	6.217203e-04  	
1.050000e+02  2.100000e+04	 4.187237e-01  	6.107245e-04  	
1.060000e+02  2.120000e+04	 3.907739e-01  	6.004458e-04  	
1.070000e+02  2.140000e+04	 3.646898e-01  	5.908309e-04  	
1.080000e+02  2.160000e+04	 3.403467e-01  	5.818313e-04  	
1.090000e+02  2.180000e+04	 3.176286e-01  	5.734025e-04  	
1.100000e+02  2.200000e+04	 2.964269e-01  	5.655038e-04  	
1.110000e+02  2.220000e+04	 2.766404e-01  	5.580979e-04  	
1.120000e+02  2.240000e+04	 2.581747e-01  	5.511505e-04  	
1.130000e+02  2.260000e+04	 2.409415e-01  	5.446301e-04  	
1.140000e+02  2.280000e+04	 2.248587e-01  	5.385077e-04  	
1.150000e+02  2.300000e+04	 2.098494e-01  	5.327566e-04  	
1.160000e+02  2.320000e+04	 1.958419e-01  	5.273520e-04  	
1.170000e+02  2.340000e+04	 1.827695e-01  	5.222712e-04  	
1.180000e+02  2.360000e+04	 1.705696e-01  	5.174931e-04  	
1.190000e+02  2.380000e+04	 1.591841e-01  	5.129981e-04  	
1.200000e+02  2.400000e+04	 1.485586e-01  	5.087681e-04  	
1.210000e+02  2.420000e+04	 1.386423e-01  	5.047864e-04  	
1.220000e+02  2.440000e+04	 1.293879e-01  	5.010374e-04  	
1.230000e+02  2.460000e+04	 1.207513e-01  	4.975064e-04  	
1.240000e+02  2.480000e+04	 1.126911e-01  	4.941802e-04  	
1.250000e+02  2.500000e+04	 1.051690e-01  	4.910460e-04  	
1.260000e+02  2.520000e+04	 9.814898e-02  	4.880922e-04  	
1.270000e+02  2.540000e+04	 9.159753e-02  	4.853079e-04  	
1.280000e+02  2.560000e+04	 8.548340e-02  	4.826829e-04  	
1.290000e+02  2.580000e+04	 7.977739e-02  	4.802076e-04  	
1.300000e+02  2.600000e+04	 7.445225e-02  	4.778731e-04  	
1.310000e+02  2.620000e+04	 6.948256e-02  	4.756712e-04  	
1.320000e+02  2.640000e+04	 6.484460e-02  	4.735940e-04  	
1.330000e+02  2.660000e+04	 6.051623e-02  	4.716342e-04  	
1.340000e+02  2.680000e+04	 5.647677e-02  	4.697850e-04  	
1.350000e+02  2.700000e+04	 5.270695e-02  	4.680400e-04  	
1.360000e+02  2.720000e+04	 4.918876e-02  	4.663931e-04  	
1.370000e+02  2.740000e+04	 4.590541e-02  	4.648387e-04  	
1.380000e+02  2.760000e+04	 4.284123e-02  	4.633715e-04  	
1.390000e+02  2.780000e+04	 3.998158e-02  	4.619865e-04  	
1.400000e+02  2.800000e+04	 3.731281e-02  	4.606791e-04  	
1.410000e+02  2.820000e+04	 3.482218e-02  	4.594448e-04  	
1.420000e+02  2.840000e+04	 3.249780e-02  	4.582794e-04  	
1.430000e+02  2.860000e+04	 3.032857e-02  	4.571792e-04  	
1.440000e+02  2.880000e+04	 2.830414e-02  	4.561403e-04  	
1.450000e+02  2.900000e+04	 2.641484e-02  	4.551594e-04  	
1.460000e+02  2.920000e+04	 2.465165e-02  	4.542332e-04  	
1.470000e+02  2.940000e+04	 2.300615e-02  	4.533587e-04  	
1.480000e+02  2.960000e+04	 2.147049e-02  	4.525329e-04  	
1.490000e+02  2.980000e+04	 2.003734e-02  	4.517531e-04  	
1.500000e+02  3.000000e+04	 1.869985e-02  	4.510168e-04  	