0.000231481 day
# index velocity (km/s) density (g/cm^3) fraction_of_zone_that_is_56ni 
1.000000e+00  2.000000e+02	 1.909567e+03  	8.437570e-01  	
2.000000e+00  4.000000e+02	 1.718930e+03  	8.431731e-01  	
3.000000e+00  6.000000e+02	 1.547325e+03  	8.417380e-01  	
4.000000e+00  8.000000e+02	 1.392851e+03  	8.391929e-01  	
5.000000e+00  1.000000e+03	 1.253799e+03  	8.353461e-01  	
6.000000e+00  1.200000e+03	 1.128629e+03  	8.300478e-01  	
7.000000e+00  1.400000e+03	 1.015954e+03  	8.231738e-01  	
8.000000e+00  1.600000e+03	 9.145289e+02  	8.146155e-01  	
9.000000e+00  1.800000e+03	 8.232290e+02  	8.042763e-01  	
1.000000e+01  2.000000e+03	 7.410438e+02  	7.920728e-01  	
1.100000e+01  2.200000e+03	 6.670633e+02  	7.779391e-01  	
1.200000e+01  2.400000e+03	 6.004686e+02  	7.618330e-01  	
1.300000e+01  2.600000e+03	 5.405221e+02  	7.437449e-01  	
1.400000e+01  2.800000e+03	 4.865603e+02  	7.237053e-01  	
1.500000e+01  3.000000e+03	 4.379857e+02  	7.017923e-01  	
1.600000e+01  3.200000e+03	 3.942604e+02  	6.781367e-01  	
1.700000e+01  3.400000e+03	 3.549003e+02  	6.529230e-01  	
1.800000e+01  3.600000e+03	 3.194696e+02  	6.263871e-01  	
1.900000e+01  3.800000e+03	 2.875761e+02  	5.988091e-01  	
2.000000e+01  4.000000e+03	 2.588666e+02  	5.705022e-01  	
2.100000e+01  4.200000e+03	 2.330232e+02  	5.417985e-01  	
2.200000e+01  4.400000e+03	 2.097598e+02  	5.130336e-01  	
2.300000e+01  4.600000e+03	 1.888189e+02  	4.845311e-01  	
2.400000e+01  4.800000e+03	 1.699686e+02  	4.565886e-01  	
2.500000e+01  5.000000e+03	 1.530002e+02  	4.294672e-01  	
2.600000e+01  5.200000e+03	 1.377258e+02  	4.033842e-01  	
2.700000e+01  5.400000e+03	 1.239762e+02  	3.785092e-01  	
2.800000e+01  5.600000e+03	 1.115993e+02  	3.549647e-01  	
2.900000e+01  5.800000e+03	 1.004581e+02  	3.328285e-01  	
3.000000e+01  6.000000e+03	 9.042906e+01  	3.121383e-01  	
3.100000e+01  6.200000e+03	 8.140128e+01  	2.928980e-01  	
3.200000e+01  6.400000e+03	 7.327477e+01  	2.750836e-01  	
3.300000e+01  6.600000e+03	 6.595954e+01  	2.586499e-01  	
3.400000e+01  6.800000e+03	 5.937462e+01  	2.435359e-01  	
3.500000e+01  7.000000e+03	 5.344709e+01  	2.296699e-01  	
3.600000e+01  7.200000e+03	 4.811132e+01  	2.169740e-01  	
3.700000e+01  7.400000e+03	 4.330823e+01  	2.053673e-01  	
3.800000e+01  7.600000e+03	 3.898465e+01  	1.947685e-01  	
3.900000e+01  7.800000e+03	 3.509271e+01  	1.850979e-01  	
4.000000e+01  8.000000e+03	 3.158931e+01  	1.762791e-01  	
4.100000e+01  8.200000e+03	 2.843566e+01  	1.682393e-01  	
4.200000e+01  8.400000e+03	 2.559685e+01  	1.609105e-01  	
4.300000e+01  8.600000e+03	 2.304145e+01  	1.542293e-01  	
4.400000e+01  8.800000e+03	 2.074116e+01  	1.481373e-01  	
4.500000e+01  9.000000e+03	 1.867051e+01  	1.425809e-01  	
4.600000e+01  9.200000e+03	 1.680658e+01  	1.375111e-01  	
4.700000e+01  9.400000e+03	 1.512873e+01  	1.328831e-01  	
4.800000e+01  9.600000e+03	 1.361839e+01  	1.286564e-01  	
4.900000e+01  9.800000e+03	 1.225883e+01  	1.247942e-01  	
5.000000e+01  1.000000e+04	 1.103500e+01  	1.212631e-01  	
5.100000e+01  1.020000e+04	 9.933342e+00  	1.180332e-01  	
5.200000e+01  1.040000e+04	 8.941669e+00  	1.150769e-01  	
5.300000e+01  1.060000e+04	 8.048998e+00  	1.123699e-01  	
5.400000e+01  1.080000e+04	 7.245444e+00  	1.098896e-01  	
5.500000e+01  1.100000e+04	 6.522112e+00  	1.076162e-01  	
5.600000e+01  1.120000e+04	 5.870991e+00  	1.055312e-01  	
5.700000e+01  1.140000e+04	 5.284874e+00  	1.036183e-01  	
5.800000e+01  1.160000e+04	 4.757271e+00  	1.018624e-01  	
5.900000e+01  1.180000e+04	 4.282339e+00  	1.002502e-01  	
6.000000e+01  1.200000e+04	 3.854821e+00  	9.876922e-02  	
6.100000e+01  1.220000e+04	 3.469984e+00  	9.740841e-02  	
6.200000e+01  1.240000e+04	 3.123566e+00  	9.615764e-02  	
6.300000e+01  1.260000e+04	 2.811732e+00  	9.500769e-02  	
6.400000e+01  1.280000e+04	 2.531029e+00  	9.395017e-02  	
6.500000e+01  1.300000e+04	 2.278349e+00  	9.297746e-02  	
6.600000e+01  1.320000e+04	 2.050895e+00  	9.208257e-02  	
6.700000e+01  1.340000e+04	 1.846149e+00  	9.125916e-02  	
6.800000e+01  1.360000e+04	 1.661843e+00  	9.050140e-02  	
6.900000e+01  1.380000e+04	 1.495936e+00  	8.980399e-02  	
7.000000e+01  1.400000e+04	 1.346593e+00  	8.916206e-02  	
7.100000e+01  1.420000e+04	 1.212159e+00  	8.857115e-02  	
7.200000e+01  1.440000e+04	 1.091146e+00  	8.802719e-02  	
7.300000e+01  1.460000e+04	 9.822137e-01  	8.752643e-02  	
7.400000e+01  1.480000e+04	 8.841566e-01  	8.706543e-02  	
7.500000e+01  1.500000e+04	 7.958888e-01  	8.664103e-02  	
7.600000e+01  1.520000e+04	 7.164330e-01  	8.625035e-02  	
7.700000e+01  1.540000e+04	 6.449095e-01  	8.589070e-02  	
7.800000e+01  1.560000e+04	 5.805265e-01  	8.555965e-02  	
7.900000e+01  1.580000e+04	 5.225709e-01  	8.525493e-02  	
8.000000e+01  1.600000e+04	 4.704012e-01  	8.497448e-02  	
8.100000e+01  1.620000e+04	 4.234398e-01  	8.471637e-02  	
8.200000e+01  1.640000e+04	 3.811666e-01  	8.447885e-02  	
8.300000e+01  1.660000e+04	 3.431137e-01  	8.426030e-02  	
8.400000e+01  1.680000e+04	 3.088597e-01  	8.405923e-02  	
8.500000e+01  1.700000e+04	 2.780254e-01  	8.387425e-02  	
8.600000e+01  1.720000e+04	 2.502694e-01  	8.370410e-02  	
8.700000e+01  1.740000e+04	 2.252843e-01  	8.354761e-02  	
8.800000e+01  1.760000e+04	 2.027935e-01  	8.340371e-02  	
8.900000e+01  1.780000e+04	 1.825481e-01  	8.327139e-02  	
9.000000e+01  1.800000e+04	 1.643238e-01  	8.314974e-02  	
9.100000e+01  1.820000e+04	 1.479189e-01  	8.303792e-02  	
9.200000e+01  1.840000e+04	 1.331518e-01  	8.293515e-02  	
9.300000e+01  1.860000e+04	 1.198589e-01  	8.284070e-02  	
9.400000e+01  1.880000e+04	 1.078930e-01  	8.275393e-02  	
9.500000e+01  1.900000e+04	 9.712176e-02  	8.267420e-02  	
9.600000e+01  1.920000e+04	 8.742583e-02  	8.260098e-02  	
9.700000e+01  1.940000e+04	 7.869787e-02  	8.253372e-02  	
9.800000e+01  1.960000e+04	 7.084124e-02  	8.247197e-02  	
9.900000e+01  1.980000e+04	 6.376897e-02  	8.241527e-02  	
1.000000e+02  2.000000e+04	 5.740274e-02  	8.236322e-02  	
1.010000e+02  2.020000e+04	 5.167206e-02  	8.231544e-02  	
1.020000e+02  2.040000e+04	 4.651350e-02  	8.227160e-02  	
1.030000e+02  2.060000e+04	 4.186993e-02  	8.223137e-02  	
1.040000e+02  2.080000e+04	 3.768994e-02  	8.219446e-02  	
1.050000e+02  2.100000e+04	 3.392725e-02  	8.216061e-02  	
1.060000e+02  2.120000e+04	 3.054020e-02  	8.212956e-02  	
1.070000e+02  2.140000e+04	 2.749129e-02  	8.210109e-02  	
1.080000e+02  2.160000e+04	 2.474676e-02  	8.207498e-02  	
1.090000e+02  2.180000e+04	 2.227622e-02  	8.205105e-02  	
1.100000e+02  2.200000e+04	 2.005232e-02  	8.202911e-02  	
1.110000e+02  2.220000e+04	 1.805044e-02  	8.200901e-02  	
1.120000e+02  2.240000e+04	 1.624842e-02  	8.199059e-02  	
1.130000e+02  2.260000e+04	 1.462629e-02  	8.197371e-02  	
1.140000e+02  2.280000e+04	 1.316611e-02  	8.195825e-02  	
1.150000e+02  2.300000e+04	 1.185170e-02  	8.194409e-02  	
1.160000e+02  2.320000e+04	 1.066851e-02  	8.193112e-02  	
1.170000e+02  2.340000e+04	 9.603447e-03  	8.191924e-02  	
1.180000e+02  2.360000e+04	 8.644708e-03  	8.190837e-02  	
1.190000e+02  2.380000e+04	 7.781683e-03  	8.189841e-02  	
1.200000e+02  2.400000e+04	 7.004816e-03  	8.188930e-02  	
1.210000e+02  2.420000e+04	 6.305506e-03  	8.188096e-02  	
1.220000e+02  2.440000e+04	 5.676010e-03  	8.187333e-02  	
1.230000e+02  2.460000e+04	 5.109359e-03  	8.186635e-02  	
1.240000e+02  2.480000e+04	 4.599277e-03  	8.185996e-02  	
1.250000e+02  2.500000e+04	 4.140119e-03  	8.185412e-02  	
1.260000e+02  2.520000e+04	 3.726799e-03  	8.184877e-02  	
1.270000e+02  2.540000e+04	 3.354743e-03  	8.184389e-02  	
1.280000e+02  2.560000e+04	 3.019829e-03  	8.183942e-02  	
1.290000e+02  2.580000e+04	 2.718352e-03  	8.183533e-02  	
1.300000e+02  2.600000e+04	 2.446971e-03  	8.183160e-02  	
1.310000e+02  2.620000e+04	 2.202683e-03  	8.182818e-02  	
1.320000e+02  2.640000e+04	 1.982783e-03  	8.182506e-02  	
1.330000e+02  2.660000e+04	 1.784837e-03  	8.182221e-02  	
1.340000e+02  2.680000e+04	 1.606651e-03  	8.181960e-02  	
1.350000e+02  2.700000e+04	 1.446255e-03  	8.181722e-02  	
1.360000e+02  2.720000e+04	 1.301871e-03  	8.181505e-02  	
1.370000e+02  2.740000e+04	 1.171902e-03  	8.181306e-02  	
1.380000e+02  2.760000e+04	 1.054908e-03  	8.181124e-02  	
1.390000e+02  2.780000e+04	 9.495935e-04  	8.180959e-02  	
1.400000e+02  2.800000e+04	 8.547929e-04  	8.180807e-02  	
1.410000e+02  2.820000e+04	 7.694566e-04  	8.180669e-02  	
1.420000e+02  2.840000e+04	 6.926396e-04  	8.180543e-02  	
1.430000e+02  2.860000e+04	 6.234915e-04  	8.180428e-02  	
1.440000e+02  2.880000e+04	 5.612466e-04  	8.180322e-02  	
1.450000e+02  2.900000e+04	 5.052158e-04  	8.180226e-02  	
1.460000e+02  2.920000e+04	 4.547788e-04  	8.180139e-02  	
1.470000e+02  2.940000e+04	 4.093769e-04  	8.180059e-02  	
1.480000e+02  2.960000e+04	 3.685077e-04  	8.179986e-02  	
1.490000e+02  2.980000e+04	 3.317186e-04  	8.179919e-02  	
1.500000e+02  3.000000e+04	 2.986022e-04  	8.179859e-02  	