0.000231481 day
# index velocity (km/s) density (g/cm^3) fraction_of_zone_that_is_56ni 
1.000000e+00  2.000000e+02	 1.909567e+03  	1.000000e+00  	
2.000000e+00  4.000000e+02	 1.718930e+03  	1.000000e+00  	
3.000000e+00  6.000000e+02	 1.547325e+03  	1.000000e+00  	
4.000000e+00  8.000000e+02	 1.392851e+03  	1.000000e+00  	
5.000000e+00  1.000000e+03	 1.253799e+03  	1.000000e+00  	
6.000000e+00  1.200000e+03	 1.128629e+03  	1.000000e+00  	
7.000000e+00  1.400000e+03	 1.015954e+03  	1.000000e+00  	
8.000000e+00  1.600000e+03	 9.145289e+02  	1.000000e+00  	
9.000000e+00  1.800000e+03	 8.232290e+02  	1.000000e+00  	
1.000000e+01  2.000000e+03	 7.410438e+02  	1.000000e+00  	
1.100000e+01  2.200000e+03	 6.670633e+02  	1.000000e+00  	
1.200000e+01  2.400000e+03	 6.004686e+02  	1.000000e+00  	
1.300000e+01  2.600000e+03	 5.405221e+02  	1.000000e+00  	
1.400000e+01  2.800000e+03	 4.865603e+02  	9.943340e-01  	
1.500000e+01  3.000000e+03	 4.379857e+02  	9.792414e-01  	
1.600000e+01  3.200000e+03	 3.942604e+02  	9.576997e-01  	
1.700000e+01  3.400000e+03	 3.549003e+02  	9.274523e-01  	
1.800000e+01  3.600000e+03	 3.194696e+02  	8.860220e-01  	
1.900000e+01  3.800000e+03	 2.875761e+02  	8.312188e-01  	
2.000000e+01  4.000000e+03	 2.588666e+02  	7.619871e-01  	
2.100000e+01  4.200000e+03	 2.330232e+02  	6.793896e-01  	
2.200000e+01  4.400000e+03	 2.097598e+02  	5.871933e-01  	
2.300000e+01  4.600000e+03	 1.888189e+02  	4.914513e-01  	
2.400000e+01  4.800000e+03	 1.699686e+02  	3.989921e-01  	
2.500000e+01  5.000000e+03	 1.530002e+02  	3.155429e-01  	
2.600000e+01  5.200000e+03	 1.377258e+02  	2.445004e-01  	
2.700000e+01  5.400000e+03	 1.239762e+02  	1.867956e-01  	
2.800000e+01  5.600000e+03	 1.115993e+02  	1.415474e-01  	
2.900000e+01  5.800000e+03	 1.004581e+02  	1.069289e-01  	
3.000000e+01  6.000000e+03	 9.042906e+01  	8.085575e-02  	
3.100000e+01  6.200000e+03	 8.140128e+01  	6.138929e-02  	
3.200000e+01  6.400000e+03	 7.327477e+01  	4.690541e-02  	
3.300000e+01  6.600000e+03	 6.595954e+01  	3.612412e-02  	
3.400000e+01  6.800000e+03	 5.937462e+01  	2.807312e-02  	
3.500000e+01  7.000000e+03	 5.344709e+01  	2.202983e-02  	
3.600000e+01  7.200000e+03	 4.811132e+01  	1.746397e-02  	
3.700000e+01  7.400000e+03	 4.330823e+01  	1.398873e-02  	
3.800000e+01  7.600000e+03	 3.898465e+01  	1.132246e-02  	
3.900000e+01  7.800000e+03	 3.509271e+01  	9.259826e-03  	
4.000000e+01  8.000000e+03	 3.158931e+01  	7.650662e-03  	
4.100000e+01  8.200000e+03	 2.843566e+01  	6.384630e-03  	
4.200000e+01  8.400000e+03	 2.559685e+01  	5.380199e-03  	
4.300000e+01  8.600000e+03	 2.304145e+01  	4.576748e-03  	
4.400000e+01  8.800000e+03	 2.074116e+01  	3.928901e-03  	
4.500000e+01  9.000000e+03	 1.867051e+01  	3.402454e-03  	
4.600000e+01  9.200000e+03	 1.680658e+01  	2.971444e-03  	
4.700000e+01  9.400000e+03	 1.512873e+01  	2.616022e-03  	
4.800000e+01  9.600000e+03	 1.361839e+01  	2.320904e-03  	
4.900000e+01  9.800000e+03	 1.225883e+01  	2.074239e-03  	
5.000000e+01  1.000000e+04	 1.103500e+01  	1.866776e-03  	
5.100000e+01  1.020000e+04	 9.933342e+00  	1.691240e-03  	
5.200000e+01  1.040000e+04	 8.941669e+00  	1.541876e-03  	
5.300000e+01  1.060000e+04	 8.048998e+00  	1.414100e-03  	
5.400000e+01  1.080000e+04	 7.245444e+00  	1.304238e-03  	
5.500000e+01  1.100000e+04	 6.522112e+00  	1.209327e-03  	
5.600000e+01  1.120000e+04	 5.870991e+00  	1.126964e-03  	
5.700000e+01  1.140000e+04	 5.284874e+00  	1.055188e-03  	
5.800000e+01  1.160000e+04	 4.757271e+00  	9.923900e-04  	
5.900000e+01  1.180000e+04	 4.282339e+00  	9.372431e-04  	
6.000000e+01  1.200000e+04	 3.854821e+00  	8.886467e-04  	
6.100000e+01  1.220000e+04	 3.469984e+00  	8.456837e-04  	
6.200000e+01  1.240000e+04	 3.123566e+00  	8.075862e-04  	
6.300000e+01  1.260000e+04	 2.811732e+00  	7.737077e-04  	
6.400000e+01  1.280000e+04	 2.531029e+00  	7.435019e-04  	
6.500000e+01  1.300000e+04	 2.278349e+00  	7.165050e-04  	
6.600000e+01  1.320000e+04	 2.050895e+00  	6.923214e-04  	
6.700000e+01  1.340000e+04	 1.846149e+00  	6.706125e-04  	
6.800000e+01  1.360000e+04	 1.661843e+00  	6.510873e-04  	
6.900000e+01  1.380000e+04	 1.495936e+00  	6.334945e-04  	
7.000000e+01  1.400000e+04	 1.346593e+00  	6.176167e-04  	
7.100000e+01  1.420000e+04	 1.212159e+00  	6.032648e-04  	
7.200000e+01  1.440000e+04	 1.091146e+00  	5.902739e-04  	
7.300000e+01  1.460000e+04	 9.822137e-01  	5.784998e-04  	
7.400000e+01  1.480000e+04	 8.841566e-01  	5.678160e-04  	
7.500000e+01  1.500000e+04	 7.958888e-01  	5.581108e-04  	
7.600000e+01  1.520000e+04	 7.164330e-01  	5.492860e-04  	
7.700000e+01  1.540000e+04	 6.449095e-01  	5.412545e-04  	
7.800000e+01  1.560000e+04	 5.805265e-01  	5.339388e-04  	
7.900000e+01  1.580000e+04	 5.225709e-01  	5.272703e-04  	
8.000000e+01  1.600000e+04	 4.704012e-01  	5.211875e-04  	
8.100000e+01  1.620000e+04	 4.234398e-01  	5.156356e-04  	
8.200000e+01  1.640000e+04	 3.811666e-01  	5.105655e-04  	
8.300000e+01  1.660000e+04	 3.431137e-01  	5.059331e-04  	
8.400000e+01  1.680000e+04	 3.088597e-01  	5.016987e-04  	
8.500000e+01  1.700000e+04	 2.780254e-01  	4.978265e-04  	
8.600000e+01  1.720000e+04	 2.502694e-01  	4.942844e-04  	
8.700000e+01  1.740000e+04	 2.252843e-01  	4.910432e-04  	
8.800000e+01  1.760000e+04	 2.027935e-01  	4.880765e-04  	
8.900000e+01  1.780000e+04	 1.825481e-01  	4.853605e-04  	
9.000000e+01  1.800000e+04	 1.643238e-01  	4.828734e-04  	
9.100000e+01  1.820000e+04	 1.479189e-01  	4.805955e-04  	
9.200000e+01  1.840000e+04	 1.331518e-01  	4.785090e-04  	
9.300000e+01  1.860000e+04	 1.198589e-01  	4.765975e-04  	
9.400000e+01  1.880000e+04	 1.078930e-01  	4.748461e-04  	
9.500000e+01  1.900000e+04	 9.712176e-02  	4.732414e-04  	
9.600000e+01  1.920000e+04	 8.742583e-02  	4.717709e-04  	
9.700000e+01  1.940000e+04	 7.869787e-02  	4.704234e-04  	
9.800000e+01  1.960000e+04	 7.084124e-02  	4.691886e-04  	
9.900000e+01  1.980000e+04	 6.376897e-02  	4.680569e-04  	
1.000000e+02  2.000000e+04	 5.740274e-02  	4.670199e-04  	
1.010000e+02  2.020000e+04	 5.167206e-02  	4.660695e-04  	
1.020000e+02  2.040000e+04	 4.651350e-02  	4.651986e-04  	
1.030000e+02  2.060000e+04	 4.186993e-02  	4.644006e-04  	
1.040000e+02  2.080000e+04	 3.768994e-02  	4.636693e-04  	
1.050000e+02  2.100000e+04	 3.392725e-02  	4.629993e-04  	
1.060000e+02  2.120000e+04	 3.054020e-02  	4.623855e-04  	
1.070000e+02  2.140000e+04	 2.749129e-02  	4.618231e-04  	
1.080000e+02  2.160000e+04	 2.474676e-02  	4.613079e-04  	
1.090000e+02  2.180000e+04	 2.227622e-02  	4.608359e-04  	
1.100000e+02  2.200000e+04	 2.005232e-02  	4.604037e-04  	
1.110000e+02  2.220000e+04	 1.805044e-02  	4.600078e-04  	
1.120000e+02  2.240000e+04	 1.624842e-02  	4.596453e-04  	
1.130000e+02  2.260000e+04	 1.462629e-02  	4.593133e-04  	
1.140000e+02  2.280000e+04	 1.316611e-02  	4.590093e-04  	
1.150000e+02  2.300000e+04	 1.185170e-02  	4.587310e-04  	
1.160000e+02  2.320000e+04	 1.066851e-02  	4.584763e-04  	
1.170000e+02  2.340000e+04	 9.603447e-03  	4.582431e-04  	
1.180000e+02  2.360000e+04	 8.644708e-03  	4.580297e-04  	
1.190000e+02  2.380000e+04	 7.781683e-03  	4.578344e-04  	
1.200000e+02  2.400000e+04	 7.004816e-03  	4.576557e-04  	
1.210000e+02  2.420000e+04	 6.305506e-03  	4.574921e-04  	
1.220000e+02  2.440000e+04	 5.676010e-03  	4.573425e-04  	
1.230000e+02  2.460000e+04	 5.109359e-03  	4.572057e-04  	
1.240000e+02  2.480000e+04	 4.599277e-03  	4.570805e-04  	
1.250000e+02  2.500000e+04	 4.140119e-03  	4.569661e-04  	
1.260000e+02  2.520000e+04	 3.726799e-03  	4.568614e-04  	
1.270000e+02  2.540000e+04	 3.354743e-03  	4.567657e-04  	
1.280000e+02  2.560000e+04	 3.019829e-03  	4.566782e-04  	
1.290000e+02  2.580000e+04	 2.718352e-03  	4.565982e-04  	
1.300000e+02  2.600000e+04	 2.446971e-03  	4.565250e-04  	
1.310000e+02  2.620000e+04	 2.202683e-03  	4.564582e-04  	
1.320000e+02  2.640000e+04	 1.982783e-03  	4.563971e-04  	
1.330000e+02  2.660000e+04	 1.784837e-03  	4.563413e-04  	
1.340000e+02  2.680000e+04	 1.606651e-03  	4.562903e-04  	
1.350000e+02  2.700000e+04	 1.446255e-03  	4.562437e-04  	
1.360000e+02  2.720000e+04	 1.301871e-03  	4.562011e-04  	
1.370000e+02  2.740000e+04	 1.171902e-03  	4.561623e-04  	
1.380000e+02  2.760000e+04	 1.054908e-03  	4.561268e-04  	
1.390000e+02  2.780000e+04	 9.495935e-04  	4.560943e-04  	
1.400000e+02  2.800000e+04	 8.547929e-04  	4.560647e-04  	
1.410000e+02  2.820000e+04	 7.694566e-04  	4.560377e-04  	
1.420000e+02  2.840000e+04	 6.926396e-04  	4.560130e-04  	
1.430000e+02  2.860000e+04	 6.234915e-04  	4.559905e-04  	
1.440000e+02  2.880000e+04	 5.612466e-04  	4.559699e-04  	
1.450000e+02  2.900000e+04	 5.052158e-04  	4.559511e-04  	
1.460000e+02  2.920000e+04	 4.547788e-04  	4.559340e-04  	
1.470000e+02  2.940000e+04	 4.093769e-04  	4.559183e-04  	
1.480000e+02  2.960000e+04	 3.685077e-04  	4.559041e-04  	
1.490000e+02  2.980000e+04	 3.317186e-04  	4.558911e-04  	
1.500000e+02  3.000000e+04	 2.986022e-04  	4.558792e-04  	