0.000231481 day
# index velocity (km/s) density (g/cm^3) fraction_of_zone_that_is_56ni 
1.000000e+00  2.000000e+02	 1.702218e+03  	9.428803e-01  	
2.000000e+00  4.000000e+02	 1.538458e+03  	9.424815e-01  	
3.000000e+00  6.000000e+02	 1.390452e+03  	9.414937e-01  	
4.000000e+00  8.000000e+02	 1.256685e+03  	9.397222e-01  	
5.000000e+00  1.000000e+03	 1.135787e+03  	9.370026e-01  	
6.000000e+00  1.200000e+03	 1.026519e+03  	9.331798e-01  	
7.000000e+00  1.400000e+03	 9.277641e+02  	9.280926e-01  	
8.000000e+00  1.600000e+03	 8.385094e+02  	9.215630e-01  	
9.000000e+00  1.800000e+03	 7.578413e+02  	9.133908e-01  	
1.000000e+01  2.000000e+03	 6.849339e+02  	9.033519e-01  	
1.100000e+01  2.200000e+03	 6.190405e+02  	8.912006e-01  	
1.200000e+01  2.400000e+03	 5.594863e+02  	8.766778e-01  	
1.300000e+01  2.600000e+03	 5.056614e+02  	8.595232e-01  	
1.400000e+01  2.800000e+03	 4.570147e+02  	8.394947e-01  	
1.500000e+01  3.000000e+03	 4.130480e+02  	8.163929e-01  	
1.600000e+01  3.200000e+03	 3.733111e+02  	7.900900e-01  	
1.700000e+01  3.400000e+03	 3.373971e+02  	7.605602e-01  	
1.800000e+01  3.600000e+03	 3.049381e+02  	7.279077e-01  	
1.900000e+01  3.800000e+03	 2.756018e+02  	6.923852e-01  	
2.000000e+01  4.000000e+03	 2.490878e+02  	6.544002e-01  	
2.100000e+01  4.200000e+03	 2.251245e+02  	6.145026e-01  	
2.200000e+01  4.400000e+03	 2.034666e+02  	5.733543e-01  	
2.300000e+01  4.600000e+03	 1.838923e+02  	5.316834e-01  	
2.400000e+01  4.800000e+03	 1.662011e+02  	4.902301e-01  	
2.500000e+01  5.000000e+03	 1.502119e+02  	4.496930e-01  	
2.600000e+01  5.200000e+03	 1.357609e+02  	4.106831e-01  	
2.700000e+01  5.400000e+03	 1.227001e+02  	3.736923e-01  	
2.800000e+01  5.600000e+03	 1.108959e+02  	3.390782e-01  	
2.900000e+01  5.800000e+03	 1.002273e+02  	3.070648e-01  	
3.000000e+01  6.000000e+03	 9.058499e+01  	2.777539e-01  	
3.100000e+01  6.200000e+03	 8.187034e+01  	2.511455e-01  	
3.200000e+01  6.400000e+03	 7.399408e+01  	2.271602e-01  	
3.300000e+01  6.600000e+03	 6.687555e+01  	2.056618e-01  	
3.400000e+01  6.800000e+03	 6.044185e+01  	1.864779e-01  	
3.500000e+01  7.000000e+03	 5.462710e+01  	1.694165e-01  	
3.600000e+01  7.200000e+03	 4.937175e+01  	1.542789e-01  	
3.700000e+01  7.400000e+03	 4.462198e+01  	1.408689e-01  	
3.800000e+01  7.600000e+03	 4.032917e+01  	1.289997e-01  	
3.900000e+01  7.800000e+03	 3.644934e+01  	1.184969e-01  	
4.000000e+01  8.000000e+03	 3.294276e+01  	1.092012e-01  	
4.100000e+01  8.200000e+03	 2.977353e+01  	1.009688e-01  	
4.200000e+01  8.400000e+03	 2.690920e+01  	9.367140e-02  	
4.300000e+01  8.600000e+03	 2.432042e+01  	8.719504e-02  	
4.400000e+01  8.800000e+03	 2.198070e+01  	8.143951e-02  	
4.500000e+01  9.000000e+03	 1.986607e+01  	7.631682e-02  	
4.600000e+01  9.200000e+03	 1.795487e+01  	7.175004e-02  	
4.700000e+01  9.400000e+03	 1.622754e+01  	6.767200e-02  	
4.800000e+01  9.600000e+03	 1.466638e+01  	6.402413e-02  	
4.900000e+01  9.800000e+03	 1.325542e+01  	6.075543e-02  	
5.000000e+01  1.000000e+04	 1.198019e+01  	5.782145e-02  	
5.100000e+01  1.020000e+04	 1.082765e+01  	5.518342e-02  	
5.200000e+01  1.040000e+04	 9.785985e+00  	5.280757e-02  	
5.300000e+01  1.060000e+04	 8.844533e+00  	5.066437e-02  	
5.400000e+01  1.080000e+04	 7.993653e+00  	4.872802e-02  	
5.500000e+01  1.100000e+04	 7.224631e+00  	4.697593e-02  	
5.600000e+01  1.120000e+04	 6.529592e+00  	4.538829e-02  	
5.700000e+01  1.140000e+04	 5.901418e+00  	4.394770e-02  	
5.800000e+01  1.160000e+04	 5.333678e+00  	4.263882e-02  	
5.900000e+01  1.180000e+04	 4.820556e+00  	4.144816e-02  	
6.000000e+01  1.200000e+04	 4.356799e+00  	4.036378e-02  	
6.100000e+01  1.220000e+04	 3.937657e+00  	3.937511e-02  	
6.200000e+01  1.240000e+04	 3.558839e+00  	3.847279e-02  	
6.300000e+01  1.260000e+04	 3.216464e+00  	3.764848e-02  	
6.400000e+01  1.280000e+04	 2.907027e+00  	3.689477e-02  	
6.500000e+01  1.300000e+04	 2.627359e+00  	3.620504e-02  	
6.600000e+01  1.320000e+04	 2.374596e+00  	3.557337e-02  	
6.700000e+01  1.340000e+04	 2.146151e+00  	3.499448e-02  	
6.800000e+01  1.360000e+04	 1.939682e+00  	3.446359e-02  	
6.900000e+01  1.380000e+04	 1.753077e+00  	3.397644e-02  	
7.000000e+01  1.400000e+04	 1.584424e+00  	3.352919e-02  	
7.100000e+01  1.420000e+04	 1.431996e+00  	3.311835e-02  	
7.200000e+01  1.440000e+04	 1.294232e+00  	3.274079e-02  	
7.300000e+01  1.460000e+04	 1.169721e+00  	3.239367e-02  	
7.400000e+01  1.480000e+04	 1.057189e+00  	3.207443e-02  	
7.500000e+01  1.500000e+04	 9.554835e-01  	3.178071e-02  	
7.600000e+01  1.520000e+04	 8.635621e-01  	3.151041e-02  	
7.700000e+01  1.540000e+04	 7.804839e-01  	3.126159e-02  	
7.800000e+01  1.560000e+04	 7.053982e-01  	3.103249e-02  	
7.900000e+01  1.580000e+04	 6.375360e-01  	3.082151e-02  	
8.000000e+01  1.600000e+04	 5.762024e-01  	3.062718e-02  	
8.100000e+01  1.620000e+04	 5.207694e-01  	3.044815e-02  	
8.200000e+01  1.640000e+04	 4.706693e-01  	3.028321e-02  	
8.300000e+01  1.660000e+04	 4.253890e-01  	3.013123e-02  	
8.400000e+01  1.680000e+04	 3.844648e-01  	2.999118e-02  	
8.500000e+01  1.700000e+04	 3.474777e-01  	2.986211e-02  	
8.600000e+01  1.720000e+04	 3.140490e-01  	2.974317e-02  	
8.700000e+01  1.740000e+04	 2.838362e-01  	2.963355e-02  	
8.800000e+01  1.760000e+04	 2.565300e-01  	2.953251e-02  	
8.900000e+01  1.780000e+04	 2.318507e-01  	2.943940e-02  	
9.000000e+01  1.800000e+04	 2.095458e-01  	2.935358e-02  	
9.100000e+01  1.820000e+04	 1.893866e-01  	2.927450e-02  	
9.200000e+01  1.840000e+04	 1.711668e-01  	2.920162e-02  	
9.300000e+01  1.860000e+04	 1.546999e-01  	2.913445e-02  	
9.400000e+01  1.880000e+04	 1.398171e-01  	2.907257e-02  	
9.500000e+01  1.900000e+04	 1.263661e-01  	2.901554e-02  	
9.600000e+01  1.920000e+04	 1.142092e-01  	2.896300e-02  	
9.700000e+01  1.940000e+04	 1.032218e-01  	2.891460e-02  	
9.800000e+01  1.960000e+04	 9.329146e-02  	2.887002e-02  	
9.900000e+01  1.980000e+04	 8.431644e-02  	2.882895e-02  	
1.000000e+02  2.000000e+04	 7.620485e-02  	2.879112e-02  	
1.010000e+02  2.020000e+04	 6.887364e-02  	2.875629e-02  	
1.020000e+02  2.040000e+04	 6.224771e-02  	2.872421e-02  	
1.030000e+02  2.060000e+04	 5.625923e-02  	2.869468e-02  	
1.040000e+02  2.080000e+04	 5.084686e-02  	2.866749e-02  	
1.050000e+02  2.100000e+04	 4.595519e-02  	2.864246e-02  	
1.060000e+02  2.120000e+04	 4.153411e-02  	2.861942e-02  	
1.070000e+02  2.140000e+04	 3.753836e-02  	2.859822e-02  	
1.080000e+02  2.160000e+04	 3.392702e-02  	2.857871e-02  	
1.090000e+02  2.180000e+04	 3.066310e-02  	2.856076e-02  	
1.100000e+02  2.200000e+04	 2.771318e-02  	2.854425e-02  	
1.110000e+02  2.220000e+04	 2.504706e-02  	2.852906e-02  	
1.120000e+02  2.240000e+04	 2.263743e-02  	2.851508e-02  	
1.130000e+02  2.260000e+04	 2.045962e-02  	2.850223e-02  	
1.140000e+02  2.280000e+04	 1.849132e-02  	2.849042e-02  	
1.150000e+02  2.300000e+04	 1.671238e-02  	2.847955e-02  	
1.160000e+02  2.320000e+04	 1.510458e-02  	2.846956e-02  	
1.170000e+02  2.340000e+04	 1.365146e-02  	2.846038e-02  	
1.180000e+02  2.360000e+04	 1.233813e-02  	2.845194e-02  	
1.190000e+02  2.380000e+04	 1.115115e-02  	2.844419e-02  	
1.200000e+02  2.400000e+04	 1.007837e-02  	2.843706e-02  	
1.210000e+02  2.420000e+04	 9.108787e-03  	2.843052e-02  	
1.220000e+02  2.440000e+04	 8.232485e-03  	2.842450e-02  	
1.230000e+02  2.460000e+04	 7.440486e-03  	2.841898e-02  	
1.240000e+02  2.480000e+04	 6.724681e-03  	2.841390e-02  	
1.250000e+02  2.500000e+04	 6.077739e-03  	2.840924e-02  	
1.260000e+02  2.520000e+04	 5.493036e-03  	2.840496e-02  	
1.270000e+02  2.540000e+04	 4.964584e-03  	2.840104e-02  	
1.280000e+02  2.560000e+04	 4.486970e-03  	2.839743e-02  	
1.290000e+02  2.580000e+04	 4.055306e-03  	2.839412e-02  	
1.300000e+02  2.600000e+04	 3.665169e-03  	2.839108e-02  	
1.310000e+02  2.620000e+04	 3.312564e-03  	2.838829e-02  	
1.320000e+02  2.640000e+04	 2.993882e-03  	2.838573e-02  	
1.330000e+02  2.660000e+04	 2.705859e-03  	2.838339e-02  	
1.340000e+02  2.680000e+04	 2.445544e-03  	2.838123e-02  	
1.350000e+02  2.700000e+04	 2.210273e-03  	2.837926e-02  	
1.360000e+02  2.720000e+04	 1.997635e-03  	2.837745e-02  	
1.370000e+02  2.740000e+04	 1.805455e-03  	2.837578e-02  	
1.380000e+02  2.760000e+04	 1.631763e-03  	2.837426e-02  	
1.390000e+02  2.780000e+04	 1.474780e-03  	2.837286e-02  	
1.400000e+02  2.800000e+04	 1.332901e-03  	2.837158e-02  	
1.410000e+02  2.820000e+04	 1.204670e-03  	2.837041e-02  	
1.420000e+02  2.840000e+04	 1.088776e-03  	2.836933e-02  	
1.430000e+02  2.860000e+04	 9.840312e-04  	2.836834e-02  	
1.440000e+02  2.880000e+04	 8.893634e-04  	2.836744e-02  	
1.450000e+02  2.900000e+04	 8.038030e-04  	2.836661e-02  	
1.460000e+02  2.920000e+04	 7.264739e-04  	2.836585e-02  	
1.470000e+02  2.940000e+04	 6.565841e-04  	2.836515e-02  	
1.480000e+02  2.960000e+04	 5.934181e-04  	2.836452e-02  	
1.490000e+02  2.980000e+04	 5.363288e-04  	2.836393e-02  	
1.500000e+02  3.000000e+04	 4.847318e-04  	2.836340e-02  	