0.000231481 day
# index velocity (km/s) density (g/cm^3) fraction_of_zone_that_is_56ni 
1.000000e+00  2.000000e+02	 2.887285e+02  	8.362822e-01  	
2.000000e+00  4.000000e+02	 2.731787e+02  	8.361904e-01  	
3.000000e+00  6.000000e+02	 2.584663e+02  	8.359545e-01  	
4.000000e+00  8.000000e+02	 2.445463e+02  	8.355189e-01  	
5.000000e+00  1.000000e+03	 2.313760e+02  	8.348372e-01  	
6.000000e+00  1.200000e+03	 2.189150e+02  	8.338702e-01  	
7.000000e+00  1.400000e+03	 2.071250e+02  	8.325849e-01  	
8.000000e+00  1.600000e+03	 1.959701e+02  	8.309528e-01  	
9.000000e+00  1.800000e+03	 1.854159e+02  	8.289491e-01  	
1.000000e+01  2.000000e+03	 1.754301e+02  	8.265520e-01  	
1.100000e+01  2.200000e+03	 1.659821e+02  	8.237415e-01  	
1.200000e+01  2.400000e+03	 1.570429e+02  	8.204995e-01  	
1.300000e+01  2.600000e+03	 1.485852e+02  	8.168091e-01  	
1.400000e+01  2.800000e+03	 1.405830e+02  	8.126543e-01  	
1.500000e+01  3.000000e+03	 1.330117e+02  	8.080200e-01  	
1.600000e+01  3.200000e+03	 1.258482e+02  	8.028921e-01  	
1.700000e+01  3.400000e+03	 1.190705e+02  	7.972573e-01  	
1.800000e+01  3.600000e+03	 1.126578e+02  	7.911036e-01  	
1.900000e+01  3.800000e+03	 1.065905e+02  	7.844199e-01  	
2.000000e+01  4.000000e+03	 1.008499e+02  	7.771971e-01  	
2.100000e+01  4.200000e+03	 9.541854e+01  	7.694277e-01  	
2.200000e+01  4.400000e+03	 9.027967e+01  	7.611064e-01  	
2.300000e+01  4.600000e+03	 8.541755e+01  	7.522306e-01  	
2.400000e+01  4.800000e+03	 8.081728e+01  	7.428006e-01  	
2.500000e+01  5.000000e+03	 7.646477e+01  	7.328198e-01  	
2.600000e+01  5.200000e+03	 7.234667e+01  	7.222952e-01  	
2.700000e+01  5.400000e+03	 6.845036e+01  	7.112379e-01  	
2.800000e+01  5.600000e+03	 6.476388e+01  	6.996628e-01  	
2.900000e+01  5.800000e+03	 6.127595e+01  	6.875892e-01  	
3.000000e+01  6.000000e+03	 5.797586e+01  	6.750405e-01  	
3.100000e+01  6.200000e+03	 5.485350e+01  	6.620445e-01  	
3.200000e+01  6.400000e+03	 5.189930e+01  	6.486333e-01  	
3.300000e+01  6.600000e+03	 4.910420e+01  	6.348427e-01  	
3.400000e+01  6.800000e+03	 4.645964e+01  	6.207121e-01  	
3.500000e+01  7.000000e+03	 4.395750e+01  	6.062844e-01  	
3.600000e+01  7.200000e+03	 4.159012e+01  	5.916050e-01  	
3.700000e+01  7.400000e+03	 3.935023e+01  	5.767215e-01  	
3.800000e+01  7.600000e+03	 3.723098e+01  	5.616829e-01  	
3.900000e+01  7.800000e+03	 3.522586e+01  	5.465394e-01  	
4.000000e+01  8.000000e+03	 3.332873e+01  	5.313410e-01  	
4.100000e+01  8.200000e+03	 3.153377e+01  	5.161376e-01  	
4.200000e+01  8.400000e+03	 2.983548e+01  	5.009778e-01  	
4.300000e+01  8.600000e+03	 2.822866e+01  	4.859085e-01  	
4.400000e+01  8.800000e+03	 2.670837e+01  	4.709744e-01  	
4.500000e+01  9.000000e+03	 2.526996e+01  	4.562176e-01  	
4.600000e+01  9.200000e+03	 2.390902e+01  	4.416770e-01  	
4.700000e+01  9.400000e+03	 2.262137e+01  	4.273880e-01  	
4.800000e+01  9.600000e+03	 2.140307e+01  	4.133826e-01  	
4.900000e+01  9.800000e+03	 2.025038e+01  	3.996889e-01  	
5.000000e+01  1.000000e+04	 1.915977e+01  	3.863313e-01  	
5.100000e+01  1.020000e+04	 1.812790e+01  	3.733303e-01  	
5.200000e+01  1.040000e+04	 1.715160e+01  	3.607027e-01  	
5.300000e+01  1.060000e+04	 1.622788e+01  	3.484619e-01  	
5.400000e+01  1.080000e+04	 1.535391e+01  	3.366177e-01  	
5.500000e+01  1.100000e+04	 1.452701e+01  	3.251768e-01  	
5.600000e+01  1.120000e+04	 1.374464e+01  	3.141432e-01  	
5.700000e+01  1.140000e+04	 1.300440e+01  	3.035179e-01  	
5.800000e+01  1.160000e+04	 1.230404e+01  	2.932996e-01  	
5.900000e+01  1.180000e+04	 1.164139e+01  	2.834851e-01  	
6.000000e+01  1.200000e+04	 1.101443e+01  	2.740692e-01  	
6.100000e+01  1.220000e+04	 1.042123e+01  	2.650450e-01  	
6.200000e+01  1.240000e+04	 9.859984e+00  	2.564043e-01  	
6.300000e+01  1.260000e+04	 9.328963e+00  	2.481380e-01  	
6.400000e+01  1.280000e+04	 8.826541e+00  	2.402359e-01  	
6.500000e+01  1.300000e+04	 8.351177e+00  	2.326871e-01  	
6.600000e+01  1.320000e+04	 7.901415e+00  	2.254800e-01  	
6.700000e+01  1.340000e+04	 7.475875e+00  	2.186031e-01  	
6.800000e+01  1.360000e+04	 7.073253e+00  	2.120441e-01  	
6.900000e+01  1.380000e+04	 6.692314e+00  	2.057909e-01  	
7.000000e+01  1.400000e+04	 6.331892e+00  	1.998314e-01  	
7.100000e+01  1.420000e+04	 5.990880e+00  	1.941533e-01  	
7.200000e+01  1.440000e+04	 5.668234e+00  	1.887448e-01  	
7.300000e+01  1.460000e+04	 5.362965e+00  	1.835939e-01  	
7.400000e+01  1.480000e+04	 5.074136e+00  	1.786894e-01  	
7.500000e+01  1.500000e+04	 4.800863e+00  	1.740198e-01  	
7.600000e+01  1.520000e+04	 4.542306e+00  	1.695743e-01  	
7.700000e+01  1.540000e+04	 4.297675e+00  	1.653423e-01  	
7.800000e+01  1.560000e+04	 4.066219e+00  	1.613138e-01  	
7.900000e+01  1.580000e+04	 3.847228e+00  	1.574788e-01  	
8.000000e+01  1.600000e+04	 3.640031e+00  	1.538281e-01  	
8.100000e+01  1.620000e+04	 3.443993e+00  	1.503525e-01  	
8.200000e+01  1.640000e+04	 3.258512e+00  	1.470435e-01  	
8.300000e+01  1.660000e+04	 3.083021e+00  	1.438928e-01  	
8.400000e+01  1.680000e+04	 2.916982e+00  	1.408925e-01  	
8.500000e+01  1.700000e+04	 2.759884e+00  	1.380352e-01  	
8.600000e+01  1.720000e+04	 2.611247e+00  	1.353137e-01  	
8.700000e+01  1.740000e+04	 2.470615e+00  	1.327213e-01  	
8.800000e+01  1.760000e+04	 2.337558e+00  	1.302514e-01  	
8.900000e+01  1.780000e+04	 2.211666e+00  	1.278979e-01  	
9.000000e+01  1.800000e+04	 2.092554e+00  	1.256550e-01  	
9.100000e+01  1.820000e+04	 1.979857e+00  	1.235173e-01  	
9.200000e+01  1.840000e+04	 1.873229e+00  	1.214793e-01  	
9.300000e+01  1.860000e+04	 1.772344e+00  	1.195363e-01  	
9.400000e+01  1.880000e+04	 1.676893e+00  	1.176833e-01  	
9.500000e+01  1.900000e+04	 1.586582e+00  	1.159161e-01  	
9.600000e+01  1.920000e+04	 1.501134e+00  	1.142303e-01  	
9.700000e+01  1.940000e+04	 1.420289e+00  	1.126220e-01  	
9.800000e+01  1.960000e+04	 1.343798e+00  	1.110873e-01  	
9.900000e+01  1.980000e+04	 1.271426e+00  	1.096227e-01  	
1.000000e+02  2.000000e+04	 1.202952e+00  	1.082247e-01  	
1.010000e+02  2.020000e+04	 1.138165e+00  	1.068900e-01  	
1.020000e+02  2.040000e+04	 1.076868e+00  	1.056157e-01  	
1.030000e+02  2.060000e+04	 1.018872e+00  	1.043989e-01  	
1.040000e+02  2.080000e+04	 9.639996e-01  	1.032367e-01  	
1.050000e+02  2.100000e+04	 9.120822e-01  	1.021265e-01  	
1.060000e+02  2.120000e+04	 8.629610e-01  	1.010660e-01  	
1.070000e+02  2.140000e+04	 8.164852e-01  	1.000527e-01  	
1.080000e+02  2.160000e+04	 7.725124e-01  	9.908438e-02  	
1.090000e+02  2.180000e+04	 7.309078e-01  	9.815898e-02  	
1.100000e+02  2.200000e+04	 6.915439e-01  	9.727447e-02  	
1.110000e+02  2.220000e+04	 6.543000e-01  	9.642896e-02  	
1.120000e+02  2.240000e+04	 6.190619e-01  	9.562062e-02  	
1.130000e+02  2.260000e+04	 5.857216e-01  	9.484776e-02  	
1.140000e+02  2.280000e+04	 5.541769e-01  	9.410874e-02  	
1.150000e+02  2.300000e+04	 5.243310e-01  	9.340201e-02  	
1.160000e+02  2.320000e+04	 4.960926e-01  	9.272609e-02  	
1.170000e+02  2.340000e+04	 4.693749e-01  	9.207960e-02  	
1.180000e+02  2.360000e+04	 4.440962e-01  	9.146119e-02  	
1.190000e+02  2.380000e+04	 4.201789e-01  	9.086960e-02  	
1.200000e+02  2.400000e+04	 3.975496e-01  	9.030363e-02  	
1.210000e+02  2.420000e+04	 3.761391e-01  	8.976213e-02  	
1.220000e+02  2.440000e+04	 3.558817e-01  	8.924401e-02  	
1.230000e+02  2.460000e+04	 3.367153e-01  	8.874823e-02  	
1.240000e+02  2.480000e+04	 3.185811e-01  	8.827380e-02  	
1.250000e+02  2.500000e+04	 3.014235e-01  	8.781977e-02  	
1.260000e+02  2.520000e+04	 2.851900e-01  	8.738526e-02  	
1.270000e+02  2.540000e+04	 2.698308e-01  	8.696940e-02  	
1.280000e+02  2.560000e+04	 2.552987e-01  	8.657137e-02  	
1.290000e+02  2.580000e+04	 2.415493e-01  	8.619039e-02  	
1.300000e+02  2.600000e+04	 2.285404e-01  	8.582573e-02  	
1.310000e+02  2.620000e+04	 2.162321e-01  	8.547668e-02  	
1.320000e+02  2.640000e+04	 2.045866e-01  	8.514255e-02  	
1.330000e+02  2.660000e+04	 1.935684e-01  	8.482270e-02  	
1.340000e+02  2.680000e+04	 1.831435e-01  	8.451652e-02  	
1.350000e+02  2.700000e+04	 1.732801e-01  	8.422341e-02  	
1.360000e+02  2.720000e+04	 1.639479e-01  	8.394281e-02  	
1.370000e+02  2.740000e+04	 1.551183e-01  	8.367419e-02  	
1.380000e+02  2.760000e+04	 1.467642e-01  	8.341704e-02  	
1.390000e+02  2.780000e+04	 1.388601e-01  	8.317085e-02  	
1.400000e+02  2.800000e+04	 1.313816e-01  	8.293517e-02  	
1.410000e+02  2.820000e+04	 1.243059e-01  	8.270954e-02  	
1.420000e+02  2.840000e+04	 1.176112e-01  	8.249354e-02  	
1.430000e+02  2.860000e+04	 1.112771e-01  	8.228675e-02  	
1.440000e+02  2.880000e+04	 1.052842e-01  	8.208879e-02  	
1.450000e+02  2.900000e+04	 9.961398e-02  	8.189928e-02  	
1.460000e+02  2.920000e+04	 9.424915e-02  	8.171785e-02  	
1.470000e+02  2.940000e+04	 8.917325e-02  	8.154417e-02  	
1.480000e+02  2.960000e+04	 8.437072e-02  	8.137791e-02  	
1.490000e+02  2.980000e+04	 7.982683e-02  	8.121876e-02  	
1.500000e+02  3.000000e+04	 7.552767e-02  	8.106640e-02  	