0.000231481 day
# index velocity (km/s) density (g/cm^3) fraction_of_zone_that_is_56ni 
1.000000e+00  2.000000e+02	 1.702218e+03  	1.000000e+00  	
2.000000e+00  4.000000e+02	 1.538458e+03  	1.000000e+00  	
3.000000e+00  6.000000e+02	 1.390452e+03  	1.000000e+00  	
4.000000e+00  8.000000e+02	 1.256685e+03  	1.000000e+00  	
5.000000e+00  1.000000e+03	 1.135787e+03  	1.000000e+00  	
6.000000e+00  1.200000e+03	 1.026519e+03  	1.000000e+00  	
7.000000e+00  1.400000e+03	 9.277641e+02  	1.000000e+00  	
8.000000e+00  1.600000e+03	 8.385094e+02  	1.000000e+00  	
9.000000e+00  1.800000e+03	 7.578413e+02  	1.000000e+00  	
1.000000e+01  2.000000e+03	 6.849339e+02  	1.000000e+00  	
1.100000e+01  2.200000e+03	 6.190405e+02  	1.000000e+00  	
1.200000e+01  2.400000e+03	 5.594863e+02  	1.000000e+00  	
1.300000e+01  2.600000e+03	 5.056614e+02  	1.000000e+00  	
1.400000e+01  2.800000e+03	 4.570147e+02  	1.000000e+00  	
1.500000e+01  3.000000e+03	 4.130480e+02  	1.000000e+00  	
1.600000e+01  3.200000e+03	 3.733111e+02  	1.000000e+00  	
1.700000e+01  3.400000e+03	 3.373971e+02  	1.000000e+00  	
1.800000e+01  3.600000e+03	 3.049381e+02  	1.000000e+00  	
1.900000e+01  3.800000e+03	 2.756018e+02  	9.938670e-01  	
2.000000e+01  4.000000e+03	 2.490878e+02  	9.825736e-01  	
2.100000e+01  4.200000e+03	 2.251245e+02  	9.666939e-01  	
2.200000e+01  4.400000e+03	 2.034666e+02  	9.447558e-01  	
2.300000e+01  4.600000e+03	 1.838923e+02  	9.151341e-01  	
2.400000e+01  4.800000e+03	 1.662011e+02  	8.762755e-01  	
2.500000e+01  5.000000e+03	 1.502119e+02  	8.270688e-01  	
2.600000e+01  5.200000e+03	 1.357609e+02  	7.673101e-01  	
2.700000e+01  5.400000e+03	 1.227001e+02  	6.981122e-01  	
2.800000e+01  5.600000e+03	 1.108959e+02  	6.220345e-01  	
2.900000e+01  5.800000e+03	 1.002273e+02  	5.427696e-01  	
3.000000e+01  6.000000e+03	 9.058499e+01  	4.644303e-01  	
3.100000e+01  6.200000e+03	 8.187034e+01  	3.907139e-01  	
3.200000e+01  6.400000e+03	 7.399408e+01  	3.242809e-01  	
3.300000e+01  6.600000e+03	 6.687555e+01  	2.665328e-01  	
3.400000e+01  6.800000e+03	 6.044185e+01  	2.177491e-01  	
3.500000e+01  7.000000e+03	 5.462710e+01  	1.774142e-01  	
3.600000e+01  7.200000e+03	 4.937175e+01  	1.445681e-01  	
3.700000e+01  7.400000e+03	 4.462198e+01  	1.180852e-01  	
3.800000e+01  7.600000e+03	 4.032917e+01  	9.685420e-02  	
3.900000e+01  7.800000e+03	 3.644934e+01  	7.987441e-02  	
4.000000e+01  8.000000e+03	 3.294276e+01  	6.629302e-02  	
4.100000e+01  8.200000e+03	 2.977353e+01  	5.540823e-02  	
4.200000e+01  8.400000e+03	 2.690920e+01  	4.665532e-02  	
4.300000e+01  8.600000e+03	 2.432042e+01  	3.958626e-02  	
4.400000e+01  8.800000e+03	 2.198070e+01  	3.384861e-02  	
4.500000e+01  9.000000e+03	 1.986607e+01  	2.916631e-02  	
4.600000e+01  9.200000e+03	 1.795487e+01  	2.532352e-02  	
4.700000e+01  9.400000e+03	 1.622754e+01  	2.215140e-02  	
4.800000e+01  9.600000e+03	 1.466638e+01  	1.951763e-02  	
4.900000e+01  9.800000e+03	 1.325542e+01  	1.731820e-02  	
5.000000e+01  1.000000e+04	 1.198019e+01  	1.547106e-02  	
5.100000e+01  1.020000e+04	 1.082765e+01  	1.391122e-02  	
5.200000e+01  1.040000e+04	 9.785985e+00  	1.258693e-02  	
5.300000e+01  1.060000e+04	 8.844533e+00  	1.145684e-02  	
5.400000e+01  1.080000e+04	 7.993653e+00  	1.048771e-02  	
5.500000e+01  1.100000e+04	 7.224631e+00  	9.652681e-03  	
5.600000e+01  1.120000e+04	 6.529592e+00  	8.929964e-03  	
5.700000e+01  1.140000e+04	 5.901418e+00  	8.301780e-03  	
5.800000e+01  1.160000e+04	 5.333678e+00  	7.753551e-03  	
5.900000e+01  1.180000e+04	 4.820556e+00  	7.273268e-03  	
6.000000e+01  1.200000e+04	 4.356799e+00  	6.850989e-03  	
6.100000e+01  1.220000e+04	 3.937657e+00  	6.478443e-03  	
6.200000e+01  1.240000e+04	 3.558839e+00  	6.148722e-03  	
6.300000e+01  1.260000e+04	 3.216464e+00  	5.856023e-03  	
6.400000e+01  1.280000e+04	 2.907027e+00  	5.595458e-03  	
6.500000e+01  1.300000e+04	 2.627359e+00  	5.362887e-03  	
6.600000e+01  1.320000e+04	 2.374596e+00  	5.154789e-03  	
6.700000e+01  1.340000e+04	 2.146151e+00  	4.968160e-03  	
6.800000e+01  1.360000e+04	 1.939682e+00  	4.800427e-03  	
6.900000e+01  1.380000e+04	 1.753077e+00  	4.649375e-03  	
7.000000e+01  1.400000e+04	 1.584424e+00  	4.513092e-03  	
7.100000e+01  1.420000e+04	 1.431996e+00  	4.389922e-03  	
7.200000e+01  1.440000e+04	 1.294232e+00  	4.278425e-03  	
7.300000e+01  1.460000e+04	 1.169721e+00  	4.177345e-03  	
7.400000e+01  1.480000e+04	 1.057189e+00  	4.085585e-03  	
7.500000e+01  1.500000e+04	 9.554835e-01  	4.002179e-03  	
7.600000e+01  1.520000e+04	 8.635621e-01  	3.926278e-03  	
7.700000e+01  1.540000e+04	 7.804839e-01  	3.857133e-03  	
7.800000e+01  1.560000e+04	 7.053982e-01  	3.794081e-03  	
7.900000e+01  1.580000e+04	 6.375360e-01  	3.736532e-03  	
8.000000e+01  1.600000e+04	 5.762024e-01  	3.683964e-03  	
8.100000e+01  1.620000e+04	 5.207694e-01  	3.635908e-03  	
8.200000e+01  1.640000e+04	 4.706693e-01  	3.591947e-03  	
8.300000e+01  1.660000e+04	 4.253890e-01  	3.551707e-03  	
8.400000e+01  1.680000e+04	 3.844648e-01  	3.514851e-03  	
8.500000e+01  1.700000e+04	 3.474777e-01  	3.481079e-03  	
8.600000e+01  1.720000e+04	 3.140490e-01  	3.450117e-03  	
8.700000e+01  1.740000e+04	 2.838362e-01  	3.421719e-03  	
8.800000e+01  1.760000e+04	 2.565300e-01  	3.395665e-03  	
8.900000e+01  1.780000e+04	 2.318507e-01  	3.371751e-03  	
9.000000e+01  1.800000e+04	 2.095458e-01  	3.349796e-03  	
9.100000e+01  1.820000e+04	 1.893866e-01  	3.329634e-03  	
9.200000e+01  1.840000e+04	 1.711668e-01  	3.311114e-03  	
9.300000e+01  1.860000e+04	 1.546999e-01  	3.294100e-03  	
9.400000e+01  1.880000e+04	 1.398171e-01  	3.278465e-03  	
9.500000e+01  1.900000e+04	 1.263661e-01  	3.264096e-03  	
9.600000e+01  1.920000e+04	 1.142092e-01  	3.250889e-03  	
9.700000e+01  1.940000e+04	 1.032218e-01  	3.238749e-03  	
9.800000e+01  1.960000e+04	 9.329146e-02  	3.227588e-03  	
9.900000e+01  1.980000e+04	 8.431644e-02  	3.217327e-03  	
1.000000e+02  2.000000e+04	 7.620485e-02  	3.207892e-03  	
1.010000e+02  2.020000e+04	 6.887364e-02  	3.199217e-03  	
1.020000e+02  2.040000e+04	 6.224771e-02  	3.191241e-03  	
1.030000e+02  2.060000e+04	 5.625923e-02  	3.183907e-03  	
1.040000e+02  2.080000e+04	 5.084686e-02  	3.177164e-03  	
1.050000e+02  2.100000e+04	 4.595519e-02  	3.170963e-03  	
1.060000e+02  2.120000e+04	 4.153411e-02  	3.165262e-03  	
1.070000e+02  2.140000e+04	 3.753836e-02  	3.160020e-03  	
1.080000e+02  2.160000e+04	 3.392702e-02  	3.155201e-03  	
1.090000e+02  2.180000e+04	 3.066310e-02  	3.150770e-03  	
1.100000e+02  2.200000e+04	 2.771318e-02  	3.146697e-03  	
1.110000e+02  2.220000e+04	 2.504706e-02  	3.142953e-03  	
1.120000e+02  2.240000e+04	 2.263743e-02  	3.139512e-03  	
1.130000e+02  2.260000e+04	 2.045962e-02  	3.136349e-03  	
1.140000e+02  2.280000e+04	 1.849132e-02  	3.133442e-03  	
1.150000e+02  2.300000e+04	 1.671238e-02  	3.130770e-03  	
1.160000e+02  2.320000e+04	 1.510458e-02  	3.128316e-03  	
1.170000e+02  2.340000e+04	 1.365146e-02  	3.126060e-03  	
1.180000e+02  2.360000e+04	 1.233813e-02  	3.123988e-03  	
1.190000e+02  2.380000e+04	 1.115115e-02  	3.122084e-03  	
1.200000e+02  2.400000e+04	 1.007837e-02  	3.120335e-03  	
1.210000e+02  2.420000e+04	 9.108787e-03  	3.118729e-03  	
1.220000e+02  2.440000e+04	 8.232485e-03  	3.117254e-03  	
1.230000e+02  2.460000e+04	 7.440486e-03  	3.115899e-03  	
1.240000e+02  2.480000e+04	 6.724681e-03  	3.114656e-03  	
1.250000e+02  2.500000e+04	 6.077739e-03  	3.113514e-03  	
1.260000e+02  2.520000e+04	 5.493036e-03  	3.112465e-03  	
1.270000e+02  2.540000e+04	 4.964584e-03  	3.111503e-03  	
1.280000e+02  2.560000e+04	 4.486970e-03  	3.110619e-03  	
1.290000e+02  2.580000e+04	 4.055306e-03  	3.109808e-03  	
1.300000e+02  2.600000e+04	 3.665169e-03  	3.109064e-03  	
1.310000e+02  2.620000e+04	 3.312564e-03  	3.108382e-03  	
1.320000e+02  2.640000e+04	 2.993882e-03  	3.107755e-03  	
1.330000e+02  2.660000e+04	 2.705859e-03  	3.107181e-03  	
1.340000e+02  2.680000e+04	 2.445544e-03  	3.106653e-03  	
1.350000e+02  2.700000e+04	 2.210273e-03  	3.106170e-03  	
1.360000e+02  2.720000e+04	 1.997635e-03  	3.105726e-03  	
1.370000e+02  2.740000e+04	 1.805455e-03  	3.105320e-03  	
1.380000e+02  2.760000e+04	 1.631763e-03  	3.104947e-03  	
1.390000e+02  2.780000e+04	 1.474780e-03  	3.104605e-03  	
1.400000e+02  2.800000e+04	 1.332901e-03  	3.104291e-03  	
1.410000e+02  2.820000e+04	 1.204670e-03  	3.104004e-03  	
1.420000e+02  2.840000e+04	 1.088776e-03  	3.103741e-03  	
1.430000e+02  2.860000e+04	 9.840312e-04  	3.103499e-03  	
1.440000e+02  2.880000e+04	 8.893634e-04  	3.103278e-03  	
1.450000e+02  2.900000e+04	 8.038030e-04  	3.103075e-03  	
1.460000e+02  2.920000e+04	 7.264739e-04  	3.102889e-03  	
1.470000e+02  2.940000e+04	 6.565841e-04  	3.102719e-03  	
1.480000e+02  2.960000e+04	 5.934181e-04  	3.102563e-03  	
1.490000e+02  2.980000e+04	 5.363288e-04  	3.102420e-03  	
1.500000e+02  3.000000e+04	 4.847318e-04  	3.102290e-03  	