0.000231481 day
# index velocity (km/s) density (g/cm^3) fraction_of_zone_that_is_56ni 
1.000000e+00  2.000000e+02	 7.883021e+02  	9.954395e-01  	
2.000000e+00  4.000000e+02	 7.291987e+02  	9.953540e-01  	
3.000000e+00  6.000000e+02	 6.745266e+02  	9.951385e-01  	
4.000000e+00  8.000000e+02	 6.239536e+02  	9.947462e-01  	
5.000000e+00  1.000000e+03	 5.771723e+02  	9.941381e-01  	
6.000000e+00  1.200000e+03	 5.338984e+02  	9.932789e-01  	
7.000000e+00  1.400000e+03	 4.938691e+02  	9.921346e-01  	
8.000000e+00  1.600000e+03	 4.568410e+02  	9.906696e-01  	
9.000000e+00  1.800000e+03	 4.225890e+02  	9.888457e-01  	
1.000000e+01  2.000000e+03	 3.909052e+02  	9.866196e-01  	
1.100000e+01  2.200000e+03	 3.615968e+02  	9.839424e-01  	
1.200000e+01  2.400000e+03	 3.344859e+02  	9.807586e-01  	
1.300000e+01  2.600000e+03	 3.094076e+02  	9.770047e-01  	
1.400000e+01  2.800000e+03	 2.862096e+02  	9.726097e-01  	
1.500000e+01  3.000000e+03	 2.647509e+02  	9.674942e-01  	
1.600000e+01  3.200000e+03	 2.449010e+02  	9.615709e-01  	
1.700000e+01  3.400000e+03	 2.265394e+02  	9.547451e-01  	
1.800000e+01  3.600000e+03	 2.095545e+02  	9.469158e-01  	
1.900000e+01  3.800000e+03	 1.938430e+02  	9.379779e-01  	
2.000000e+01  4.000000e+03	 1.793095e+02  	9.278245e-01  	
2.100000e+01  4.200000e+03	 1.658657e+02  	9.163503e-01  	
2.200000e+01  4.400000e+03	 1.534298e+02  	9.034558e-01  	
2.300000e+01  4.600000e+03	 1.419263e+02  	8.890527e-01  	
2.400000e+01  4.800000e+03	 1.312853e+02  	8.730689e-01  	
2.500000e+01  5.000000e+03	 1.214421e+02  	8.554546e-01  	
2.600000e+01  5.200000e+03	 1.123369e+02  	8.361884e-01  	
2.700000e+01  5.400000e+03	 1.039144e+02  	8.152823e-01  	
2.800000e+01  5.600000e+03	 9.612334e+01  	7.927857e-01  	
2.900000e+01  5.800000e+03	 8.891644e+01  	7.687885e-01  	
3.000000e+01  6.000000e+03	 8.224988e+01  	7.434208e-01  	
3.100000e+01  6.200000e+03	 7.608314e+01  	7.168514e-01  	
3.200000e+01  6.400000e+03	 7.037877e+01  	6.892832e-01  	
3.300000e+01  6.600000e+03	 6.510208e+01  	6.609463e-01  	
3.400000e+01  6.800000e+03	 6.022101e+01  	6.320902e-01  	
3.500000e+01  7.000000e+03	 5.570590e+01  	6.029733e-01  	
3.600000e+01  7.200000e+03	 5.152932e+01  	5.738539e-01  	
3.700000e+01  7.400000e+03	 4.766588e+01  	5.449804e-01  	
3.800000e+01  7.600000e+03	 4.409210e+01  	5.165828e-01  	
3.900000e+01  7.800000e+03	 4.078627e+01  	4.888670e-01  	
4.000000e+01  8.000000e+03	 3.772829e+01  	4.620093e-01  	
4.100000e+01  8.200000e+03	 3.489959e+01  	4.361543e-01  	
4.200000e+01  8.400000e+03	 3.228298e+01  	4.114145e-01  	
4.300000e+01  8.600000e+03	 2.986254e+01  	3.878706e-01  	
4.400000e+01  8.800000e+03	 2.762358e+01  	3.655743e-01  	
4.500000e+01  9.000000e+03	 2.555248e+01  	3.445511e-01  	
4.600000e+01  9.200000e+03	 2.363667e+01  	3.248037e-01  	
4.700000e+01  9.400000e+03	 2.186450e+01  	3.063161e-01  	
4.800000e+01  9.600000e+03	 2.022519e+01  	2.890574e-01  	
4.900000e+01  9.800000e+03	 1.870880e+01  	2.729847e-01  	
5.000000e+01  1.000000e+04	 1.730610e+01  	2.580469e-01  	
5.100000e+01  1.020000e+04	 1.600856e+01  	2.441868e-01  	
5.200000e+01  1.040000e+04	 1.480831e+01  	2.313439e-01  	
5.300000e+01  1.060000e+04	 1.369805e+01  	2.194561e-01  	
5.400000e+01  1.080000e+04	 1.267103e+01  	2.084610e-01  	
5.500000e+01  1.100000e+04	 1.172101e+01  	1.982973e-01  	
5.600000e+01  1.120000e+04	 1.084222e+01  	1.889056e-01  	
5.700000e+01  1.140000e+04	 1.002932e+01  	1.802289e-01  	
5.800000e+01  1.160000e+04	 9.277365e+00  	1.722130e-01  	
5.900000e+01  1.180000e+04	 8.581789e+00  	1.648070e-01  	
6.000000e+01  1.200000e+04	 7.938364e+00  	1.579632e-01  	
6.100000e+01  1.220000e+04	 7.343181e+00  	1.516370e-01  	
6.200000e+01  1.240000e+04	 6.792621e+00  	1.457871e-01  	
6.300000e+01  1.260000e+04	 6.283340e+00  	1.403755e-01  	
6.400000e+01  1.280000e+04	 5.812243e+00  	1.353668e-01  	
6.500000e+01  1.300000e+04	 5.376467e+00  	1.307286e-01  	
6.600000e+01  1.320000e+04	 4.973363e+00  	1.264313e-01  	
6.700000e+01  1.340000e+04	 4.600482e+00  	1.224474e-01  	
6.800000e+01  1.360000e+04	 4.255558e+00  	1.187520e-01  	
6.900000e+01  1.380000e+04	 3.936495e+00  	1.153221e-01  	
7.000000e+01  1.400000e+04	 3.641354e+00  	1.121368e-01  	
7.100000e+01  1.420000e+04	 3.368342e+00  	1.091769e-01  	
7.200000e+01  1.440000e+04	 3.115798e+00  	1.064247e-01  	
7.300000e+01  1.460000e+04	 2.882189e+00  	1.038643e-01  	
7.400000e+01  1.480000e+04	 2.666095e+00  	1.014809e-01  	
7.500000e+01  1.500000e+04	 2.466203e+00  	9.926102e-02  	
7.600000e+01  1.520000e+04	 2.281298e+00  	9.719234e-02  	
7.700000e+01  1.540000e+04	 2.110257e+00  	9.526355e-02  	
7.800000e+01  1.560000e+04	 1.952039e+00  	9.346429e-02  	
7.900000e+01  1.580000e+04	 1.805684e+00  	9.178503e-02  	
8.000000e+01  1.600000e+04	 1.670301e+00  	9.021704e-02  	
8.100000e+01  1.620000e+04	 1.545070e+00  	8.875229e-02  	
8.200000e+01  1.640000e+04	 1.429227e+00  	8.738341e-02  	
8.300000e+01  1.660000e+04	 1.322070e+00  	8.610360e-02  	
8.400000e+01  1.680000e+04	 1.222947e+00  	8.490660e-02  	
8.500000e+01  1.700000e+04	 1.131256e+00  	8.378665e-02  	
8.600000e+01  1.720000e+04	 1.046439e+00  	8.273843e-02  	
8.700000e+01  1.740000e+04	 9.679818e-01  	8.175702e-02  	
8.800000e+01  1.760000e+04	 8.954068e-01  	8.083789e-02  	
8.900000e+01  1.780000e+04	 8.282731e-01  	7.997684e-02  	
9.000000e+01  1.800000e+04	 7.661729e-01  	7.916998e-02  	
9.100000e+01  1.820000e+04	 7.087286e-01  	7.841371e-02  	
9.200000e+01  1.840000e+04	 6.555913e-01  	7.770469e-02  	
9.300000e+01  1.860000e+04	 6.064379e-01  	7.703984e-02  	
9.400000e+01  1.880000e+04	 5.609699e-01  	7.641628e-02  	
9.500000e+01  1.900000e+04	 5.189108e-01  	7.583133e-02  	
9.600000e+01  1.920000e+04	 4.800052e-01  	7.528251e-02  	
9.700000e+01  1.940000e+04	 4.440165e-01  	7.476751e-02  	
9.800000e+01  1.960000e+04	 4.107261e-01  	7.428418e-02  	
9.900000e+01  1.980000e+04	 3.799317e-01  	7.383052e-02  	
1.000000e+02  2.000000e+04	 3.514461e-01  	7.340465e-02  	
1.010000e+02  2.020000e+04	 3.250962e-01  	7.300483e-02  	
1.020000e+02  2.040000e+04	 3.007219e-01  	7.262944e-02  	
1.030000e+02  2.060000e+04	 2.781751e-01  	7.227695e-02  	
1.040000e+02  2.080000e+04	 2.573188e-01  	7.194595e-02  	
1.050000e+02  2.100000e+04	 2.380261e-01  	7.163510e-02  	
1.060000e+02  2.120000e+04	 2.201800e-01  	7.134317e-02  	
1.070000e+02  2.140000e+04	 2.036719e-01  	7.106898e-02  	
1.080000e+02  2.160000e+04	 1.884014e-01  	7.081147e-02  	
1.090000e+02  2.180000e+04	 1.742759e-01  	7.056960e-02  	
1.100000e+02  2.200000e+04	 1.612095e-01  	7.034242e-02  	
1.110000e+02  2.220000e+04	 1.491227e-01  	7.012904e-02  	
1.120000e+02  2.240000e+04	 1.379421e-01  	6.992861e-02  	
1.130000e+02  2.260000e+04	 1.275999e-01  	6.974036e-02  	
1.140000e+02  2.280000e+04	 1.180330e-01  	6.956354e-02  	
1.150000e+02  2.300000e+04	 1.091834e-01  	6.939747e-02  	
1.160000e+02  2.320000e+04	 1.009973e-01  	6.924148e-02  	
1.170000e+02  2.340000e+04	 9.342497e-02  	6.909498e-02  	
1.180000e+02  2.360000e+04	 8.642037e-02  	6.895739e-02  	
1.190000e+02  2.380000e+04	 7.994095e-02  	6.882818e-02  	
1.200000e+02  2.400000e+04	 7.394733e-02  	6.870683e-02  	
1.210000e+02  2.420000e+04	 6.840309e-02  	6.859287e-02  	
1.220000e+02  2.440000e+04	 6.327453e-02  	6.848586e-02  	
1.230000e+02  2.460000e+04	 5.853048e-02  	6.838538e-02  	
1.240000e+02  2.480000e+04	 5.414212e-02  	6.829103e-02  	
1.250000e+02  2.500000e+04	 5.008279e-02  	6.820245e-02  	
1.260000e+02  2.520000e+04	 4.632780e-02  	6.811928e-02  	
1.270000e+02  2.540000e+04	 4.285435e-02  	6.804121e-02  	
1.280000e+02  2.560000e+04	 3.964132e-02  	6.796792e-02  	
1.290000e+02  2.580000e+04	 3.666918e-02  	6.789912e-02  	
1.300000e+02  2.600000e+04	 3.391989e-02  	6.783455e-02  	
1.310000e+02  2.620000e+04	 3.137673e-02  	6.777394e-02  	
1.320000e+02  2.640000e+04	 2.902424e-02  	6.771706e-02  	
1.330000e+02  2.660000e+04	 2.684813e-02  	6.766368e-02  	
1.340000e+02  2.680000e+04	 2.483517e-02  	6.761359e-02  	
1.350000e+02  2.700000e+04	 2.297314e-02  	6.756660e-02  	
1.360000e+02  2.720000e+04	 2.125072e-02  	6.752250e-02  	
1.370000e+02  2.740000e+04	 1.965743e-02  	6.748113e-02  	
1.380000e+02  2.760000e+04	 1.818360e-02  	6.744232e-02  	
1.390000e+02  2.780000e+04	 1.682028e-02  	6.740592e-02  	
1.400000e+02  2.800000e+04	 1.555917e-02  	6.737177e-02  	
1.410000e+02  2.820000e+04	 1.439261e-02  	6.733974e-02  	
1.420000e+02  2.840000e+04	 1.331352e-02  	6.730971e-02  	
1.430000e+02  2.860000e+04	 1.231533e-02  	6.728154e-02  	
1.440000e+02  2.880000e+04	 1.139198e-02  	6.725513e-02  	
1.450000e+02  2.900000e+04	 1.053786e-02  	6.723037e-02  	
1.460000e+02  2.920000e+04	 9.747775e-03  	6.720715e-02  	
1.470000e+02  2.940000e+04	 9.016930e-03  	6.718538e-02  	
1.480000e+02  2.960000e+04	 8.340880e-03  	6.716498e-02  	
1.490000e+02  2.980000e+04	 7.715518e-03  	6.714585e-02  	
1.500000e+02  3.000000e+04	 7.137042e-03  	6.712792e-02  	