Time,U,B,V,R,I,gs,rs,is
7.500000e-01,-1.051565e+01,-1.172040e+01,-1.249977e+01,-1.257267e+01,-1.280859e+01,-1.214809e+01,-1.232871e+01,-1.248968e+01
1.250000e+00,-1.197141e+01,-1.299291e+01,-1.335716e+01,-1.363713e+01,-1.390880e+01,-1.323820e+01,-1.344241e+01,-1.345446e+01
1.750000e+00,-1.288441e+01,-1.381453e+01,-1.427879e+01,-1.446612e+01,-1.449819e+01,-1.410235e+01,-1.434045e+01,-1.404605e+01
2.250000e+00,-1.399069e+01,-1.457694e+01,-1.497952e+01,-1.516745e+01,-1.532169e+01,-1.483079e+01,-1.500825e+01,-1.483725e+01
2.750000e+00,-1.472730e+01,-1.521351e+01,-1.557122e+01,-1.569203e+01,-1.586166e+01,-1.543497e+01,-1.554746e+01,-1.534121e+01
3.250000e+00,-1.545946e+01,-1.583029e+01,-1.607575e+01,-1.619393e+01,-1.643585e+01,-1.601980e+01,-1.604671e+01,-1.586266e+01
3.750000e+00,-1.612046e+01,-1.633672e+01,-1.655568e+01,-1.668160e+01,-1.691336e+01,-1.649580e+01,-1.655106e+01,-1.631931e+01
4.250000e+00,-1.672319e+01,-1.681010e+01,-1.696206e+01,-1.705320e+01,-1.731542e+01,-1.695160e+01,-1.691987e+01,-1.671212e+01
4.750000e+00,-1.725602e+01,-1.718707e+01,-1.728125e+01,-1.738983e+01,-1.764607e+01,-1.730027e+01,-1.726210e+01,-1.704648e+01
5.250000e+00,-1.770194e+01,-1.750071e+01,-1.755622e+01,-1.765788e+01,-1.790890e+01,-1.758849e+01,-1.753865e+01,-1.729235e+01
5.750000e+00,-1.804884e+01,-1.775990e+01,-1.779533e+01,-1.789772e+01,-1.810336e+01,-1.783414e+01,-1.778830e+01,-1.749472e+01
6.250000e+00,-1.836648e+01,-1.799209e+01,-1.799536e+01,-1.807877e+01,-1.825882e+01,-1.804968e+01,-1.797753e+01,-1.765585e+01
6.750000e+00,-1.862867e+01,-1.819145e+01,-1.816613e+01,-1.824014e+01,-1.838105e+01,-1.823665e+01,-1.814246e+01,-1.781453e+01
7.250000e+00,-1.884057e+01,-1.835656e+01,-1.831991e+01,-1.837639e+01,-1.849412e+01,-1.839129e+01,-1.828325e+01,-1.794660e+01
7.750000e+00,-1.900827e+01,-1.849715e+01,-1.844429e+01,-1.848778e+01,-1.859532e+01,-1.852602e+01,-1.839766e+01,-1.804305e+01
8.250000e+00,-1.915111e+01,-1.863089e+01,-1.855537e+01,-1.858262e+01,-1.867351e+01,-1.865156e+01,-1.849598e+01,-1.812680e+01
8.750000e+00,-1.926844e+01,-1.874162e+01,-1.866239e+01,-1.867243e+01,-1.874923e+01,-1.875874e+01,-1.858961e+01,-1.820493e+01
9.250000e+00,-1.937764e+01,-1.884155e+01,-1.874488e+01,-1.875128e+01,-1.882665e+01,-1.885204e+01,-1.867112e+01,-1.827839e+01
9.750000e+00,-1.945866e+01,-1.893320e+01,-1.882957e+01,-1.881806e+01,-1.889469e+01,-1.893907e+01,-1.874323e+01,-1.833122e+01
1.025000e+01,-1.952430e+01,-1.901423e+01,-1.889989e+01,-1.887941e+01,-1.895554e+01,-1.901950e+01,-1.880881e+01,-1.836917e+01
1.075000e+01,-1.957517e+01,-1.908010e+01,-1.896921e+01,-1.893695e+01,-1.903600e+01,-1.908593e+01,-1.886996e+01,-1.841847e+01
1.125000e+01,-1.961931e+01,-1.913857e+01,-1.903439e+01,-1.898637e+01,-1.909288e+01,-1.914481e+01,-1.891984e+01,-1.846309e+01
1.175000e+01,-1.965674e+01,-1.919786e+01,-1.909141e+01,-1.903416e+01,-1.914979e+01,-1.920323e+01,-1.897239e+01,-1.850286e+01
1.225000e+01,-1.968053e+01,-1.924931e+01,-1.914671e+01,-1.908605e+01,-1.921449e+01,-1.925832e+01,-1.902929e+01,-1.852819e+01
1.275000e+01,-1.969429e+01,-1.929437e+01,-1.919329e+01,-1.911740e+01,-1.927374e+01,-1.930403e+01,-1.906559e+01,-1.854809e+01
1.325000e+01,-1.970507e+01,-1.933666e+01,-1.923839e+01,-1.915811e+01,-1.934247e+01,-1.935067e+01,-1.910807e+01,-1.857770e+01
1.375000e+01,-1.970683e+01,-1.936850e+01,-1.927956e+01,-1.918922e+01,-1.939289e+01,-1.938769e+01,-1.914344e+01,-1.859705e+01
1.425000e+01,-1.970326e+01,-1.939808e+01,-1.932204e+01,-1.921888e+01,-1.944237e+01,-1.942239e+01,-1.917767e+01,-1.861238e+01
1.475000e+01,-1.969717e+01,-1.942336e+01,-1.936134e+01,-1.924954e+01,-1.950229e+01,-1.945449e+01,-1.921224e+01,-1.863096e+01
1.525000e+01,-1.967602e+01,-1.944886e+01,-1.939722e+01,-1.927166e+01,-1.955835e+01,-1.948716e+01,-1.923793e+01,-1.863278e+01
1.575000e+01,-1.964837e+01,-1.947099e+01,-1.942537e+01,-1.929470e+01,-1.960050e+01,-1.951498e+01,-1.926462e+01,-1.863155e+01
1.625000e+01,-1.961909e+01,-1.948598e+01,-1.945228e+01,-1.931063e+01,-1.963857e+01,-1.953636e+01,-1.928364e+01,-1.862892e+01
1.675000e+01,-1.958708e+01,-1.949818e+01,-1.947904e+01,-1.933037e+01,-1.967306e+01,-1.955450e+01,-1.930712e+01,-1.862576e+01
1.725000e+01,-1.955280e+01,-1.950990e+01,-1.950509e+01,-1.935033e+01,-1.970168e+01,-1.957250e+01,-1.933045e+01,-1.861789e+01
1.775000e+01,-1.951423e+01,-1.952059e+01,-1.952601e+01,-1.936186e+01,-1.972124e+01,-1.959016e+01,-1.934572e+01,-1.859963e+01
1.825000e+01,-1.947068e+01,-1.952433e+01,-1.954317e+01,-1.936537e+01,-1.973882e+01,-1.960245e+01,-1.935196e+01,-1.858173e+01
1.875000e+01,-1.942520e+01,-1.952486e+01,-1.956147e+01,-1.937182e+01,-1.975167e+01,-1.961194e+01,-1.936158e+01,-1.856531e+01
1.925000e+01,-1.937029e+01,-1.952204e+01,-1.958052e+01,-1.938500e+01,-1.976497e+01,-1.961847e+01,-1.937732e+01,-1.855184e+01
1.975000e+01,-1.932096e+01,-1.952175e+01,-1.959932e+01,-1.939482e+01,-1.977028e+01,-1.962759e+01,-1.939009e+01,-1.852505e+01
2.025000e+01,-1.926917e+01,-1.951655e+01,-1.961329e+01,-1.940077e+01,-1.977190e+01,-1.963082e+01,-1.939985e+01,-1.849393e+01
2.075000e+01,-1.921849e+01,-1.951051e+01,-1.962824e+01,-1.940975e+01,-1.976781e+01,-1.963412e+01,-1.941268e+01,-1.846300e+01
