Time,U,B,V,R,I,gs,rs,is
7.500000e-01,-1.567876e+01,-1.482404e+01,-1.489744e+01,-1.492022e+01,-1.501307e+01,-1.492847e+01,-1.478718e+01,-1.459251e+01
1.250000e+00,-1.631842e+01,-1.565368e+01,-1.564736e+01,-1.576391e+01,-1.582859e+01,-1.576320e+01,-1.561918e+01,-1.546145e+01
1.750000e+00,-1.650239e+01,-1.601098e+01,-1.613676e+01,-1.623204e+01,-1.633466e+01,-1.619193e+01,-1.607772e+01,-1.596600e+01
2.250000e+00,-1.649583e+01,-1.613943e+01,-1.637933e+01,-1.651818e+01,-1.670079e+01,-1.636772e+01,-1.636083e+01,-1.628255e+01
2.750000e+00,-1.636347e+01,-1.618294e+01,-1.658086e+01,-1.666250e+01,-1.691372e+01,-1.647530e+01,-1.649641e+01,-1.647880e+01
3.250000e+00,-1.620853e+01,-1.614447e+01,-1.673524e+01,-1.680720e+01,-1.706564e+01,-1.649967e+01,-1.665449e+01,-1.657365e+01
3.750000e+00,-1.616103e+01,-1.617642e+01,-1.688087e+01,-1.697544e+01,-1.721456e+01,-1.657546e+01,-1.682056e+01,-1.674487e+01
4.250000e+00,-1.625417e+01,-1.631230e+01,-1.709479e+01,-1.719786e+01,-1.739231e+01,-1.672663e+01,-1.705761e+01,-1.690473e+01
4.750000e+00,-1.645327e+01,-1.652941e+01,-1.732185e+01,-1.742898e+01,-1.763162e+01,-1.695039e+01,-1.728545e+01,-1.715222e+01
5.250000e+00,-1.669087e+01,-1.677094e+01,-1.756884e+01,-1.765770e+01,-1.786008e+01,-1.719182e+01,-1.751932e+01,-1.736895e+01
5.750000e+00,-1.697010e+01,-1.704981e+01,-1.782393e+01,-1.787737e+01,-1.804238e+01,-1.746044e+01,-1.774721e+01,-1.755303e+01
6.250000e+00,-1.725890e+01,-1.730232e+01,-1.803177e+01,-1.806281e+01,-1.821211e+01,-1.769691e+01,-1.794192e+01,-1.770943e+01
6.750000e+00,-1.750519e+01,-1.754064e+01,-1.822101e+01,-1.822920e+01,-1.834792e+01,-1.791832e+01,-1.811430e+01,-1.784665e+01
7.250000e+00,-1.772728e+01,-1.774609e+01,-1.839176e+01,-1.836659e+01,-1.847545e+01,-1.811174e+01,-1.826121e+01,-1.795620e+01
7.750000e+00,-1.792237e+01,-1.792666e+01,-1.853765e+01,-1.849960e+01,-1.859823e+01,-1.827522e+01,-1.839842e+01,-1.807001e+01
8.250000e+00,-1.810689e+01,-1.809920e+01,-1.866664e+01,-1.860841e+01,-1.869339e+01,-1.843469e+01,-1.851307e+01,-1.815421e+01
8.750000e+00,-1.827695e+01,-1.824943e+01,-1.878929e+01,-1.871596e+01,-1.878240e+01,-1.857197e+01,-1.862682e+01,-1.823795e+01
9.250000e+00,-1.840681e+01,-1.837768e+01,-1.889494e+01,-1.879970e+01,-1.885525e+01,-1.869435e+01,-1.871143e+01,-1.830484e+01
9.750000e+00,-1.853627e+01,-1.849044e+01,-1.898893e+01,-1.888449e+01,-1.892261e+01,-1.879624e+01,-1.880343e+01,-1.836381e+01
1.025000e+01,-1.865061e+01,-1.859731e+01,-1.906498e+01,-1.895710e+01,-1.899342e+01,-1.889043e+01,-1.888424e+01,-1.841058e+01
1.075000e+01,-1.873587e+01,-1.868345e+01,-1.913404e+01,-1.901819e+01,-1.905028e+01,-1.897251e+01,-1.894771e+01,-1.845440e+01
1.125000e+01,-1.880305e+01,-1.874671e+01,-1.920559e+01,-1.908024e+01,-1.910762e+01,-1.903785e+01,-1.901423e+01,-1.849706e+01
1.175000e+01,-1.886201e+01,-1.880859e+01,-1.926181e+01,-1.913062e+01,-1.915724e+01,-1.909797e+01,-1.906844e+01,-1.852939e+01
1.225000e+01,-1.891222e+01,-1.886164e+01,-1.931159e+01,-1.917589e+01,-1.920577e+01,-1.915008e+01,-1.911750e+01,-1.855913e+01
1.275000e+01,-1.895025e+01,-1.890168e+01,-1.935837e+01,-1.921617e+01,-1.924993e+01,-1.919379e+01,-1.916069e+01,-1.858050e+01
1.325000e+01,-1.898395e+01,-1.894387e+01,-1.939902e+01,-1.925679e+01,-1.929718e+01,-1.923553e+01,-1.920618e+01,-1.860611e+01
1.375000e+01,-1.900997e+01,-1.897847e+01,-1.943511e+01,-1.929167e+01,-1.933992e+01,-1.927109e+01,-1.924529e+01,-1.861798e+01
1.425000e+01,-1.902528e+01,-1.900446e+01,-1.947135e+01,-1.932192e+01,-1.937493e+01,-1.930154e+01,-1.928208e+01,-1.861934e+01
1.475000e+01,-1.903426e+01,-1.902740e+01,-1.949698e+01,-1.934746e+01,-1.940845e+01,-1.932615e+01,-1.931090e+01,-1.862265e+01
1.525000e+01,-1.903851e+01,-1.904569e+01,-1.952408e+01,-1.937422e+01,-1.943366e+01,-1.934830e+01,-1.934137e+01,-1.862092e+01
1.575000e+01,-1.903797e+01,-1.905858e+01,-1.954998e+01,-1.939409e+01,-1.946453e+01,-1.936553e+01,-1.936420e+01,-1.862450e+01
1.625000e+01,-1.903423e+01,-1.907145e+01,-1.956823e+01,-1.940794e+01,-1.949599e+01,-1.938093e+01,-1.938177e+01,-1.862017e+01
1.675000e+01,-1.902553e+01,-1.908440e+01,-1.958386e+01,-1.941745e+01,-1.951845e+01,-1.939558e+01,-1.939511e+01,-1.860838e+01
1.725000e+01,-1.900967e+01,-1.909086e+01,-1.959830e+01,-1.943105e+01,-1.953928e+01,-1.940504e+01,-1.941176e+01,-1.860110e+01
1.775000e+01,-1.899282e+01,-1.909559e+01,-1.960961e+01,-1.943821e+01,-1.955151e+01,-1.941063e+01,-1.942310e+01,-1.858068e+01
1.825000e+01,-1.897129e+01,-1.910108e+01,-1.961892e+01,-1.944209e+01,-1.956536e+01,-1.941595e+01,-1.943067e+01,-1.856559e+01
1.875000e+01,-1.894805e+01,-1.910466e+01,-1.962494e+01,-1.944257e+01,-1.957845e+01,-1.941939e+01,-1.943407e+01,-1.854609e+01
1.925000e+01,-1.891893e+01,-1.910469e+01,-1.962736e+01,-1.944220e+01,-1.958977e+01,-1.941877e+01,-1.943618e+01,-1.852856e+01
1.975000e+01,-1.889341e+01,-1.910408e+01,-1.963034e+01,-1.943774e+01,-1.959938e+01,-1.941641e+01,-1.943338e+01,-1.851123e+01
2.025000e+01,-1.886386e+01,-1.910288e+01,-1.962802e+01,-1.942812e+01,-1.960569e+01,-1.941375e+01,-1.942649e+01,-1.849005e+01
2.075000e+01,-1.882948e+01,-1.909948e+01,-1.962127e+01,-1.941583e+01,-1.960570e+01,-1.940776e+01,-1.941674e+01,-1.846873e+01
