0.000231481 day
# index velocity (km/s) density (g/cm^3) 56ni_mass_fraction 52fe_mass_fraction 48cr_mass_fraction
1.000000e+00 2.000000e+02 4.223405e+02 1.000000e+00 0.000000e+00 0.000000e+00
2.000000e+00 4.000000e+02 3.965288e+02 1.000000e+00 0.000000e+00 0.000000e+00
3.000000e+00 6.000000e+02 3.722947e+02 1.000000e+00 0.000000e+00 0.000000e+00
4.000000e+00 8.000000e+02 3.495416e+02 1.000000e+00 0.000000e+00 0.000000e+00
5.000000e+00 1.000000e+03 3.281791e+02 1.000000e+00 0.000000e+00 0.000000e+00
6.000000e+00 1.200000e+03 3.081222e+02 1.000000e+00 0.000000e+00 0.000000e+00
7.000000e+00 1.400000e+03 2.892911e+02 1.000000e+00 0.000000e+00 0.000000e+00
8.000000e+00 1.600000e+03 2.716109e+02 1.000000e+00 0.000000e+00 0.000000e+00
9.000000e+00 1.800000e+03 2.550112e+02 1.000000e+00 0.000000e+00 0.000000e+00
1.000000e+01 2.000000e+03 2.394260e+02 1.000000e+00 0.000000e+00 0.000000e+00
1.100000e+01 2.200000e+03 2.247933e+02 1.000000e+00 0.000000e+00 0.000000e+00
1.200000e+01 2.400000e+03 2.110549e+02 1.000000e+00 0.000000e+00 0.000000e+00
1.300000e+01 2.600000e+03 1.981561e+02 1.000000e+00 0.000000e+00 0.000000e+00
1.400000e+01 2.800000e+03 1.860456e+02 1.000000e+00 0.000000e+00 0.000000e+00
1.500000e+01 3.000000e+03 1.746753e+02 1.000000e+00 0.000000e+00 0.000000e+00
1.600000e+01 3.200000e+03 1.639999e+02 1.000000e+00 0.000000e+00 0.000000e+00
1.700000e+01 3.400000e+03 1.539769e+02 1.000000e+00 0.000000e+00 0.000000e+00
1.800000e+01 3.600000e+03 1.445665e+02 1.000000e+00 0.000000e+00 0.000000e+00
1.900000e+01 3.800000e+03 1.357312e+02 1.000000e+00 0.000000e+00 0.000000e+00
2.000000e+01 4.000000e+03 1.274359e+02 9.994521e-01 0.000000e+00 0.000000e+00
2.100000e+01 4.200000e+03 1.196476e+02 9.954591e-01 0.000000e+00 0.000000e+00
2.200000e+01 4.400000e+03 1.123352e+02 9.904692e-01 0.000000e+00 0.000000e+00
2.300000e+01 4.600000e+03 1.054698e+02 9.842374e-01 0.000000e+00 0.000000e+00
2.400000e+01 4.800000e+03 9.902390e+01 9.764658e-01 0.000000e+00 0.000000e+00
2.500000e+01 5.000000e+03 9.297198e+01 9.667991e-01 0.000000e+00 0.000000e+00
2.600000e+01 5.200000e+03 8.728993e+01 9.548209e-01 0.000000e+00 0.000000e+00
2.700000e+01 5.400000e+03 8.195514e+01 9.400572e-01 0.000000e+00 0.000000e+00
2.800000e+01 5.600000e+03 7.694639e+01 9.219875e-01 0.000000e+00 0.000000e+00
2.900000e+01 5.800000e+03 7.224375e+01 9.000681e-01 0.000000e+00 0.000000e+00
3.000000e+01 6.000000e+03 6.782852e+01 8.737720e-01 0.000000e+00 0.000000e+00
3.100000e+01 6.200000e+03 6.368313e+01 8.426458e-01 0.000000e+00 0.000000e+00
3.200000e+01 6.400000e+03 5.979109e+01 8.063842e-01 0.000000e+00 0.000000e+00
3.300000e+01 6.600000e+03 5.613691e+01 7.649120e-01 0.000000e+00 0.000000e+00
3.400000e+01 6.800000e+03 5.270606e+01 7.184620e-01 0.000000e+00 0.000000e+00
3.500000e+01 7.000000e+03 4.948489e+01 6.676274e-01 0.000000e+00 0.000000e+00
3.600000e+01 7.200000e+03 4.646059e+01 6.133665e-01 0.000000e+00 0.000000e+00
3.700000e+01 7.400000e+03 4.362112e+01 5.569482e-01 0.000000e+00 0.000000e+00
3.800000e+01 7.600000e+03 4.095518e+01 4.998386e-01 0.000000e+00 0.000000e+00
3.900000e+01 7.800000e+03 3.845217e+01 4.435472e-01 0.000000e+00 0.000000e+00
4.000000e+01 8.000000e+03 3.610214e+01 3.894689e-01 0.000000e+00 0.000000e+00
4.100000e+01 8.200000e+03 3.389573e+01 3.387527e-01 0.000000e+00 0.000000e+00
4.200000e+01 8.400000e+03 3.182417e+01 2.922235e-01 0.000000e+00 0.000000e+00
4.300000e+01 8.600000e+03 2.987921e+01 2.503613e-01 0.000000e+00 0.000000e+00
4.400000e+01 8.800000e+03 2.805312e+01 2.133306e-01 0.000000e+00 0.000000e+00
4.500000e+01 9.000000e+03 2.633863e+01 1.810405e-01 0.000000e+00 0.000000e+00
4.600000e+01 9.200000e+03 2.472893e+01 1.532168e-01 0.000000e+00 0.000000e+00
4.700000e+01 9.400000e+03 2.321760e+01 1.294721e-01 0.000000e+00 0.000000e+00
4.800000e+01 9.600000e+03 2.179864e+01 1.093638e-01 0.000000e+00 0.000000e+00
4.900000e+01 9.800000e+03 2.046640e+01 9.243748e-02 0.000000e+00 0.000000e+00
5.000000e+01 1.000000e+04 1.921558e+01 7.825682e-02 0.000000e+00 0.000000e+00
5.100000e+01 1.020000e+04 1.804121e+01 6.642040e-02 0.000000e+00 0.000000e+00
5.200000e+01 1.040000e+04 1.693860e+01 5.657049e-02 0.000000e+00 0.000000e+00
5.300000e+01 1.060000e+04 1.590339e+01 4.839521e-02 0.000000e+00 0.000000e+00
5.400000e+01 1.080000e+04 1.493144e+01 4.162705e-02 0.000000e+00 0.000000e+00
5.500000e+01 1.100000e+04 1.401889e+01 3.603917e-02 0.000000e+00 0.000000e+00
5.600000e+01 1.120000e+04 1.316212e+01 3.144064e-02 0.000000e+00 0.000000e+00
5.700000e+01 1.140000e+04 1.235771e+01 2.767157e-02 0.000000e+00 0.000000e+00
5.800000e+01 1.160000e+04 1.160246e+01 2.459829e-02 0.000000e+00 0.000000e+00
5.900000e+01 1.180000e+04 1.089336e+01 2.210916e-02 0.000000e+00 0.000000e+00
6.000000e+01 1.200000e+04 1.022761e+01 2.011070e-02 0.000000e+00 0.000000e+00
6.100000e+01 1.220000e+04 9.602540e+00 1.852450e-02 0.000000e+00 0.000000e+00
6.200000e+01 1.240000e+04 9.015674e+00 1.728452e-02 0.000000e+00 0.000000e+00
6.300000e+01 1.260000e+04 8.464674e+00 1.633491e-02 0.000000e+00 0.000000e+00
6.400000e+01 1.280000e+04 7.947349e+00 1.562821e-02 0.000000e+00 0.000000e+00
6.500000e+01 1.300000e+04 7.461641e+00 1.512400e-02 0.000000e+00 0.000000e+00
6.600000e+01 1.320000e+04 7.005617e+00 1.478770e-02 0.000000e+00 0.000000e+00
6.700000e+01 1.340000e+04 6.577464e+00 1.458965e-02 0.000000e+00 0.000000e+00
6.800000e+01 1.360000e+04 6.175477e+00 1.450438e-02 0.000000e+00 0.000000e+00
6.900000e+01 1.380000e+04 5.798058e+00 1.451006e-02 0.000000e+00 0.000000e+00
7.000000e+01 1.400000e+04 5.443706e+00 1.458792e-02 0.000000e+00 0.000000e+00
7.100000e+01 1.420000e+04 5.111009e+00 1.472195e-02 0.000000e+00 0.000000e+00
7.200000e+01 1.440000e+04 4.798646e+00 1.489847e-02 0.000000e+00 0.000000e+00
7.300000e+01 1.460000e+04 4.505373e+00 1.510592e-02 0.000000e+00 0.000000e+00
7.400000e+01 1.480000e+04 4.230024e+00 1.533455e-02 0.000000e+00 0.000000e+00
7.500000e+01 1.500000e+04 3.971503e+00 1.557620e-02 0.000000e+00 0.000000e+00
7.600000e+01 1.520000e+04 3.728782e+00 1.582415e-02 0.000000e+00 0.000000e+00
7.700000e+01 1.540000e+04 3.500895e+00 1.607291e-02 0.000000e+00 0.000000e+00
7.800000e+01 1.560000e+04 3.286935e+00 1.631805e-02 0.000000e+00 0.000000e+00
7.900000e+01 1.580000e+04 3.086051e+00 1.655608e-02 0.000000e+00 0.000000e+00
8.000000e+01 1.600000e+04 2.897445e+00 1.678430e-02 0.000000e+00 0.000000e+00
8.100000e+01 1.620000e+04 2.720365e+00 1.700072e-02 0.000000e+00 0.000000e+00
8.200000e+01 1.640000e+04 2.554108e+00 1.720390e-02 0.000000e+00 0.000000e+00
8.300000e+01 1.660000e+04 2.398012e+00 1.739292e-02 0.000000e+00 0.000000e+00
8.400000e+01 1.680000e+04 2.251456e+00 1.756723e-02 0.000000e+00 0.000000e+00
8.500000e+01 1.700000e+04 2.113856e+00 1.772665e-02 0.000000e+00 0.000000e+00
8.600000e+01 1.720000e+04 1.984666e+00 1.787123e-02 0.000000e+00 0.000000e+00
8.700000e+01 1.740000e+04 1.863372e+00 1.800126e-02 0.000000e+00 0.000000e+00
8.800000e+01 1.760000e+04 1.749491e+00 1.811719e-02 0.000000e+00 0.000000e+00
8.900000e+01 1.780000e+04 1.642569e+00 1.821960e-02 0.000000e+00 0.000000e+00
9.000000e+01 1.800000e+04 1.542182e+00 1.830915e-02 0.000000e+00 0.000000e+00
9.100000e+01 1.820000e+04 1.447931e+00 1.838658e-02 0.000000e+00 0.000000e+00
9.200000e+01 1.840000e+04 1.359439e+00 1.845265e-02 0.000000e+00 0.000000e+00
9.300000e+01 1.860000e+04 1.276356e+00 1.850816e-02 0.000000e+00 0.000000e+00
9.400000e+01 1.880000e+04 1.198351e+00 1.855390e-02 0.000000e+00 0.000000e+00
9.500000e+01 1.900000e+04 1.125113e+00 1.859065e-02 0.000000e+00 0.000000e+00
9.600000e+01 1.920000e+04 1.056351e+00 1.861919e-02 0.000000e+00 0.000000e+00
9.700000e+01 1.940000e+04 9.917910e-01 1.864024e-02 0.000000e+00 0.000000e+00
9.800000e+01 1.960000e+04 9.311769e-01 1.865453e-02 0.000000e+00 0.000000e+00
9.900000e+01 1.980000e+04 8.742674e-01 1.866273e-02 0.000000e+00 0.000000e+00
1.000000e+02 2.000000e+04 8.208359e-01 1.866547e-02 0.000000e+00 0.000000e+00
1.010000e+02 2.020000e+04 7.706699e-01 1.866335e-02 0.000000e+00 0.000000e+00
1.020000e+02 2.040000e+04 7.235698e-01 1.865693e-02 0.000000e+00 0.000000e+00
1.030000e+02 2.060000e+04 6.793483e-01 1.864672e-02 0.000000e+00 0.000000e+00
1.040000e+02 2.080000e+04 6.378294e-01 1.863321e-02 0.000000e+00 0.000000e+00
1.050000e+02 2.100000e+04 5.988480e-01 1.861683e-02 0.000000e+00 0.000000e+00
1.060000e+02 2.120000e+04 5.622490e-01 1.859798e-02 0.000000e+00 0.000000e+00
1.070000e+02 2.140000e+04 5.278867e-01 1.857703e-02 0.000000e+00 0.000000e+00
1.080000e+02 2.160000e+04 4.956245e-01 1.855432e-02 0.000000e+00 0.000000e+00
1.090000e+02 2.180000e+04 4.653341e-01 1.853016e-02 0.000000e+00 0.000000e+00
1.100000e+02 2.200000e+04 4.368948e-01 1.850481e-02 0.000000e+00 0.000000e+00
1.110000e+02 2.220000e+04 4.101937e-01 1.847853e-02 0.000000e+00 0.000000e+00
1.120000e+02 2.240000e+04 3.851244e-01 1.845153e-02 0.000000e+00 0.000000e+00
1.130000e+02 2.260000e+04 3.615872e-01 1.842402e-02 0.000000e+00 0.000000e+00
1.140000e+02 2.280000e+04 3.394885e-01 1.839617e-02 0.000000e+00 0.000000e+00
1.150000e+02 2.300000e+04 3.187404e-01 1.836814e-02 0.000000e+00 0.000000e+00
1.160000e+02 2.320000e+04 2.992604e-01 1.834006e-02 0.000000e+00 0.000000e+00
1.170000e+02 2.340000e+04 2.809709e-01 1.831206e-02 0.000000e+00 0.000000e+00
1.180000e+02 2.360000e+04 2.637991e-01 1.828425e-02 0.000000e+00 0.000000e+00
1.190000e+02 2.380000e+04 2.476768e-01 1.825671e-02 0.000000e+00 0.000000e+00
1.200000e+02 2.400000e+04 2.325399e-01 1.822952e-02 0.000000e+00 0.000000e+00
1.210000e+02 2.420000e+04 2.183280e-01 1.820276e-02 0.000000e+00 0.000000e+00
1.220000e+02 2.440000e+04 2.049848e-01 1.817648e-02 0.000000e+00 0.000000e+00
1.230000e+02 2.460000e+04 1.924570e-01 1.815074e-02 0.000000e+00 0.000000e+00
1.240000e+02 2.480000e+04 1.806948e-01 1.812556e-02 0.000000e+00 0.000000e+00
1.250000e+02 2.500000e+04 1.696515e-01 1.810099e-02 0.000000e+00 0.000000e+00
1.260000e+02 2.520000e+04 1.592831e-01 1.807704e-02 0.000000e+00 0.000000e+00
1.270000e+02 2.540000e+04 1.495484e-01 1.805375e-02 0.000000e+00 0.000000e+00
1.280000e+02 2.560000e+04 1.404087e-01 1.803112e-02 0.000000e+00 0.000000e+00
1.290000e+02 2.580000e+04 1.318275e-01 1.800917e-02 0.000000e+00 0.000000e+00
1.300000e+02 2.600000e+04 1.237708e-01 1.798789e-02 0.000000e+00 0.000000e+00
1.310000e+02 2.620000e+04 1.162064e-01 1.796731e-02 0.000000e+00 0.000000e+00
1.320000e+02 2.640000e+04 1.091044e-01 1.794740e-02 0.000000e+00 0.000000e+00
1.330000e+02 2.660000e+04 1.024364e-01 1.792817e-02 0.000000e+00 0.000000e+00
1.340000e+02 2.680000e+04 9.617590e-02 1.790961e-02 0.000000e+00 0.000000e+00
1.350000e+02 2.700000e+04 9.029804e-02 1.789172e-02 0.000000e+00 0.000000e+00
1.360000e+02 2.720000e+04 8.477940e-02 1.787449e-02 0.000000e+00 0.000000e+00
1.370000e+02 2.740000e+04 7.959805e-02 1.785789e-02 0.000000e+00 0.000000e+00
1.380000e+02 2.760000e+04 7.473335e-02 1.784193e-02 0.000000e+00 0.000000e+00
1.390000e+02 2.780000e+04 7.016597e-02 1.782659e-02 0.000000e+00 0.000000e+00
1.400000e+02 2.800000e+04 6.587772e-02 1.781185e-02 0.000000e+00 0.000000e+00
1.410000e+02 2.820000e+04 6.185156e-02 1.779769e-02 0.000000e+00 0.000000e+00
1.420000e+02 2.840000e+04 5.807145e-02 1.778411e-02 0.000000e+00 0.000000e+00
1.430000e+02 2.860000e+04 5.452237e-02 1.777108e-02 0.000000e+00 0.000000e+00
1.440000e+02 2.880000e+04 5.119020e-02 1.775860e-02 0.000000e+00 0.000000e+00
1.450000e+02 2.900000e+04 4.806167e-02 1.774663e-02 0.000000e+00 0.000000e+00
1.460000e+02 2.920000e+04 4.512435e-02 1.773517e-02 0.000000e+00 0.000000e+00
1.470000e+02 2.940000e+04 4.236654e-02 1.772420e-02 0.000000e+00 0.000000e+00
1.480000e+02 2.960000e+04 3.977728e-02 1.771370e-02 0.000000e+00 0.000000e+00
1.490000e+02 2.980000e+04 3.734626e-02 1.770366e-02 0.000000e+00 0.000000e+00
1.500000e+02 3.000000e+04 3.506381e-02 1.769406e-02 0.000000e+00 0.000000e+00