0.000231481 day
# index velocity (km/s) density (g/cm^3) fraction_of_zone_that_is_56ni
1.000000e+00  2.000000e+02	 4.223405e+02  	9.345776e-01  	
2.000000e+00  4.000000e+02	 3.965288e+02  	9.344760e-01  	
3.000000e+00  6.000000e+02	 3.722947e+02  	9.342165e-01  	
4.000000e+00  8.000000e+02	 3.495416e+02  	9.337394e-01  	
5.000000e+00  1.000000e+03	 3.281791e+02  	9.329947e-01  	
6.000000e+00  1.200000e+03	 3.081222e+02  	9.319385e-01  	
7.000000e+00  1.400000e+03	 2.892911e+02  	9.305313e-01  	
8.000000e+00  1.600000e+03	 2.716109e+02  	9.287354e-01  	
9.000000e+00  1.800000e+03	 2.550112e+02  	9.265136e-01  	
1.000000e+01  2.000000e+03	 2.394260e+02  	9.238274e-01  	
1.100000e+01  2.200000e+03	 2.247933e+02  	9.206366e-01  	
1.200000e+01  2.400000e+03	 2.110549e+02  	9.168978e-01  	
1.300000e+01  2.600000e+03	 1.981561e+02  	9.125644e-01  	
1.400000e+01  2.800000e+03	 1.860456e+02  	9.075861e-01  	
1.500000e+01  3.000000e+03	 1.746753e+02  	9.019090e-01  	
1.600000e+01  3.200000e+03	 1.639999e+02  	8.954755e-01  	
1.700000e+01  3.400000e+03	 1.539769e+02  	8.882250e-01  	
1.800000e+01  3.600000e+03	 1.445665e+02  	8.800950e-01  	
1.900000e+01  3.800000e+03	 1.357312e+02  	8.710214e-01  	
2.000000e+01  4.000000e+03	 1.274359e+02  	8.609408e-01  	
2.100000e+01  4.200000e+03	 1.196476e+02  	8.497916e-01  	
2.200000e+01  4.400000e+03	 1.123352e+02  	8.375170e-01  	
2.300000e+01  4.600000e+03	 1.054698e+02  	8.240665e-01  	
2.400000e+01  4.800000e+03	 9.902390e+01  	8.093996e-01  	
2.500000e+01  5.000000e+03	 9.297198e+01  	7.934879e-01  	
2.600000e+01  5.200000e+03	 8.728993e+01  	7.763189e-01  	
2.700000e+01  5.400000e+03	 8.195514e+01  	7.578979e-01  	
2.800000e+01  5.600000e+03	 7.694639e+01  	7.382511e-01  	
2.900000e+01  5.800000e+03	 7.224375e+01  	7.174272e-01  	
3.000000e+01  6.000000e+03	 6.782852e+01  	6.954986e-01  	
3.100000e+01  6.200000e+03	 6.368313e+01  	6.725615e-01  	
3.200000e+01  6.400000e+03	 5.979109e+01  	6.487345e-01  	
3.300000e+01  6.600000e+03	 5.613691e+01  	6.241573e-01  	
3.400000e+01  6.800000e+03	 5.270606e+01  	5.989869e-01  	
3.500000e+01  7.000000e+03	 4.948489e+01  	5.733934e-01  	
3.600000e+01  7.200000e+03	 4.646059e+01  	5.475555e-01  	
3.700000e+01  7.400000e+03	 4.362112e+01  	5.216550e-01  	
3.800000e+01  7.600000e+03	 4.095518e+01  	4.958713e-01  	
3.900000e+01  7.800000e+03	 3.845217e+01  	4.703766e-01  	
4.000000e+01  8.000000e+03	 3.610214e+01  	4.453313e-01  	
4.100000e+01  8.200000e+03	 3.389573e+01  	4.208801e-01  	
4.200000e+01  8.400000e+03	 3.182417e+01  	3.971493e-01  	
4.300000e+01  8.600000e+03	 2.987921e+01  	3.742452e-01  	
4.400000e+01  8.800000e+03	 2.805312e+01  	3.522532e-01  	
4.500000e+01  9.000000e+03	 2.633863e+01  	3.312379e-01  	
4.600000e+01  9.200000e+03	 2.472893e+01  	3.112442e-01  	
4.700000e+01  9.400000e+03	 2.321760e+01  	2.922984e-01  	
4.800000e+01  9.600000e+03	 2.179864e+01  	2.744105e-01  	
4.900000e+01  9.800000e+03	 2.046640e+01  	2.575760e-01  	
5.000000e+01  1.000000e+04	 1.921558e+01  	2.417784e-01  	
5.100000e+01  1.020000e+04	 1.804121e+01  	2.269912e-01  	
5.200000e+01  1.040000e+04	 1.693860e+01  	2.131801e-01  	
5.300000e+01  1.060000e+04	 1.590339e+01  	2.003051e-01  	
5.400000e+01  1.080000e+04	 1.493144e+01  	1.883219e-01  	
5.500000e+01  1.100000e+04	 1.401889e+01  	1.771837e-01  	
5.600000e+01  1.120000e+04	 1.316212e+01  	1.668420e-01  	
5.700000e+01  1.140000e+04	 1.235771e+01  	1.572483e-01  	
5.800000e+01  1.160000e+04	 1.160246e+01  	1.483543e-01  	
5.900000e+01  1.180000e+04	 1.089336e+01  	1.401130e-01  	
6.000000e+01  1.200000e+04	 1.022761e+01  	1.324790e-01  	
6.100000e+01  1.220000e+04	 9.602540e+00  	1.254085e-01  	
6.200000e+01  1.240000e+04	 9.015674e+00  	1.188603e-01  	
6.300000e+01  1.260000e+04	 8.464674e+00  	1.127953e-01  	
6.400000e+01  1.280000e+04	 7.947349e+00  	1.071769e-01  	
6.500000e+01  1.300000e+04	 7.461641e+00  	1.019707e-01  	
6.600000e+01  1.320000e+04	 7.005617e+00  	9.714479e-02  	
6.700000e+01  1.340000e+04	 6.577464e+00  	9.266955e-02  	
6.800000e+01  1.360000e+04	 6.175477e+00  	8.851755e-02  	
6.900000e+01  1.380000e+04	 5.798058e+00  	8.466341e-02  	
7.000000e+01  1.400000e+04	 5.443706e+00  	8.108376e-02  	
7.100000e+01  1.420000e+04	 5.111009e+00  	7.775706e-02  	
7.200000e+01  1.440000e+04	 4.798646e+00  	7.466353e-02  	
7.300000e+01  1.460000e+04	 4.505373e+00  	7.178496e-02  	
7.400000e+01  1.480000e+04	 4.230024e+00  	6.910466e-02  	
7.500000e+01  1.500000e+04	 3.971503e+00  	6.660728e-02  	
7.600000e+01  1.520000e+04	 3.728782e+00  	6.427877e-02  	
7.700000e+01  1.540000e+04	 3.500895e+00  	6.210623e-02  	
7.800000e+01  1.560000e+04	 3.286935e+00  	6.007782e-02  	
7.900000e+01  1.580000e+04	 3.086051e+00  	5.818270e-02  	
8.000000e+01  1.600000e+04	 2.897445e+00  	5.641092e-02  	
8.100000e+01  1.620000e+04	 2.720365e+00  	5.475333e-02  	
8.200000e+01  1.640000e+04	 2.554108e+00  	5.320155e-02  	
8.300000e+01  1.660000e+04	 2.398012e+00  	5.174789e-02  	
8.400000e+01  1.680000e+04	 2.251456e+00  	5.038527e-02  	
8.500000e+01  1.700000e+04	 2.113856e+00  	4.910720e-02  	
8.600000e+01  1.720000e+04	 1.984666e+00  	4.790770e-02  	
8.700000e+01  1.740000e+04	 1.863372e+00  	4.678127e-02  	
8.800000e+01  1.760000e+04	 1.749491e+00  	4.572284e-02  	
8.900000e+01  1.780000e+04	 1.642569e+00  	4.472774e-02  	
9.000000e+01  1.800000e+04	 1.542182e+00  	4.379169e-02  	
9.100000e+01  1.820000e+04	 1.447931e+00  	4.291070e-02  	
9.200000e+01  1.840000e+04	 1.359439e+00  	4.208110e-02  	
9.300000e+01  1.860000e+04	 1.276356e+00  	4.129953e-02  	
9.400000e+01  1.880000e+04	 1.198351e+00  	4.056283e-02  	
9.500000e+01  1.900000e+04	 1.125113e+00  	3.986812e-02  	
9.600000e+01  1.920000e+04	 1.056351e+00  	3.921272e-02  	
9.700000e+01  1.940000e+04	 9.917910e-01  	3.859412e-02  	
9.800000e+01  1.960000e+04	 9.311769e-01  	3.801003e-02  	
9.900000e+01  1.980000e+04	 8.742674e-01  	3.745830e-02  	
1.000000e+02  2.000000e+04	 8.208359e-01  	3.693694e-02  	
1.010000e+02  2.020000e+04	 7.706699e-01  	3.644411e-02  	
1.020000e+02  2.040000e+04	 7.235698e-01  	3.597808e-02  	
1.030000e+02  2.060000e+04	 6.793483e-01  	3.553724e-02  	
1.040000e+02  2.080000e+04	 6.378294e-01  	3.512011e-02  	
1.050000e+02  2.100000e+04	 5.988480e-01  	3.472529e-02  	
1.060000e+02  2.120000e+04	 5.622490e-01  	3.435148e-02  	
1.070000e+02  2.140000e+04	 5.278867e-01  	3.399746e-02  	
1.080000e+02  2.160000e+04	 4.956245e-01  	3.366211e-02  	
1.090000e+02  2.180000e+04	 4.653341e-01  	3.334435e-02  	
1.100000e+02  2.200000e+04	 4.368948e-01  	3.304320e-02  	
1.110000e+02  2.220000e+04	 4.101937e-01  	3.275772e-02  	
1.120000e+02  2.240000e+04	 3.851244e-01  	3.248705e-02  	
1.130000e+02  2.260000e+04	 3.615872e-01  	3.223036e-02  	
1.140000e+02  2.280000e+04	 3.394885e-01  	3.198689e-02  	
1.150000e+02  2.300000e+04	 3.187404e-01  	3.175591e-02  	
1.160000e+02  2.320000e+04	 2.992604e-01  	3.153676e-02  	
1.170000e+02  2.340000e+04	 2.809709e-01  	3.132878e-02  	
1.180000e+02  2.360000e+04	 2.637991e-01  	3.113139e-02  	
1.190000e+02  2.380000e+04	 2.476768e-01  	3.094402e-02  	
1.200000e+02  2.400000e+04	 2.325399e-01  	3.076614e-02  	
1.210000e+02  2.420000e+04	 2.183280e-01  	3.059725e-02  	
1.220000e+02  2.440000e+04	 2.049848e-01  	3.043687e-02  	
1.230000e+02  2.460000e+04	 1.924570e-01  	3.028457e-02  	
1.240000e+02  2.480000e+04	 1.806948e-01  	3.013991e-02  	
1.250000e+02  2.500000e+04	 1.696515e-01  	3.000252e-02  	
1.260000e+02  2.520000e+04	 1.592831e-01  	2.987201e-02  	
1.270000e+02  2.540000e+04	 1.495484e-01  	2.974802e-02  	
1.280000e+02  2.560000e+04	 1.404087e-01  	2.963023e-02  	
1.290000e+02  2.580000e+04	 1.318275e-01  	2.951832e-02  	
1.300000e+02  2.600000e+04	 1.237708e-01  	2.941199e-02  	
1.310000e+02  2.620000e+04	 1.162064e-01  	2.931096e-02  	
1.320000e+02  2.640000e+04	 1.091044e-01  	2.921495e-02  	
1.330000e+02  2.660000e+04	 1.024364e-01  	2.912372e-02  	
1.340000e+02  2.680000e+04	 9.617590e-02  	2.903702e-02  	
1.350000e+02  2.700000e+04	 9.029804e-02  	2.895464e-02  	
1.360000e+02  2.720000e+04	 8.477940e-02  	2.887634e-02  	
1.370000e+02  2.740000e+04	 7.959805e-02  	2.880193e-02  	
1.380000e+02  2.760000e+04	 7.473335e-02  	2.873122e-02  	
1.390000e+02  2.780000e+04	 7.016597e-02  	2.866401e-02  	
1.400000e+02  2.800000e+04	 6.587772e-02  	2.860014e-02  	
1.410000e+02  2.820000e+04	 6.185156e-02  	2.853944e-02  	
1.420000e+02  2.840000e+04	 5.807145e-02  	2.848174e-02  	
1.430000e+02  2.860000e+04	 5.452237e-02  	2.842692e-02  	
1.440000e+02  2.880000e+04	 5.119020e-02  	2.837481e-02  	
1.450000e+02  2.900000e+04	 4.806167e-02  	2.832529e-02  	
1.460000e+02  2.920000e+04	 4.512435e-02  	2.827823e-02  	
1.470000e+02  2.940000e+04	 4.236654e-02  	2.823350e-02  	
1.480000e+02  2.960000e+04	 3.977728e-02  	2.819100e-02  	
1.490000e+02  2.980000e+04	 3.734626e-02  	2.815061e-02  	
1.500000e+02  3.000000e+04	 3.506381e-02  	2.811223e-02  	