Time,U,B,V,R,I,gs,rs,is
7.500000e-01,-1.494732e+01,-1.439375e+01,-1.453148e+01,-1.465672e+01,-1.474034e+01,-1.452864e+01,-1.450702e+01,-1.434090e+01
1.250000e+00,-1.568516e+01,-1.525112e+01,-1.535968e+01,-1.543746e+01,-1.557614e+01,-1.542150e+01,-1.528116e+01,-1.520204e+01
1.750000e+00,-1.605481e+01,-1.578371e+01,-1.592376e+01,-1.595793e+01,-1.610319e+01,-1.598126e+01,-1.580770e+01,-1.568846e+01
2.250000e+00,-1.634691e+01,-1.612850e+01,-1.626561e+01,-1.636938e+01,-1.649226e+01,-1.632377e+01,-1.622602e+01,-1.609832e+01
2.750000e+00,-1.659367e+01,-1.641063e+01,-1.659373e+01,-1.665599e+01,-1.677551e+01,-1.662328e+01,-1.650926e+01,-1.640032e+01
3.250000e+00,-1.680447e+01,-1.665287e+01,-1.683590e+01,-1.686298e+01,-1.706535e+01,-1.687346e+01,-1.670287e+01,-1.665967e+01
3.750000e+00,-1.702244e+01,-1.687931e+01,-1.713696e+01,-1.713145e+01,-1.728143e+01,-1.711511e+01,-1.698600e+01,-1.688002e+01
4.250000e+00,-1.725114e+01,-1.713875e+01,-1.735898e+01,-1.736664e+01,-1.747748e+01,-1.736920e+01,-1.723091e+01,-1.707416e+01
4.750000e+00,-1.753547e+01,-1.740222e+01,-1.761051e+01,-1.758059e+01,-1.763444e+01,-1.762514e+01,-1.745005e+01,-1.727644e+01
5.250000e+00,-1.782084e+01,-1.765058e+01,-1.784128e+01,-1.778538e+01,-1.782961e+01,-1.785999e+01,-1.765969e+01,-1.746711e+01
5.750000e+00,-1.807853e+01,-1.788584e+01,-1.802277e+01,-1.796584e+01,-1.802053e+01,-1.807100e+01,-1.784120e+01,-1.764865e+01
6.250000e+00,-1.832365e+01,-1.811098e+01,-1.818695e+01,-1.811013e+01,-1.814361e+01,-1.826920e+01,-1.799022e+01,-1.778544e+01
6.750000e+00,-1.854052e+01,-1.829655e+01,-1.835027e+01,-1.824384e+01,-1.824877e+01,-1.844648e+01,-1.812950e+01,-1.790060e+01
7.250000e+00,-1.873667e+01,-1.846031e+01,-1.849266e+01,-1.836621e+01,-1.837118e+01,-1.859930e+01,-1.825469e+01,-1.802460e+01
7.750000e+00,-1.892434e+01,-1.861056e+01,-1.862096e+01,-1.847098e+01,-1.846260e+01,-1.873761e+01,-1.836775e+01,-1.809610e+01
8.250000e+00,-1.907543e+01,-1.874055e+01,-1.872591e+01,-1.855940e+01,-1.853977e+01,-1.885730e+01,-1.846123e+01,-1.817063e+01
8.750000e+00,-1.921204e+01,-1.885779e+01,-1.883000e+01,-1.865923e+01,-1.863611e+01,-1.896715e+01,-1.856626e+01,-1.825903e+01
9.250000e+00,-1.932270e+01,-1.895514e+01,-1.892568e+01,-1.873778e+01,-1.870242e+01,-1.906358e+01,-1.864927e+01,-1.832219e+01
9.750000e+00,-1.942230e+01,-1.904881e+01,-1.900983e+01,-1.879249e+01,-1.875221e+01,-1.915202e+01,-1.871080e+01,-1.835249e+01
1.025000e+01,-1.951049e+01,-1.912874e+01,-1.908796e+01,-1.885287e+01,-1.880261e+01,-1.923272e+01,-1.877283e+01,-1.839737e+01
1.075000e+01,-1.957912e+01,-1.919930e+01,-1.916421e+01,-1.890599e+01,-1.885141e+01,-1.930414e+01,-1.883205e+01,-1.842578e+01
1.125000e+01,-1.963509e+01,-1.925776e+01,-1.923243e+01,-1.895910e+01,-1.889569e+01,-1.936601e+01,-1.889103e+01,-1.845299e+01
1.175000e+01,-1.968052e+01,-1.930908e+01,-1.929396e+01,-1.901222e+01,-1.893703e+01,-1.942296e+01,-1.895068e+01,-1.847678e+01
1.225000e+01,-1.972271e+01,-1.935757e+01,-1.935365e+01,-1.905211e+01,-1.897232e+01,-1.947591e+01,-1.899644e+01,-1.848439e+01
1.275000e+01,-1.975355e+01,-1.940115e+01,-1.941036e+01,-1.908733e+01,-1.900072e+01,-1.952331e+01,-1.903719e+01,-1.849582e+01
1.325000e+01,-1.978468e+01,-1.943947e+01,-1.946368e+01,-1.912716e+01,-1.903012e+01,-1.956647e+01,-1.908463e+01,-1.849456e+01
1.375000e+01,-1.979939e+01,-1.947159e+01,-1.951604e+01,-1.916262e+01,-1.904521e+01,-1.960663e+01,-1.912457e+01,-1.849733e+01
1.425000e+01,-1.980581e+01,-1.949609e+01,-1.956274e+01,-1.919956e+01,-1.906616e+01,-1.964067e+01,-1.916803e+01,-1.849768e+01
1.475000e+01,-1.981193e+01,-1.951704e+01,-1.960264e+01,-1.923723e+01,-1.908798e+01,-1.967125e+01,-1.921120e+01,-1.849396e+01
1.525000e+01,-1.980685e+01,-1.953028e+01,-1.963725e+01,-1.926746e+01,-1.910443e+01,-1.969396e+01,-1.924853e+01,-1.847913e+01
1.575000e+01,-1.979450e+01,-1.953999e+01,-1.967253e+01,-1.929901e+01,-1.912468e+01,-1.971421e+01,-1.928523e+01,-1.847048e+01
1.625000e+01,-1.977939e+01,-1.954412e+01,-1.970316e+01,-1.932466e+01,-1.914571e+01,-1.972846e+01,-1.931664e+01,-1.846258e+01
1.675000e+01,-1.976028e+01,-1.954502e+01,-1.973410e+01,-1.934913e+01,-1.916486e+01,-1.974140e+01,-1.934810e+01,-1.843716e+01
1.725000e+01,-1.973309e+01,-1.953981e+01,-1.975642e+01,-1.937238e+01,-1.918782e+01,-1.974690e+01,-1.937440e+01,-1.842026e+01
1.775000e+01,-1.970136e+01,-1.953361e+01,-1.977671e+01,-1.939566e+01,-1.920545e+01,-1.975001e+01,-1.940242e+01,-1.840678e+01
1.825000e+01,-1.966721e+01,-1.952430e+01,-1.979503e+01,-1.942271e+01,-1.924159e+01,-1.975029e+01,-1.943237e+01,-1.840054e+01
1.875000e+01,-1.963399e+01,-1.951330e+01,-1.980704e+01,-1.944234e+01,-1.927119e+01,-1.974837e+01,-1.945528e+01,-1.839203e+01
1.925000e+01,-1.959603e+01,-1.949688e+01,-1.981838e+01,-1.945851e+01,-1.929962e+01,-1.974160e+01,-1.947459e+01,-1.838341e+01
1.975000e+01,-1.955947e+01,-1.947996e+01,-1.982496e+01,-1.946932e+01,-1.932939e+01,-1.973285e+01,-1.948748e+01,-1.837104e+01
2.025000e+01,-1.951694e+01,-1.945817e+01,-1.983426e+01,-1.948366e+01,-1.935601e+01,-1.972177e+01,-1.950252e+01,-1.836678e+01
2.075000e+01,-1.947249e+01,-1.943527e+01,-1.984276e+01,-1.949252e+01,-1.938881e+01,-1.970939e+01,-1.951383e+01,-1.836340e+01
