Time,U,B,V,R,I,gs,rs,is
7.500000e-01,-1.704696e+01,-1.600426e+01,-1.578352e+01,-1.550575e+01,-1.505148e+01,-1.602163e+01,-1.542551e+01,-1.486257e+01
1.250000e+00,-1.739176e+01,-1.658121e+01,-1.641404e+01,-1.631015e+01,-1.588144e+01,-1.660545e+01,-1.621136e+01,-1.572605e+01
1.750000e+00,-1.692281e+01,-1.655937e+01,-1.657194e+01,-1.656034e+01,-1.638199e+01,-1.666142e+01,-1.643617e+01,-1.609845e+01
2.250000e+00,-1.557115e+01,-1.587623e+01,-1.651961e+01,-1.652813e+01,-1.659535e+01,-1.627536e+01,-1.638426e+01,-1.616777e+01
2.750000e+00,-1.416896e+01,-1.455098e+01,-1.610924e+01,-1.654292e+01,-1.675021e+01,-1.525038e+01,-1.635626e+01,-1.633532e+01
3.250000e+00,-1.325808e+01,-1.374252e+01,-1.545987e+01,-1.628105e+01,-1.675271e+01,-1.448742e+01,-1.599760e+01,-1.639159e+01
3.750000e+00,-1.304878e+01,-1.369825e+01,-1.549374e+01,-1.635395e+01,-1.691562e+01,-1.448872e+01,-1.603435e+01,-1.655112e+01
4.250000e+00,-1.353138e+01,-1.411971e+01,-1.598980e+01,-1.676977e+01,-1.724677e+01,-1.496494e+01,-1.647716e+01,-1.688110e+01
4.750000e+00,-1.403978e+01,-1.469180e+01,-1.659566e+01,-1.725140e+01,-1.761131e+01,-1.557028e+01,-1.700747e+01,-1.722470e+01
5.250000e+00,-1.459453e+01,-1.526057e+01,-1.713975e+01,-1.765682e+01,-1.789699e+01,-1.614193e+01,-1.746467e+01,-1.746176e+01
5.750000e+00,-1.510583e+01,-1.580029e+01,-1.757816e+01,-1.794376e+01,-1.813818e+01,-1.664606e+01,-1.778476e+01,-1.763580e+01
6.250000e+00,-1.557961e+01,-1.630809e+01,-1.795086e+01,-1.818271e+01,-1.833396e+01,-1.710106e+01,-1.805476e+01,-1.776420e+01
6.750000e+00,-1.594765e+01,-1.670498e+01,-1.822216e+01,-1.835615e+01,-1.848665e+01,-1.744956e+01,-1.824673e+01,-1.788215e+01
7.250000e+00,-1.626324e+01,-1.704512e+01,-1.843430e+01,-1.848889e+01,-1.861677e+01,-1.774240e+01,-1.839460e+01,-1.797367e+01
7.750000e+00,-1.649192e+01,-1.730620e+01,-1.860036e+01,-1.859910e+01,-1.872146e+01,-1.796965e+01,-1.851508e+01,-1.804780e+01
8.250000e+00,-1.669083e+01,-1.752239e+01,-1.873213e+01,-1.869109e+01,-1.882382e+01,-1.815849e+01,-1.861223e+01,-1.812937e+01
8.750000e+00,-1.684488e+01,-1.768633e+01,-1.884289e+01,-1.877216e+01,-1.890463e+01,-1.830345e+01,-1.869800e+01,-1.820584e+01
9.250000e+00,-1.695314e+01,-1.781316e+01,-1.893041e+01,-1.884730e+01,-1.898958e+01,-1.841669e+01,-1.877874e+01,-1.826493e+01
9.750000e+00,-1.705392e+01,-1.792328e+01,-1.901111e+01,-1.892122e+01,-1.906410e+01,-1.851966e+01,-1.885907e+01,-1.831706e+01
1.025000e+01,-1.711697e+01,-1.800844e+01,-1.908019e+01,-1.897931e+01,-1.913578e+01,-1.860312e+01,-1.892069e+01,-1.836510e+01
1.075000e+01,-1.714515e+01,-1.806632e+01,-1.914489e+01,-1.903648e+01,-1.920192e+01,-1.866756e+01,-1.898252e+01,-1.840948e+01
1.125000e+01,-1.715543e+01,-1.810239e+01,-1.920753e+01,-1.909582e+01,-1.926723e+01,-1.871716e+01,-1.904688e+01,-1.844363e+01
1.175000e+01,-1.714107e+01,-1.812637e+01,-1.926214e+01,-1.915216e+01,-1.933250e+01,-1.875659e+01,-1.910625e+01,-1.848767e+01
1.225000e+01,-1.710805e+01,-1.812955e+01,-1.931050e+01,-1.920242e+01,-1.939514e+01,-1.877984e+01,-1.916013e+01,-1.851785e+01
1.275000e+01,-1.707972e+01,-1.812710e+01,-1.935740e+01,-1.924531e+01,-1.945252e+01,-1.879869e+01,-1.920569e+01,-1.854985e+01
1.325000e+01,-1.704142e+01,-1.811886e+01,-1.940166e+01,-1.929174e+01,-1.950740e+01,-1.881121e+01,-1.925704e+01,-1.857228e+01
1.375000e+01,-1.698713e+01,-1.810228e+01,-1.943626e+01,-1.933249e+01,-1.956142e+01,-1.881621e+01,-1.930094e+01,-1.859486e+01
1.425000e+01,-1.692927e+01,-1.807670e+01,-1.947113e+01,-1.936814e+01,-1.960776e+01,-1.881807e+01,-1.933912e+01,-1.861799e+01
1.475000e+01,-1.686334e+01,-1.804101e+01,-1.950464e+01,-1.940356e+01,-1.965287e+01,-1.881179e+01,-1.937700e+01,-1.863701e+01
1.525000e+01,-1.678725e+01,-1.799704e+01,-1.953281e+01,-1.943741e+01,-1.969574e+01,-1.879639e+01,-1.941311e+01,-1.865323e+01
1.575000e+01,-1.670251e+01,-1.794223e+01,-1.955453e+01,-1.947267e+01,-1.973143e+01,-1.877062e+01,-1.944923e+01,-1.867095e+01
1.625000e+01,-1.660820e+01,-1.788489e+01,-1.956801e+01,-1.950342e+01,-1.976512e+01,-1.874164e+01,-1.948108e+01,-1.868879e+01
1.675000e+01,-1.651620e+01,-1.782415e+01,-1.957975e+01,-1.952944e+01,-1.979297e+01,-1.870987e+01,-1.950713e+01,-1.870470e+01
1.725000e+01,-1.643191e+01,-1.776347e+01,-1.958997e+01,-1.955131e+01,-1.981573e+01,-1.867838e+01,-1.952815e+01,-1.872294e+01
1.775000e+01,-1.633375e+01,-1.769562e+01,-1.959293e+01,-1.957209e+01,-1.983695e+01,-1.863733e+01,-1.954815e+01,-1.873758e+01
1.825000e+01,-1.622791e+01,-1.762599e+01,-1.959163e+01,-1.958778e+01,-1.985196e+01,-1.859455e+01,-1.956347e+01,-1.874631e+01
1.875000e+01,-1.612618e+01,-1.756045e+01,-1.958746e+01,-1.959820e+01,-1.986103e+01,-1.855391e+01,-1.957207e+01,-1.875420e+01
1.925000e+01,-1.601581e+01,-1.749347e+01,-1.957619e+01,-1.960635e+01,-1.986765e+01,-1.850728e+01,-1.957774e+01,-1.877103e+01
1.975000e+01,-1.591223e+01,-1.742833e+01,-1.956418e+01,-1.960983e+01,-1.987430e+01,-1.846381e+01,-1.957854e+01,-1.878532e+01
2.025000e+01,-1.582021e+01,-1.736608e+01,-1.955025e+01,-1.961177e+01,-1.987946e+01,-1.842138e+01,-1.957820e+01,-1.879165e+01
2.075000e+01,-1.572248e+01,-1.730949e+01,-1.953632e+01,-1.960725e+01,-1.987676e+01,-1.838435e+01,-1.957125e+01,-1.879310e+01
