0.000231481 day
# index velocity (km/s) density (g/cm^3) fraction_of_zone_that_is_56ni
1.000000e+00  2.000000e+02	 3.674983e+03  	1.000000e+00  	
2.000000e+00  4.000000e+02	 1.837491e+03  	1.000000e+00  	
3.000000e+00  6.000000e+02	 1.224994e+03  	1.000000e+00  	
4.000000e+00  8.000000e+02	 9.187457e+02  	1.000000e+00  	
5.000000e+00  1.000000e+03	 7.349966e+02  	1.000000e+00  	
6.000000e+00  1.200000e+03	 6.124972e+02  	1.000000e+00  	
7.000000e+00  1.400000e+03	 5.249976e+02  	1.000000e+00  	
8.000000e+00  1.600000e+03	 4.593729e+02  	9.995297e-01  	
9.000000e+00  1.800000e+03	 4.083314e+02  	9.976978e-01  	
1.000000e+01  2.000000e+03	 3.674983e+02  	9.955284e-01  	
1.100000e+01  2.200000e+03	 3.340894e+02  	9.929757e-01  	
1.200000e+01  2.400000e+03	 3.062486e+02  	9.899843e-01  	
1.300000e+01  2.600000e+03	 2.826910e+02  	9.864879e-01  	
1.400000e+01  2.800000e+03	 2.624988e+02  	9.824072e-01  	
1.500000e+01  3.000000e+03	 2.449989e+02  	9.776473e-01  	
1.600000e+01  3.200000e+03	 2.296864e+02  	9.720956e-01  	
1.700000e+01  3.400000e+03	 2.161755e+02  	9.656181e-01  	
1.800000e+01  3.600000e+03	 2.041657e+02  	9.580566e-01  	
1.900000e+01  3.800000e+03	 1.934202e+02  	9.492245e-01  	
2.000000e+01  4.000000e+03	 1.837491e+02  	9.389040e-01  	
2.100000e+01  4.200000e+03	 1.749992e+02  	9.268423e-01  	
2.200000e+01  4.400000e+03	 1.670447e+02  	9.127500e-01  	
2.300000e+01  4.600000e+03	 1.597819e+02  	8.963005e-01  	
2.400000e+01  4.800000e+03	 1.531243e+02  	8.771337e-01  	
2.500000e+01  5.000000e+03	 1.469993e+02  	8.548637e-01  	
2.600000e+01  5.200000e+03	 1.413455e+02  	8.290950e-01  	
2.700000e+01  5.400000e+03	 1.361105e+02  	7.994479e-01  	
2.800000e+01  5.600000e+03	 1.312494e+02  	7.655951e-01  	
2.900000e+01  5.800000e+03	 1.267236e+02  	7.273121e-01  	
3.000000e+01  6.000000e+03	 1.224994e+02  	6.845370e-01  	
3.100000e+01  6.200000e+03	 1.185478e+02  	6.374351e-01  	
3.200000e+01  6.400000e+03	 1.148432e+02  	5.864566e-01  	
3.300000e+01  6.600000e+03	 1.113631e+02  	5.323708e-01  	
3.400000e+01  6.800000e+03	 1.080877e+02  	4.762602e-01  	
3.500000e+01  7.000000e+03	 1.049995e+02  	4.194614e-01  	
3.600000e+01  7.200000e+03	 1.020829e+02  	3.634541e-01  	
3.700000e+01  7.400000e+03	 9.932386e+01  	3.097119e-01  	
3.800000e+01  7.600000e+03	 8.814657e+01  	2.637626e-01  	
3.900000e+01  7.800000e+03	 7.160731e+01  	2.281629e-01  	
4.000000e+01  8.000000e+03	 5.847824e+01  	2.004232e-01  	
4.100000e+01  8.200000e+03	 4.799581e+01  	1.786117e-01  	
4.200000e+01  8.400000e+03	 3.958037e+01  	1.612804e-01  	
4.300000e+01  8.600000e+03	 3.278888e+01  	1.473580e-01  	
4.400000e+01  8.800000e+03	 2.728053e+01  	1.360538e-01  	
4.500000e+01  9.000000e+03	 2.279156e+01  	1.267816e-01  	
4.600000e+01  9.200000e+03	 1.911664e+01  	1.191033e-01  	
4.700000e+01  9.400000e+03	 1.609501e+01  	1.126888e-01  	
4.800000e+01  9.600000e+03	 1.360017e+01  	1.072866e-01  	
4.900000e+01  9.800000e+03	 1.153202e+01  	1.027029e-01  	
5.000000e+01  1.000000e+04	 9.811020e+00  	9.878734e-02  	
5.100000e+01  1.020000e+04	 8.373611e+00  	9.542159e-02  	
5.200000e+01  1.040000e+04	 7.168816e+00  	9.251193e-02  	
5.300000e+01  1.060000e+04	 6.155555e+00  	8.998337e-02  	
5.400000e+01  1.080000e+04	 5.300589e+00  	8.777541e-02  	
5.500000e+01  1.100000e+04	 4.576913e+00  	8.583884e-02  	
5.600000e+01  1.120000e+04	 3.962507e+00  	8.413333e-02  	
5.700000e+01  1.140000e+04	 3.439342e+00  	8.262562e-02  	
5.800000e+01  1.160000e+04	 2.992611e+00  	8.128808e-02  	
5.900000e+01  1.180000e+04	 2.610106e+00  	8.009761e-02  	
6.000000e+01  1.200000e+04	 2.281730e+00  	7.903480e-02  	
6.100000e+01  1.220000e+04	 1.999105e+00  	7.808326e-02  	
6.200000e+01  1.240000e+04	 1.755257e+00  	7.722905e-02  	
6.300000e+01  1.260000e+04	 1.544365e+00  	7.646030e-02  	
6.400000e+01  1.280000e+04	 1.361553e+00  	7.576681e-02  	
6.500000e+01  1.300000e+04	 1.202728e+00  	7.513982e-02  	
6.600000e+01  1.320000e+04	 1.064444e+00  	7.457175e-02  	
6.700000e+01  1.340000e+04	 9.437909e-01  	7.405605e-02  	
6.800000e+01  1.360000e+04	 8.383066e-01  	7.358699e-02  	
6.900000e+01  1.380000e+04	 7.459015e-01  	7.315959e-02  	
7.000000e+01  1.400000e+04	 6.647983e-01  	7.276947e-02  	
7.100000e+01  1.420000e+04	 5.934818e-01  	7.241281e-02  	
7.200000e+01  1.440000e+04	 5.306574e-01  	7.208622e-02  	
7.300000e+01  1.460000e+04	 4.752163e-01  	7.178671e-02  	
7.400000e+01  1.480000e+04	 4.262069e-01  	7.151166e-02  	
7.500000e+01  1.500000e+04	 3.828107e-01  	7.125870e-02  	
7.600000e+01  1.520000e+04	 3.443226e-01  	7.102577e-02  	
7.700000e+01  1.540000e+04	 3.101333e-01  	7.081100e-02  	
7.800000e+01  1.560000e+04	 2.797160e-01  	7.061273e-02  	
7.900000e+01  1.580000e+04	 2.526140e-01  	7.042949e-02  	
8.000000e+01  1.600000e+04	 2.284306e-01  	7.025993e-02  	
8.100000e+01  1.620000e+04	 2.068207e-01  	7.010286e-02  	
8.200000e+01  1.640000e+04	 1.874836e-01  	6.995721e-02  	
8.300000e+01  1.660000e+04	 1.701569e-01  	6.982201e-02  	
8.400000e+01  1.680000e+04	 1.546108e-01  	6.969638e-02  	
8.500000e+01  1.700000e+04	 1.406445e-01  	6.957954e-02  	
8.600000e+01  1.720000e+04	 1.280816e-01  	6.947077e-02  	
8.700000e+01  1.740000e+04	 1.167670e-01  	6.936941e-02  	
8.800000e+01  1.760000e+04	 1.065646e-01  	6.927488e-02  	
8.900000e+01  1.780000e+04	 9.735408e-02  	6.918665e-02  	
9.000000e+01  1.800000e+04	 8.902954e-02  	6.910422e-02  	
9.100000e+01  1.820000e+04	 8.149727e-02  	6.902715e-02  	
9.200000e+01  1.840000e+04	 7.467437e-02  	6.895503e-02  	
9.300000e+01  1.860000e+04	 6.848739e-02  	6.888750e-02  	
9.400000e+01  1.880000e+04	 6.287115e-02  	6.882422e-02  	
9.500000e+01  1.900000e+04	 5.776774e-02  	6.876487e-02  	
9.600000e+01  1.920000e+04	 5.312566e-02  	6.870918e-02  	
9.700000e+01  1.940000e+04	 4.889904e-02  	6.865687e-02  	
9.800000e+01  1.960000e+04	 4.504697e-02  	6.860772e-02  	
9.900000e+01  1.980000e+04	 4.153294e-02  	6.856149e-02  	
1.000000e+02  2.000000e+04	 3.832430e-02  	6.851799e-02  	
1.010000e+02  2.020000e+04	 3.539185e-02  	6.847703e-02  	
1.020000e+02  2.040000e+04	 3.270942e-02  	6.843844e-02  	
1.030000e+02  2.060000e+04	 3.025355e-02  	6.840206e-02  	
1.040000e+02  2.080000e+04	 2.800319e-02  	6.836774e-02  	
1.050000e+02  2.100000e+04	 2.593939e-02  	6.833535e-02  	
1.060000e+02  2.120000e+04	 2.404514e-02  	6.830476e-02  	
1.070000e+02  2.140000e+04	 2.230509e-02  	6.827585e-02  	
1.080000e+02  2.160000e+04	 2.070543e-02  	6.824853e-02  	
1.090000e+02  2.180000e+04	 1.923367e-02  	6.822267e-02  	
1.100000e+02  2.200000e+04	 1.787857e-02  	6.819821e-02  	
1.110000e+02  2.220000e+04	 1.662993e-02  	6.817504e-02  	
1.120000e+02  2.240000e+04	 1.547854e-02  	6.815309e-02  	
1.130000e+02  2.260000e+04	 1.441606e-02  	6.813229e-02  	
1.140000e+02  2.280000e+04	 1.343493e-02  	6.811256e-02  	
1.150000e+02  2.300000e+04	 1.252828e-02  	6.809384e-02  	
1.160000e+02  2.320000e+04	 1.168989e-02  	6.807607e-02  	
1.170000e+02  2.340000e+04	 1.091408e-02  	6.805920e-02  	
1.180000e+02  2.360000e+04	 1.019573e-02  	6.804317e-02  	
1.190000e+02  2.380000e+04	 9.530123e-03  	6.802793e-02  	
1.200000e+02  2.400000e+04	 8.913007e-03  	6.801344e-02  	
1.210000e+02  2.420000e+04	 8.340484e-03  	6.799965e-02  	
1.220000e+02  2.440000e+04	 7.809002e-03  	6.798654e-02  	
1.230000e+02  2.460000e+04	 7.315320e-03  	6.797405e-02  	
1.240000e+02  2.480000e+04	 6.856472e-03  	6.796215e-02  	
1.250000e+02  2.500000e+04	 6.429750e-03  	6.795082e-02  	
1.260000e+02  2.520000e+04	 6.032674e-03  	6.794001e-02  	
1.270000e+02  2.540000e+04	 5.662972e-03  	6.792971e-02  	
1.280000e+02  2.560000e+04	 5.318565e-03  	6.791988e-02  	
1.290000e+02  2.580000e+04	 4.997543e-03  	6.791050e-02  	
1.300000e+02  2.600000e+04	 4.698156e-03  	6.790154e-02  	
1.310000e+02  2.620000e+04	 4.418795e-03  	6.789299e-02  	
1.320000e+02  2.640000e+04	 4.157983e-03  	6.788482e-02  	
1.330000e+02  2.660000e+04	 3.914363e-03  	6.787701e-02  	
1.340000e+02  2.680000e+04	 3.686683e-03  	6.786955e-02  	
1.350000e+02  2.700000e+04	 3.473794e-03  	6.786241e-02  	
1.360000e+02  2.720000e+04	 3.274635e-03  	6.785558e-02  	
1.370000e+02  2.740000e+04	 3.088230e-03  	6.784904e-02  	
1.380000e+02  2.760000e+04	 2.913678e-03  	6.784279e-02  	
1.390000e+02  2.780000e+04	 2.750146e-03  	6.783680e-02  	
1.400000e+02  2.800000e+04	 2.596868e-03  	6.783106e-02  	
1.410000e+02  2.820000e+04	 2.453134e-03  	6.782556e-02  	
1.420000e+02  2.840000e+04	 2.318288e-03  	6.782029e-02  	
1.430000e+02  2.860000e+04	 2.191724e-03  	6.781524e-02  	
1.440000e+02  2.880000e+04	 2.072881e-03  	6.781039e-02  	
1.450000e+02  2.900000e+04	 1.961238e-03  	6.780574e-02  	
1.460000e+02  2.920000e+04	 1.856314e-03  	6.780128e-02  	
1.470000e+02  2.940000e+04	 1.757663e-03  	6.779700e-02  	
1.480000e+02  2.960000e+04	 1.664871e-03  	6.779289e-02  	
1.490000e+02  2.980000e+04	 1.577553e-03  	6.778894e-02  	
1.500000e+02  3.000000e+04	 1.495354e-03  	6.778515e-02  	