0.000231481 day
# index velocity (km/s) density (g/cm^3) fraction_of_zone_that_is_56ni 
1.000000e+00  2.000000e+02	 1.273610e+02  	9.636812e-01  	
2.000000e+00  4.000000e+02	 1.273610e+02  	9.636523e-01  	
3.000000e+00  6.000000e+02	 1.273610e+02  	9.635738e-01  	
4.000000e+00  8.000000e+02	 1.273610e+02  	9.634208e-01  	
5.000000e+00  1.000000e+03	 1.273610e+02  	9.631679e-01  	
6.000000e+00  1.200000e+03	 1.273610e+02  	9.627894e-01  	
7.000000e+00  1.400000e+03	 1.273610e+02  	9.622588e-01  	
8.000000e+00  1.600000e+03	 1.273610e+02  	9.615481e-01  	
9.000000e+00  1.800000e+03	 1.273610e+02  	9.606281e-01  	
1.000000e+01  2.000000e+03	 1.273610e+02  	9.594671e-01  	
1.100000e+01  2.200000e+03	 1.273610e+02  	9.580308e-01  	
1.200000e+01  2.400000e+03	 1.273610e+02  	9.562813e-01  	
1.300000e+01  2.600000e+03	 1.273610e+02  	9.541764e-01  	
1.400000e+01  2.800000e+03	 1.273610e+02  	9.516685e-01  	
1.500000e+01  3.000000e+03	 1.273610e+02  	9.487034e-01  	
1.600000e+01  3.200000e+03	 1.273610e+02  	9.452191e-01  	
1.700000e+01  3.400000e+03	 1.273610e+02  	9.411439e-01  	
1.800000e+01  3.600000e+03	 1.273610e+02  	9.363951e-01  	
1.900000e+01  3.800000e+03	 1.273610e+02  	9.308761e-01  	
2.000000e+01  4.000000e+03	 1.273610e+02  	9.244749e-01  	
2.100000e+01  4.200000e+03	 1.273610e+02  	9.170603e-01  	
2.200000e+01  4.400000e+03	 1.273610e+02  	9.084801e-01  	
2.300000e+01  4.600000e+03	 1.273610e+02  	8.985569e-01  	
2.400000e+01  4.800000e+03	 1.273610e+02  	8.870856e-01  	
2.500000e+01  5.000000e+03	 1.273610e+02  	8.738304e-01  	
2.600000e+01  5.200000e+03	 1.273610e+02  	8.585228e-01  	
2.700000e+01  5.400000e+03	 1.273610e+02  	8.408610e-01  	
2.800000e+01  5.600000e+03	 1.273610e+02  	8.205132e-01  	
2.900000e+01  5.800000e+03	 1.273610e+02  	7.971241e-01  	
3.000000e+01  6.000000e+03	 1.273610e+02  	7.703286e-01  	
3.100000e+01  6.200000e+03	 1.273610e+02  	7.397753e-01  	
3.200000e+01  6.400000e+03	 1.273610e+02  	7.051610e-01  	
3.300000e+01  6.600000e+03	 1.273610e+02  	6.662783e-01  	
3.400000e+01  6.800000e+03	 1.273610e+02  	6.230769e-01  	
3.500000e+01  7.000000e+03	 1.273610e+02  	5.757313e-01  	
3.600000e+01  7.200000e+03	 1.273610e+02  	5.247068e-01  	
3.700000e+01  7.400000e+03	 1.273610e+02  	4.708047e-01  	
3.800000e+01  7.600000e+03	 1.145560e+02  	4.206674e-01  	
3.900000e+01  7.800000e+03	 9.306143e+01  	3.792260e-01  	
4.000000e+01  8.000000e+03	 7.599879e+01  	3.450915e-01  	
4.100000e+01  8.200000e+03	 6.237574e+01  	3.169520e-01  	
4.200000e+01  8.400000e+03	 5.143897e+01  	2.936743e-01  	
4.300000e+01  8.600000e+03	 4.261269e+01  	2.743232e-01  	
4.400000e+01  8.800000e+03	 3.545399e+01  	2.581444e-01  	
4.500000e+01  9.000000e+03	 2.962010e+01  	2.445364e-01  	
4.600000e+01  9.200000e+03	 2.484414e+01  	2.330218e-01  	
4.700000e+01  9.400000e+03	 2.091721e+01  	2.232211e-01  	
4.800000e+01  9.600000e+03	 1.767489e+01  	2.148322e-01  	
4.900000e+01  9.800000e+03	 1.498711e+01  	2.076134e-01  	
5.000000e+01  1.000000e+04	 1.275048e+01  	2.013701e-01  	
5.100000e+01  1.020000e+04	 1.088241e+01  	1.959451e-01  	
5.200000e+01  1.040000e+04	 9.316651e+00  	1.912103e-01  	
5.300000e+01  1.060000e+04	 7.999809e+00  	1.870609e-01  	
5.400000e+01  1.080000e+04	 6.888688e+00  	1.834104e-01  	
5.500000e+01  1.100000e+04	 5.948193e+00  	1.801874e-01  	
5.600000e+01  1.120000e+04	 5.149705e+00  	1.773320e-01  	
5.700000e+01  1.140000e+04	 4.469796e+00  	1.747945e-01  	
5.800000e+01  1.160000e+04	 3.889221e+00  	1.725327e-01  	
5.900000e+01  1.180000e+04	 3.392114e+00  	1.705110e-01  	
6.000000e+01  1.200000e+04	 2.965354e+00  	1.686992e-01  	
6.100000e+01  1.220000e+04	 2.598052e+00  	1.670715e-01  	
6.200000e+01  1.240000e+04	 2.281146e+00  	1.656058e-01  	
6.300000e+01  1.260000e+04	 2.007068e+00  	1.642830e-01  	
6.400000e+01  1.280000e+04	 1.769485e+00  	1.630866e-01  	
6.500000e+01  1.300000e+04	 1.563075e+00  	1.620024e-01  	
6.600000e+01  1.320000e+04	 1.383360e+00  	1.610181e-01  	
6.700000e+01  1.340000e+04	 1.226558e+00  	1.601228e-01  	
6.800000e+01  1.360000e+04	 1.089470e+00  	1.593070e-01  	
6.900000e+01  1.380000e+04	 9.693796e-01  	1.585625e-01  	
7.000000e+01  1.400000e+04	 8.639772e-01  	1.578819e-01  	
7.100000e+01  1.420000e+04	 7.712937e-01  	1.572589e-01  	
7.200000e+01  1.440000e+04	 6.896466e-01  	1.566877e-01  	
7.300000e+01  1.460000e+04	 6.175949e-01  	1.561632e-01  	
7.400000e+01  1.480000e+04	 5.539019e-01  	1.556811e-01  	
7.500000e+01  1.500000e+04	 4.975039e-01  	1.552373e-01  	
7.600000e+01  1.520000e+04	 4.474843e-01  	1.548283e-01  	
7.700000e+01  1.540000e+04	 4.030517e-01  	1.544508e-01  	
7.800000e+01  1.560000e+04	 3.635212e-01  	1.541021e-01  	
7.900000e+01  1.580000e+04	 3.282992e-01  	1.537795e-01  	
8.000000e+01  1.600000e+04	 2.968703e-01  	1.534809e-01  	
8.100000e+01  1.620000e+04	 2.687859e-01  	1.532041e-01  	
8.200000e+01  1.640000e+04	 2.436552e-01  	1.529473e-01  	
8.300000e+01  1.660000e+04	 2.211372e-01  	1.527088e-01  	
8.400000e+01  1.680000e+04	 2.009335e-01  	1.524871e-01  	
8.500000e+01  1.700000e+04	 1.827827e-01  	1.522807e-01  	
8.600000e+01  1.720000e+04	 1.664558e-01  	1.520886e-01  	
8.700000e+01  1.740000e+04	 1.517513e-01  	1.519095e-01  	
8.800000e+01  1.760000e+04	 1.384922e-01  	1.517424e-01  	
8.900000e+01  1.780000e+04	 1.265221e-01  	1.515863e-01  	
9.000000e+01  1.800000e+04	 1.157035e-01  	1.514405e-01  	
9.100000e+01  1.820000e+04	 1.059145e-01  	1.513041e-01  	
9.200000e+01  1.840000e+04	 9.704741e-02  	1.511765e-01  	
9.300000e+01  1.860000e+04	 8.900676e-02  	1.510569e-01  	
9.400000e+01  1.880000e+04	 8.170784e-02  	1.509448e-01  	
9.500000e+01  1.900000e+04	 7.507541e-02  	1.508397e-01  	
9.600000e+01  1.920000e+04	 6.904253e-02  	1.507410e-01  	
9.700000e+01  1.940000e+04	 6.354958e-02  	1.506483e-01  	
9.800000e+01  1.960000e+04	 5.854340e-02  	1.505612e-01  	
9.900000e+01  1.980000e+04	 5.397654e-02  	1.504793e-01  	
1.000000e+02  2.000000e+04	 4.980656e-02  	1.504022e-01  	
1.010000e+02  2.020000e+04	 4.599553e-02  	1.503295e-01  	
1.020000e+02  2.040000e+04	 4.250942e-02  	1.502611e-01  	
1.030000e+02  2.060000e+04	 3.931776e-02  	1.501965e-01  	
1.040000e+02  2.080000e+04	 3.639317e-02  	1.501357e-01  	
1.050000e+02  2.100000e+04	 3.371104e-02  	1.500782e-01  	
1.060000e+02  2.120000e+04	 3.124925e-02  	1.500239e-01  	
1.070000e+02  2.140000e+04	 2.898787e-02  	1.499726e-01  	
1.080000e+02  2.160000e+04	 2.690894e-02  	1.499241e-01  	
1.090000e+02  2.180000e+04	 2.499623e-02  	1.498782e-01  	
1.100000e+02  2.200000e+04	 2.323513e-02  	1.498348e-01  	
1.110000e+02  2.220000e+04	 2.161239e-02  	1.497937e-01  	
1.120000e+02  2.240000e+04	 2.011604e-02  	1.497547e-01  	
1.130000e+02  2.260000e+04	 1.873523e-02  	1.497177e-01  	
1.140000e+02  2.280000e+04	 1.746014e-02  	1.496827e-01  	
1.150000e+02  2.300000e+04	 1.628185e-02  	1.496495e-01  	
1.160000e+02  2.320000e+04	 1.519227e-02  	1.496179e-01  	
1.170000e+02  2.340000e+04	 1.418403e-02  	1.495879e-01  	
1.180000e+02  2.360000e+04	 1.325045e-02  	1.495595e-01  	
1.190000e+02  2.380000e+04	 1.238542e-02  	1.495324e-01  	
1.200000e+02  2.400000e+04	 1.158341e-02  	1.495067e-01  	
1.210000e+02  2.420000e+04	 1.083936e-02  	1.494822e-01  	
1.220000e+02  2.440000e+04	 1.014864e-02  	1.494589e-01  	
1.230000e+02  2.460000e+04	 9.507048e-03  	1.494367e-01  	
1.240000e+02  2.480000e+04	 8.910726e-03  	1.494155e-01  	
1.250000e+02  2.500000e+04	 8.356155e-03  	1.493954e-01  	
1.260000e+02  2.520000e+04	 7.840111e-03  	1.493762e-01  	
1.270000e+02  2.540000e+04	 7.359644e-03  	1.493579e-01  	
1.280000e+02  2.560000e+04	 6.912049e-03  	1.493404e-01  	
1.290000e+02  2.580000e+04	 6.494847e-03  	1.493237e-01  	
1.300000e+02  2.600000e+04	 6.105760e-03  	1.493078e-01  	
1.310000e+02  2.620000e+04	 5.742701e-03  	1.492926e-01  	
1.320000e+02  2.640000e+04	 5.403749e-03  	1.492781e-01  	
1.330000e+02  2.660000e+04	 5.087137e-03  	1.492642e-01  	
1.340000e+02  2.680000e+04	 4.791243e-03  	1.492510e-01  	
1.350000e+02  2.700000e+04	 4.514570e-03  	1.492383e-01  	
1.360000e+02  2.720000e+04	 4.255742e-03  	1.492261e-01  	
1.370000e+02  2.740000e+04	 4.013489e-03  	1.492145e-01  	
1.380000e+02  2.760000e+04	 3.786639e-03  	1.492034e-01  	
1.390000e+02  2.780000e+04	 3.574112e-03  	1.491927e-01  	
1.400000e+02  2.800000e+04	 3.374911e-03  	1.491825e-01  	
1.410000e+02  2.820000e+04	 3.188113e-03  	1.491728e-01  	
1.420000e+02  2.840000e+04	 3.012866e-03  	1.491634e-01  	
1.430000e+02  2.860000e+04	 2.848382e-03  	1.491544e-01  	
1.440000e+02  2.880000e+04	 2.693932e-03  	1.491458e-01  	
1.450000e+02  2.900000e+04	 2.548840e-03  	1.491375e-01  	
1.460000e+02  2.920000e+04	 2.412480e-03  	1.491296e-01  	
1.470000e+02  2.940000e+04	 2.284272e-03  	1.491220e-01  	
1.480000e+02  2.960000e+04	 2.163679e-03  	1.491147e-01  	
1.490000e+02  2.980000e+04	 2.050201e-03  	1.491077e-01  	
1.500000e+02  3.000000e+04	 1.943375e-03  	1.491009e-01  	