0.000231481 day
# index velocity (km/s) density (g/cm^3) fraction_of_zone_that_is_56ni 
1.000000e+00  2.000000e+02	 1.492192e+03  	1.000000e+00  	
2.000000e+00  4.000000e+02	 7.460961e+02  	1.000000e+00  	
3.000000e+00  6.000000e+02	 4.973974e+02  	9.998657e-01  	
4.000000e+00  8.000000e+02	 3.730480e+02  	9.994848e-01  	
5.000000e+00  1.000000e+03	 2.984384e+02  	9.989723e-01  	
6.000000e+00  1.200000e+03	 2.486987e+02  	9.983188e-01  	
7.000000e+00  1.400000e+03	 2.131703e+02  	9.975125e-01  	
8.000000e+00  1.600000e+03	 1.865240e+02  	9.965389e-01  	
9.000000e+00  1.800000e+03	 1.657991e+02  	9.953802e-01  	
1.000000e+01  2.000000e+03	 1.492192e+02  	9.940150e-01  	
1.100000e+01  2.200000e+03	 1.356538e+02  	9.924172e-01  	
1.200000e+01  2.400000e+03	 1.243493e+02  	9.905558e-01  	
1.300000e+01  2.600000e+03	 1.147840e+02  	9.883936e-01  	
1.400000e+01  2.800000e+03	 1.065852e+02  	9.858866e-01  	
1.500000e+01  3.000000e+03	 9.947947e+01  	9.829819e-01  	
1.600000e+01  3.200000e+03	 9.326201e+01  	9.796170e-01  	
1.700000e+01  3.400000e+03	 8.777601e+01  	9.757176e-01  	
1.800000e+01  3.600000e+03	 8.289956e+01  	9.711955e-01  	
1.900000e+01  3.800000e+03	 7.853643e+01  	9.659463e-01  	
2.000000e+01  4.000000e+03	 7.460961e+01  	9.598466e-01  	
2.100000e+01  4.200000e+03	 7.105677e+01  	9.527511e-01  	
2.200000e+01  4.400000e+03	 6.782691e+01  	9.444892e-01  	
2.300000e+01  4.600000e+03	 6.487792e+01  	9.348622e-01  	
2.400000e+01  4.800000e+03	 6.217467e+01  	9.236400e-01  	
2.500000e+01  5.000000e+03	 5.968768e+01  	9.105593e-01  	
2.600000e+01  5.200000e+03	 5.739200e+01  	8.953230e-01  	
2.700000e+01  5.400000e+03	 5.526637e+01  	8.776024e-01  	
2.800000e+01  5.600000e+03	 5.329258e+01  	8.570436e-01  	
2.900000e+01  5.800000e+03	 5.145490e+01  	8.332794e-01  	
3.000000e+01  6.000000e+03	 4.973974e+01  	8.059494e-01  	
3.100000e+01  6.200000e+03	 4.813523e+01  	7.747299e-01  	
3.200000e+01  6.400000e+03	 4.663100e+01  	7.393743e-01  	
3.300000e+01  6.600000e+03	 4.521794e+01  	6.997635e-01  	
3.400000e+01  6.800000e+03	 4.388800e+01  	6.559619e-01  	
3.500000e+01  7.000000e+03	 4.263406e+01  	6.082714e-01  	
3.600000e+01  7.200000e+03	 4.144978e+01  	5.572714e-01  	
3.700000e+01  7.400000e+03	 4.032952e+01  	5.038292e-01  	
3.800000e+01  7.600000e+03	 3.926821e+01  	4.490701e-01  	
3.900000e+01  7.800000e+03	 3.826134e+01  	3.943006e-01  	
4.000000e+01  8.000000e+03	 3.730480e+01  	3.408921e-01  	
4.100000e+01  8.200000e+03	 3.639493e+01  	2.901448e-01  	
4.200000e+01  8.400000e+03	 3.552838e+01  	2.431595e-01  	
4.300000e+01  8.600000e+03	 3.470214e+01  	2.007428e-01  	
4.400000e+01  8.800000e+03	 3.391346e+01  	1.633634e-01  	
4.500000e+01  9.000000e+03	 3.315982e+01  	1.311586e-01  	
4.600000e+01  9.200000e+03	 3.243896e+01  	1.039837e-01  	
4.700000e+01  9.400000e+03	 3.174877e+01  	8.148317e-02  	
4.800000e+01  9.600000e+03	 3.108734e+01  	6.316818e-02  	
4.900000e+01  9.800000e+03	 3.045290e+01  	4.848652e-02  	
5.000000e+01  1.000000e+04	 2.984384e+01  	3.687747e-02  	
5.100000e+01  1.020000e+04	 2.925867e+01  	2.781001e-02  	
5.200000e+01  1.040000e+04	 2.869600e+01  	2.080560e-02  	
5.300000e+01  1.060000e+04	 2.815457e+01  	1.544888e-02  	
5.400000e+01  1.080000e+04	 2.763319e+01  	1.138974e-02  	
5.500000e+01  1.100000e+04	 2.713077e+01  	8.339896e-03  	
5.600000e+01  1.120000e+04	 2.664629e+01  	6.066544e-03  	
5.700000e+01  1.140000e+04	 2.617881e+01  	4.384672e-03  	
5.800000e+01  1.160000e+04	 2.572745e+01  	3.149278e-03  	
5.900000e+01  1.180000e+04	 2.529139e+01  	2.248080e-03  	
6.000000e+01  1.200000e+04	 2.486987e+01  	1.595056e-03  	
6.100000e+01  1.220000e+04	 2.446217e+01  	1.124947e-03  	
6.200000e+01  1.240000e+04	 2.406761e+01  	7.886800e-04  	
6.300000e+01  1.260000e+04	 2.169793e+01  	5.665756e-04  	
6.400000e+01  1.280000e+04	 1.796161e+01  	4.270640e-04  	
6.500000e+01  1.300000e+04	 1.491230e+01  	3.352143e-04  	
6.600000e+01  1.320000e+04	 1.241589e+01  	2.722797e-04  	
6.700000e+01  1.340000e+04	 1.036591e+01  	2.276643e-04  	
6.800000e+01  1.360000e+04	 8.677567e+00  	1.951008e-04  	
6.900000e+01  1.380000e+04	 7.283093e+00  	1.707320e-04  	
7.000000e+01  1.400000e+04	 6.128137e+00  	1.520984e-04  	
7.100000e+01  1.420000e+04	 5.168979e+00  	1.375823e-04  	
7.200000e+01  1.440000e+04	 4.370337e+00  	1.260892e-04  	
7.300000e+01  1.460000e+04	 3.703656e+00  	1.168606e-04  	
7.400000e+01  1.480000e+04	 3.145751e+00  	1.093583e-04  	
7.500000e+01  1.500000e+04	 2.677748e+00  	1.031930e-04  	
7.600000e+01  1.520000e+04	 2.284240e+00  	9.807788e-05  	
7.700000e+01  1.540000e+04	 1.952613e+00  	9.379810e-05  	
7.800000e+01  1.560000e+04	 1.672514e+00  	9.019030e-05  	
7.900000e+01  1.580000e+04	 1.435423e+00  	8.712857e-05  	
8.000000e+01  1.600000e+04	 1.234312e+00  	8.451466e-05  	
8.100000e+01  1.620000e+04	 1.063371e+00  	8.227105e-05  	
8.200000e+01  1.640000e+04	 9.177802e-01  	8.033592e-05  	
8.300000e+01  1.660000e+04	 7.935382e-01  	7.865949e-05  	
8.400000e+01  1.680000e+04	 6.873113e-01  	7.720138e-05  	
8.500000e+01  1.700000e+04	 5.963179e-01  	7.592852e-05  	
8.600000e+01  1.720000e+04	 5.182311e-01  	7.481365e-05  	
8.700000e+01  1.740000e+04	 4.511011e-01  	7.383416e-05  	
8.800000e+01  1.760000e+04	 3.932900e-01  	7.297117e-05  	
8.900000e+01  1.780000e+04	 3.434194e-01  	7.220881e-05  	
9.000000e+01  1.800000e+04	 3.003273e-01  	7.153372e-05  	
9.100000e+01  1.820000e+04	 2.630318e-01  	7.093453e-05  	
9.200000e+01  1.840000e+04	 2.307018e-01  	7.040158e-05  	
9.300000e+01  1.860000e+04	 2.026327e-01  	6.992660e-05  	
9.400000e+01  1.880000e+04	 1.782258e-01  	6.950248e-05  	
9.500000e+01  1.900000e+04	 1.569718e-01  	6.912310e-05  	
9.600000e+01  1.920000e+04	 1.384363e-01  	6.878318e-05  	
9.700000e+01  1.940000e+04	 1.222487e-01  	6.847811e-05  	
9.800000e+01  1.960000e+04	 1.080916e-01  	6.820392e-05  	
9.900000e+01  1.980000e+04	 9.569353e-02  	6.795712e-05  	
1.000000e+02  2.000000e+04	 8.482130e-02  	6.773466e-05  	
1.010000e+02  2.020000e+04	 7.527460e-02  	6.753388e-05  	
1.020000e+02  2.040000e+04	 6.688102e-02  	6.735243e-05  	
1.030000e+02  2.060000e+04	 5.949195e-02  	6.718826e-05  	
1.040000e+02  2.080000e+04	 5.297913e-02  	6.703954e-05  	
1.050000e+02  2.100000e+04	 4.723167e-02  	6.690467e-05  	
1.060000e+02  2.120000e+04	 4.215359e-02  	6.678221e-05  	
1.070000e+02  2.140000e+04	 3.766167e-02  	6.667092e-05  	
1.080000e+02  2.160000e+04	 3.368371e-02  	6.656966e-05  	
1.090000e+02  2.180000e+04	 3.015692e-02  	6.647745e-05  	
1.100000e+02  2.200000e+04	 2.702668e-02  	6.639339e-05  	
1.110000e+02  2.220000e+04	 2.424539e-02  	6.631669e-05  	
1.120000e+02  2.240000e+04	 2.177152e-02  	6.624664e-05  	
1.130000e+02  2.260000e+04	 1.956877e-02  	6.618261e-05  	
1.140000e+02  2.280000e+04	 1.760543e-02  	6.612403e-05  	
1.150000e+02  2.300000e+04	 1.585371e-02  	6.607038e-05  	
1.160000e+02  2.320000e+04	 1.428924e-02  	6.602123e-05  	
1.170000e+02  2.340000e+04	 1.289064e-02  	6.597614e-05  	
1.180000e+02  2.360000e+04	 1.163914e-02  	6.593476e-05  	
1.190000e+02  2.380000e+04	 1.051820e-02  	6.589675e-05  	
1.200000e+02  2.400000e+04	 9.513273e-03  	6.586180e-05  	
1.210000e+02  2.420000e+04	 8.611533e-03  	6.582965e-05  	
1.220000e+02  2.440000e+04	 7.801659e-03  	6.580006e-05  	
1.230000e+02  2.460000e+04	 7.073650e-03  	6.577279e-05  	
1.240000e+02  2.480000e+04	 6.418665e-03  	6.574765e-05  	
1.250000e+02  2.500000e+04	 5.828875e-03  	6.572446e-05  	
1.260000e+02  2.520000e+04	 5.297347e-03  	6.570305e-05  	
1.270000e+02  2.540000e+04	 4.817928e-03  	6.568328e-05  	
1.280000e+02  2.560000e+04	 4.385158e-03  	6.566500e-05  	
1.290000e+02  2.580000e+04	 3.994187e-03  	6.564809e-05  	
1.300000e+02  2.600000e+04	 3.640698e-03  	6.563244e-05  	
1.310000e+02  2.620000e+04	 3.320851e-03  	6.561795e-05  	
1.320000e+02  2.640000e+04	 3.031222e-03  	6.560452e-05  	
1.330000e+02  2.660000e+04	 2.768760e-03  	6.559207e-05  	
1.340000e+02  2.680000e+04	 2.530739e-03  	6.558052e-05  	
1.350000e+02  2.700000e+04	 2.314727e-03  	6.556980e-05  	
1.360000e+02  2.720000e+04	 2.118547e-03  	6.555984e-05  	
1.370000e+02  2.740000e+04	 1.940252e-03  	6.555059e-05  	
1.380000e+02  2.760000e+04	 1.778099e-03  	6.554199e-05  	
1.390000e+02  2.780000e+04	 1.630524e-03  	6.553398e-05  	
1.400000e+02  2.800000e+04	 1.496127e-03  	6.552653e-05  	
1.410000e+02  2.820000e+04	 1.373648e-03  	6.551960e-05  	
1.420000e+02  2.840000e+04	 1.261958e-03  	6.551313e-05  	
1.430000e+02  2.860000e+04	 1.160039e-03  	6.550711e-05  	
1.440000e+02  2.880000e+04	 1.066977e-03  	6.550149e-05  	
1.450000e+02  2.900000e+04	 9.819489e-04  	6.549624e-05  	
1.460000e+02  2.920000e+04	 9.042128e-04  	6.549135e-05  	
1.470000e+02  2.940000e+04	 8.330996e-04  	6.548678e-05  	
1.480000e+02  2.960000e+04	 7.680055e-04  	6.548250e-05  	
1.490000e+02  2.980000e+04	 7.083856e-04  	6.547851e-05  	
1.500000e+02  3.000000e+04	 6.537472e-04  	6.547477e-05  	