0.000231481 day
# index velocity (km/s) density (g/cm^3) fraction_of_zone_that_is_56ni 
1.000000e+00  2.000000e+02	 1.532425e+02  	9.589644e-01  	
2.000000e+00  4.000000e+02	 1.532425e+02  	9.589242e-01  	
3.000000e+00  6.000000e+02	 1.532425e+02  	9.588148e-01  	
4.000000e+00  8.000000e+02	 1.532425e+02  	9.586013e-01  	
5.000000e+00  1.000000e+03	 1.532425e+02  	9.582479e-01  	
6.000000e+00  1.200000e+03	 1.532425e+02  	9.577175e-01  	
7.000000e+00  1.400000e+03	 1.532425e+02  	9.569709e-01  	
8.000000e+00  1.600000e+03	 1.532425e+02  	9.559657e-01  	
9.000000e+00  1.800000e+03	 1.532425e+02  	9.546551e-01  	
1.000000e+01  2.000000e+03	 1.532425e+02  	9.529867e-01  	
1.100000e+01  2.200000e+03	 1.532425e+02  	9.509002e-01  	
1.200000e+01  2.400000e+03	 1.532425e+02  	9.483254e-01  	
1.300000e+01  2.600000e+03	 1.532425e+02  	9.451798e-01  	
1.400000e+01  2.800000e+03	 1.532425e+02  	9.413645e-01  	
1.500000e+01  3.000000e+03	 1.532425e+02  	9.367609e-01  	
1.600000e+01  3.200000e+03	 1.532425e+02  	9.312250e-01  	
1.700000e+01  3.400000e+03	 1.532425e+02  	9.245819e-01  	
1.800000e+01  3.600000e+03	 1.532425e+02  	9.166181e-01  	
1.900000e+01  3.800000e+03	 1.532425e+02  	9.070732e-01  	
2.000000e+01  4.000000e+03	 1.532425e+02  	8.956302e-01  	
2.100000e+01  4.200000e+03	 1.532425e+02  	8.819049e-01  	
2.200000e+01  4.400000e+03	 1.532425e+02  	8.654364e-01  	
2.300000e+01  4.600000e+03	 1.532425e+02  	8.456795e-01  	
2.400000e+01  4.800000e+03	 1.532425e+02  	8.220042e-01  	
2.500000e+01  5.000000e+03	 1.532425e+02  	7.937081e-01  	
2.600000e+01  5.200000e+03	 1.532425e+02  	7.600511e-01  	
2.700000e+01  5.400000e+03	 1.532425e+02  	7.203248e-01  	
2.800000e+01  5.600000e+03	 1.532425e+02  	6.739692e-01  	
2.900000e+01  5.800000e+03	 1.532425e+02  	6.207420e-01  	
3.000000e+01  6.000000e+03	 1.532425e+02  	5.609300e-01  	
3.100000e+01  6.200000e+03	 1.532425e+02  	4.955557e-01  	
3.200000e+01  6.400000e+03	 1.532425e+02  	4.264990e-01  	
3.300000e+01  6.600000e+03	 1.532425e+02  	3.564295e-01  	
3.400000e+01  6.800000e+03	 1.532425e+02  	2.884894e-01  	
3.500000e+01  7.000000e+03	 1.532425e+02  	2.257661e-01  	
3.600000e+01  7.200000e+03	 1.532425e+02  	1.707210e-01  	
3.700000e+01  7.400000e+03	 1.532425e+02  	1.247852e-01  	
3.800000e+01  7.600000e+03	 1.307227e+02  	9.294306e-02  	
3.900000e+01  7.800000e+03	 9.571479e+01  	7.357932e-02  	
4.000000e+01  8.000000e+03	 7.063735e+01  	6.118211e-02  	
4.100000e+01  8.200000e+03	 5.252282e+01  	5.288311e-02  	
4.200000e+01  8.400000e+03	 3.933352e+01  	4.711705e-02  	
4.300000e+01  8.600000e+03	 2.965738e+01  	4.298625e-02  	
4.400000e+01  8.800000e+03	 2.250724e+01  	3.995150e-02  	
4.500000e+01  9.000000e+03	 1.718716e+01  	3.767515e-02  	
4.600000e+01  9.200000e+03	 1.320263e+01  	3.593789e-02  	
4.700000e+01  9.400000e+03	 1.019953e+01  	3.459267e-02  	
4.800000e+01  9.600000e+03	 7.922449e+00  	3.353813e-02  	
4.900000e+01  9.800000e+03	 6.185878e+00  	3.270271e-02  	
5.000000e+01  1.000000e+04	 4.854162e+00  	3.203481e-02  	
5.100000e+01  1.020000e+04	 3.827474e+00  	3.149656e-02  	
5.200000e+01  1.040000e+04	 3.031895e+00  	3.105973e-02  	
5.300000e+01  1.060000e+04	 2.412370e+00  	3.070297e-02  	
5.400000e+01  1.080000e+04	 1.927655e+00  	3.040994e-02  	
5.500000e+01  1.100000e+04	 1.546686e+00  	3.016803e-02  	
5.600000e+01  1.120000e+04	 1.245942e+00  	2.996737e-02  	
5.700000e+01  1.140000e+04	 1.007526e+00  	2.980021e-02  	
5.800000e+01  1.160000e+04	 8.177459e-01  	2.966038e-02  	
5.900000e+01  1.180000e+04	 6.660858e-01  	2.954299e-02  	
6.000000e+01  1.200000e+04	 5.444266e-01  	2.944408e-02  	
6.100000e+01  1.220000e+04	 4.464741e-01  	2.936048e-02  	
6.200000e+01  1.240000e+04	 3.673280e-01  	2.928958e-02  	
6.300000e+01  1.260000e+04	 3.031571e-01  	2.922928e-02  	
6.400000e+01  1.280000e+04	 2.509543e-01  	2.917784e-02  	
6.500000e+01  1.300000e+04	 2.083503e-01  	2.913386e-02  	
6.600000e+01  1.320000e+04	 1.734711e-01  	2.909614e-02  	
6.700000e+01  1.340000e+04	 1.448294e-01  	2.906372e-02  	
6.800000e+01  1.360000e+04	 1.212404e-01  	2.903579e-02  	
6.900000e+01  1.380000e+04	 1.017572e-01  	2.901167e-02  	
7.000000e+01  1.400000e+04	 8.562052e-02  	2.899079e-02  	
7.100000e+01  1.420000e+04	 7.221944e-02  	2.897268e-02  	
7.200000e+01  1.440000e+04	 6.106106e-02  	2.895694e-02  	
7.300000e+01  1.460000e+04	 5.174638e-02  	2.894323e-02  	
7.400000e+01  1.480000e+04	 4.395150e-02  	2.893127e-02  	
7.500000e+01  1.500000e+04	 3.741271e-02  	2.892082e-02  	
7.600000e+01  1.520000e+04	 3.191473e-02  	2.891166e-02  	
7.700000e+01  1.540000e+04	 2.728133e-02  	2.890362e-02  	
7.800000e+01  1.560000e+04	 2.336787e-02  	2.889656e-02  	
7.900000e+01  1.580000e+04	 2.005530e-02  	2.889034e-02  	
8.000000e+01  1.600000e+04	 1.724545e-02  	2.888486e-02  	
8.100000e+01  1.620000e+04	 1.485710e-02  	2.888002e-02  	
8.200000e+01  1.640000e+04	 1.282295e-02  	2.887574e-02  	
8.300000e+01  1.660000e+04	 1.108708e-02  	2.887195e-02  	
8.400000e+01  1.680000e+04	 9.602911e-03  	2.886858e-02  	
8.500000e+01  1.700000e+04	 8.331577e-03  	2.886559e-02  	
8.600000e+01  1.720000e+04	 7.240572e-03  	2.886293e-02  	
8.700000e+01  1.740000e+04	 6.302651e-03  	2.886056e-02  	
8.800000e+01  1.760000e+04	 5.494931e-03  	2.885845e-02  	
8.900000e+01  1.780000e+04	 4.798155e-03  	2.885656e-02  	
9.000000e+01  1.800000e+04	 4.196084e-03  	2.885487e-02  	
9.100000e+01  1.820000e+04	 3.675002e-03  	2.885336e-02  	
9.200000e+01  1.840000e+04	 3.223297e-03  	2.885200e-02  	
9.300000e+01  1.860000e+04	 2.831124e-03  	2.885079e-02  	
9.400000e+01  1.880000e+04	 2.490119e-03  	2.884969e-02  	
9.500000e+01  1.900000e+04	 2.193164e-03  	2.884871e-02  	
9.600000e+01  1.920000e+04	 1.934192e-03  	2.884782e-02  	
9.700000e+01  1.940000e+04	 1.708022e-03  	2.884703e-02  	
9.800000e+01  1.960000e+04	 1.510224e-03  	2.884630e-02  	
9.900000e+01  1.980000e+04	 1.337002e-03  	2.884565e-02  	
1.000000e+02  2.000000e+04	 1.185098e-03  	2.884506e-02  	
1.010000e+02  2.020000e+04	 1.051714e-03  	2.884453e-02  	
1.020000e+02  2.040000e+04	 9.344418e-04  	2.884405e-02  	
1.030000e+02  2.060000e+04	 8.312040e-04  	2.884361e-02  	
1.040000e+02  2.080000e+04	 7.402088e-04  	2.884321e-02  	
1.050000e+02  2.100000e+04	 6.599070e-04  	2.884285e-02  	
1.060000e+02  2.120000e+04	 5.889575e-04  	2.884252e-02  	
1.070000e+02  2.140000e+04	 5.261978e-04  	2.884222e-02  	
1.080000e+02  2.160000e+04	 4.706188e-04  	2.884195e-02  	
1.090000e+02  2.180000e+04	 4.213435e-04  	2.884170e-02  	
1.100000e+02  2.200000e+04	 3.776088e-04  	2.884147e-02  	
1.110000e+02  2.220000e+04	 3.387494e-04  	2.884126e-02  	
1.120000e+02  2.240000e+04	 3.041852e-04  	2.884107e-02  	
1.130000e+02  2.260000e+04	 2.734091e-04  	2.884090e-02  	
1.140000e+02  2.280000e+04	 2.459779e-04  	2.884074e-02  	
1.150000e+02  2.300000e+04	 2.215033e-04  	2.884059e-02  	
1.160000e+02  2.320000e+04	 1.996450e-04  	2.884046e-02  	
1.170000e+02  2.340000e+04	 1.801043e-04  	2.884034e-02  	
1.180000e+02  2.360000e+04	 1.626186e-04  	2.884022e-02  	
1.190000e+02  2.380000e+04	 1.469572e-04  	2.884012e-02  	
1.200000e+02  2.400000e+04	 1.329166e-04  	2.884003e-02  	
1.210000e+02  2.420000e+04	 1.203178e-04  	2.883994e-02  	
1.220000e+02  2.440000e+04	 1.090025e-04  	2.883986e-02  	
1.230000e+02  2.460000e+04	 9.883095e-05  	2.883978e-02  	
1.240000e+02  2.480000e+04	 8.967969e-05  	2.883971e-02  	
1.250000e+02  2.500000e+04	 8.143932e-05  	2.883965e-02  	
1.260000e+02  2.520000e+04	 7.401296e-05  	2.883959e-02  	
1.270000e+02  2.540000e+04	 6.731466e-05  	2.883954e-02  	
1.280000e+02  2.560000e+04	 6.126814e-05  	2.883949e-02  	
1.290000e+02  2.580000e+04	 5.580560e-05  	2.883944e-02  	
1.300000e+02  2.600000e+04	 5.086676e-05  	2.883940e-02  	
1.310000e+02  2.620000e+04	 4.639795e-05  	2.883936e-02  	
1.320000e+02  2.640000e+04	 4.235134e-05  	2.883932e-02  	
1.330000e+02  2.660000e+04	 3.868429e-05  	2.883929e-02  	
1.340000e+02  2.680000e+04	 3.535874e-05  	2.883926e-02  	
1.350000e+02  2.700000e+04	 3.234068e-05  	2.883923e-02  	
1.360000e+02  2.720000e+04	 2.959971e-05  	2.883920e-02  	
1.370000e+02  2.740000e+04	 2.710863e-05  	2.883917e-02  	
1.380000e+02  2.760000e+04	 2.484307e-05  	2.883915e-02  	
1.390000e+02  2.780000e+04	 2.278121e-05  	2.883913e-02  	
1.400000e+02  2.800000e+04	 2.090345e-05  	2.883911e-02  	
1.410000e+02  2.820000e+04	 1.919221e-05  	2.883909e-02  	
1.420000e+02  2.840000e+04	 1.763170e-05  	2.883907e-02  	
1.430000e+02  2.860000e+04	 1.620772e-05  	2.883906e-02  	
1.440000e+02  2.880000e+04	 1.490749e-05  	2.883904e-02  	
1.450000e+02  2.900000e+04	 1.371950e-05  	2.883903e-02  	
1.460000e+02  2.920000e+04	 1.263339e-05  	2.883901e-02  	
1.470000e+02  2.940000e+04	 1.163982e-05  	2.883900e-02  	
1.480000e+02  2.960000e+04	 1.073035e-05  	2.883899e-02  	
1.490000e+02  2.980000e+04	 9.897354e-06  	2.883898e-02  	
1.500000e+02  3.000000e+04	 9.133962e-06  	2.883897e-02  	