0.000231481 day
# index velocity (km/s) density (g/cm^3) fraction_of_zone_that_is_56ni 
1.000000e+00  2.000000e+02	 5.522483e+02  	1.000000e+00  	
2.000000e+00  4.000000e+02	 5.153857e+02  	1.000000e+00  	
3.000000e+00  6.000000e+02	 4.809837e+02  	1.000000e+00  	
4.000000e+00  8.000000e+02	 4.488781e+02  	1.000000e+00  	
5.000000e+00  1.000000e+03	 4.189155e+02  	1.000000e+00  	
6.000000e+00  1.200000e+03	 3.909529e+02  	1.000000e+00  	
7.000000e+00  1.400000e+03	 3.648568e+02  	1.000000e+00  	
8.000000e+00  1.600000e+03	 3.405026e+02  	1.000000e+00  	
9.000000e+00  1.800000e+03	 3.177741e+02  	1.000000e+00  	
1.000000e+01  2.000000e+03	 2.965627e+02  	1.000000e+00  	
1.100000e+01  2.200000e+03	 2.767671e+02  	1.000000e+00  	
1.200000e+01  2.400000e+03	 2.582929e+02  	1.000000e+00  	
1.300000e+01  2.600000e+03	 2.410519e+02  	1.000000e+00  	
1.400000e+01  2.800000e+03	 2.249617e+02  	1.000000e+00  	
1.500000e+01  3.000000e+03	 2.099455e+02  	1.000000e+00  	
1.600000e+01  3.200000e+03	 1.959316e+02  	1.000000e+00  	
1.700000e+01  3.400000e+03	 1.828532e+02  	1.000000e+00  	
1.800000e+01  3.600000e+03	 1.706477e+02  	1.000000e+00  	
1.900000e+01  3.800000e+03	 1.592570e+02  	1.000000e+00  	
2.000000e+01  4.000000e+03	 1.486266e+02  	1.000000e+00  	
2.100000e+01  4.200000e+03	 1.387058e+02  	1.000000e+00  	
2.200000e+01  4.400000e+03	 1.294472e+02  	1.000000e+00  	
2.300000e+01  4.600000e+03	 1.208066e+02  	1.000000e+00  	
2.400000e+01  4.800000e+03	 1.127428e+02  	1.000000e+00  	
2.500000e+01  5.000000e+03	 1.052172e+02  	1.000000e+00  	
2.600000e+01  5.200000e+03	 9.819393e+01  	9.970113e-01  	
2.700000e+01  5.400000e+03	 9.163949e+01  	9.923340e-01  	
2.800000e+01  5.600000e+03	 8.552256e+01  	9.863510e-01  	
2.900000e+01  5.800000e+03	 7.981393e+01  	9.787342e-01  	
3.000000e+01  6.000000e+03	 7.448635e+01  	9.690959e-01  	
3.100000e+01  6.200000e+03	 6.951439e+01  	9.569901e-01  	
3.200000e+01  6.400000e+03	 6.487431e+01  	9.419216e-01  	
3.300000e+01  6.600000e+03	 6.054395e+01  	9.233659e-01  	
3.400000e+01  6.800000e+03	 5.650264e+01  	9.008032e-01  	
3.500000e+01  7.000000e+03	 5.273109e+01  	8.737682e-01  	
3.600000e+01  7.200000e+03	 4.921129e+01  	8.419140e-01  	
3.700000e+01  7.400000e+03	 4.592644e+01  	8.050857e-01  	
3.800000e+01  7.600000e+03	 4.286085e+01  	7.633895e-01  	
3.900000e+01  7.800000e+03	 3.999989e+01  	7.172439e-01  	
4.000000e+01  8.000000e+03	 3.732990e+01  	6.673939e-01  	
4.100000e+01  8.200000e+03	 3.483813e+01  	6.148760e-01  	
4.200000e+01  8.400000e+03	 3.251268e+01  	5.609347e-01  	
4.300000e+01  8.600000e+03	 3.034246e+01  	5.069023e-01  	
4.400000e+01  8.800000e+03	 2.831711e+01  	4.540661e-01  	
4.500000e+01  9.000000e+03	 2.642694e+01  	4.035513e-01  	
4.600000e+01  9.200000e+03	 2.466294e+01  	3.562389e-01  	
4.700000e+01  9.400000e+03	 2.301669e+01  	3.127294e-01  	
4.800000e+01  9.600000e+03	 2.148033e+01  	2.733474e-01  	
4.900000e+01  9.800000e+03	 2.004652e+01  	2.381776e-01  	
5.000000e+01  1.000000e+04	 1.870841e+01  	2.071167e-01  	
5.100000e+01  1.020000e+04	 1.745963e+01  	1.799287e-01  	
5.200000e+01  1.040000e+04	 1.629420e+01  	1.562963e-01  	
5.300000e+01  1.060000e+04	 1.520656e+01  	1.358619e-01  	
5.400000e+01  1.080000e+04	 1.419152e+01  	1.182589e-01  	
5.500000e+01  1.100000e+04	 1.324424e+01  	1.031324e-01  	
5.600000e+01  1.120000e+04	 1.236019e+01  	9.015211e-02  	
5.700000e+01  1.140000e+04	 1.153514e+01  	7.901915e-02  	
5.800000e+01  1.160000e+04	 1.076517e+01  	6.946839e-02  	
5.900000e+01  1.180000e+04	 1.004660e+01  	6.126819e-02  	
6.000000e+01  1.200000e+04	 9.375988e+00  	5.421833e-02  	
6.100000e+01  1.220000e+04	 8.750141e+00  	4.814715e-02  	
6.200000e+01  1.240000e+04	 8.166069e+00  	4.290834e-02  	
6.300000e+01  1.260000e+04	 7.620984e+00  	3.837768e-02  	
6.400000e+01  1.280000e+04	 7.112284e+00  	3.445000e-02  	
6.500000e+01  1.300000e+04	 6.637539e+00  	3.103639e-02  	
6.600000e+01  1.320000e+04	 6.194483e+00  	2.806175e-02  	
6.700000e+01  1.340000e+04	 5.781002e+00  	2.546265e-02  	
6.800000e+01  1.360000e+04	 5.395120e+00  	2.318549e-02  	
6.900000e+01  1.380000e+04	 5.034996e+00  	2.118493e-02  	
7.000000e+01  1.400000e+04	 4.698910e+00  	1.942257e-02  	
7.100000e+01  1.420000e+04	 4.385258e+00  	1.786584e-02  	
7.200000e+01  1.440000e+04	 4.092542e+00  	1.648707e-02  	
7.300000e+01  1.460000e+04	 3.819365e+00  	1.526269e-02  	
7.400000e+01  1.480000e+04	 3.564423e+00  	1.417261e-02  	
7.500000e+01  1.500000e+04	 3.326497e+00  	1.319963e-02  	
7.600000e+01  1.520000e+04	 3.104454e+00  	1.232904e-02  	
7.700000e+01  1.540000e+04	 2.897232e+00  	1.154820e-02  	
7.800000e+01  1.560000e+04	 2.703842e+00  	1.084620e-02  	
7.900000e+01  1.580000e+04	 2.523360e+00  	1.021367e-02  	
8.000000e+01  1.600000e+04	 2.354926e+00  	9.642469e-03  	
8.100000e+01  1.620000e+04	 2.197735e+00  	9.125563e-03  	
8.200000e+01  1.640000e+04	 2.051036e+00  	8.656829e-03  	
8.300000e+01  1.660000e+04	 1.914129e+00  	8.230935e-03  	
8.400000e+01  1.680000e+04	 1.786361e+00  	7.843229e-03  	
8.500000e+01  1.700000e+04	 1.667122e+00  	7.489635e-03  	
8.600000e+01  1.720000e+04	 1.555841e+00  	7.166584e-03  	
8.700000e+01  1.740000e+04	 1.451989e+00  	6.870934e-03  	
8.800000e+01  1.760000e+04	 1.355069e+00  	6.599920e-03  	
8.900000e+01  1.780000e+04	 1.264618e+00  	6.351099e-03  	
9.000000e+01  1.800000e+04	 1.180205e+00  	6.122311e-03  	
9.100000e+01  1.820000e+04	 1.101426e+00  	5.911641e-03  	
9.200000e+01  1.840000e+04	 1.027906e+00  	5.717385e-03  	
9.300000e+01  1.860000e+04	 9.592933e-01  	5.538030e-03  	
9.400000e+01  1.880000e+04	 8.952605e-01  	5.372223e-03  	
9.500000e+01  1.900000e+04	 8.355019e-01  	5.218756e-03  	
9.600000e+01  1.920000e+04	 7.797321e-01  	5.076548e-03  	
9.700000e+01  1.940000e+04	 7.276850e-01  	4.944627e-03  	
9.800000e+01  1.960000e+04	 6.791121e-01  	4.822123e-03  	
9.900000e+01  1.980000e+04	 6.337814e-01  	4.708248e-03  	
1.000000e+02  2.000000e+04	 5.914765e-01  	4.602295e-03  	
1.010000e+02  2.020000e+04	 5.519954e-01  	4.503624e-03  	
1.020000e+02  2.040000e+04	 5.151498e-01  	4.411655e-03  	
1.030000e+02  2.060000e+04	 4.807635e-01  	4.325862e-03  	
1.040000e+02  2.080000e+04	 4.486726e-01  	4.245769e-03  	
1.050000e+02  2.100000e+04	 4.187237e-01  	4.170943e-03  	
1.060000e+02  2.120000e+04	 3.907739e-01  	4.100987e-03  	
1.070000e+02  2.140000e+04	 3.646898e-01  	4.035542e-03  	
1.080000e+02  2.160000e+04	 3.403467e-01  	3.974278e-03  	
1.090000e+02  2.180000e+04	 3.176286e-01  	3.916894e-03  	
1.100000e+02  2.200000e+04	 2.964269e-01  	3.863114e-03  	
1.110000e+02  2.220000e+04	 2.766404e-01  	3.812685e-03  	
1.120000e+02  2.240000e+04	 2.581747e-01  	3.765374e-03  	
1.130000e+02  2.260000e+04	 2.409415e-01  	3.720968e-03  	
1.140000e+02  2.280000e+04	 2.248587e-01  	3.679269e-03  	
1.150000e+02  2.300000e+04	 2.098494e-01  	3.640096e-03  	
1.160000e+02  2.320000e+04	 1.958419e-01  	3.603281e-03  	
1.170000e+02  2.340000e+04	 1.827695e-01  	3.568669e-03  	
1.180000e+02  2.360000e+04	 1.705696e-01  	3.536118e-03  	
1.190000e+02  2.380000e+04	 1.591841e-01  	3.505493e-03  	
1.200000e+02  2.400000e+04	 1.485586e-01  	3.476673e-03  	
1.210000e+02  2.420000e+04	 1.386423e-01  	3.449544e-03  	
1.220000e+02  2.440000e+04	 1.293879e-01  	3.423998e-03  	
1.230000e+02  2.460000e+04	 1.207513e-01  	3.399937e-03  	
1.240000e+02  2.480000e+04	 1.126911e-01  	3.377271e-03  	
1.250000e+02  2.500000e+04	 1.051690e-01  	3.355912e-03  	
1.260000e+02  2.520000e+04	 9.814898e-02  	3.335782e-03  	
1.270000e+02  2.540000e+04	 9.159753e-02  	3.316806e-03  	
1.280000e+02  2.560000e+04	 8.548340e-02  	3.298916e-03  	
1.290000e+02  2.580000e+04	 7.977739e-02  	3.282045e-03  	
1.300000e+02  2.600000e+04	 7.445225e-02  	3.266134e-03  	
1.310000e+02  2.620000e+04	 6.948256e-02  	3.251125e-03  	
1.320000e+02  2.640000e+04	 6.484460e-02  	3.236967e-03  	
1.330000e+02  2.660000e+04	 6.051623e-02  	3.223608e-03  	
1.340000e+02  2.680000e+04	 5.647677e-02  	3.211003e-03  	
1.350000e+02  2.700000e+04	 5.270695e-02  	3.199108e-03  	
1.360000e+02  2.720000e+04	 4.918876e-02  	3.187882e-03  	
1.370000e+02  2.740000e+04	 4.590541e-02  	3.177286e-03  	
1.380000e+02  2.760000e+04	 4.284123e-02  	3.167284e-03  	
1.390000e+02  2.780000e+04	 3.998158e-02  	3.157842e-03  	
1.400000e+02  2.800000e+04	 3.731281e-02  	3.148929e-03  	
1.410000e+02  2.820000e+04	 3.482218e-02  	3.140514e-03  	
1.420000e+02  2.840000e+04	 3.249780e-02  	3.132570e-03  	
1.430000e+02  2.860000e+04	 3.032857e-02  	3.125069e-03  	
1.440000e+02  2.880000e+04	 2.830414e-02  	3.117986e-03  	
1.450000e+02  2.900000e+04	 2.641484e-02  	3.111299e-03  	
1.460000e+02  2.920000e+04	 2.465165e-02  	3.104985e-03  	
1.470000e+02  2.940000e+04	 2.300615e-02  	3.099022e-03  	
1.480000e+02  2.960000e+04	 2.147049e-02  	3.093392e-03  	
1.490000e+02  2.980000e+04	 2.003734e-02  	3.088075e-03  	
1.500000e+02  3.000000e+04	 1.869985e-02  	3.083055e-03  	