0.000231481 day
# index velocity (km/s) density (g/cm^3) fraction_of_zone_that_is_56ni 
1.000000e+00  2.000000e+02	 7.883021e+02  	1.000000e+00  	
2.000000e+00  4.000000e+02	 7.291987e+02  	1.000000e+00  	
3.000000e+00  6.000000e+02	 6.745266e+02  	1.000000e+00  	
4.000000e+00  8.000000e+02	 6.239536e+02  	1.000000e+00  	
5.000000e+00  1.000000e+03	 5.771723e+02  	1.000000e+00  	
6.000000e+00  1.200000e+03	 5.338984e+02  	1.000000e+00  	
7.000000e+00  1.400000e+03	 4.938691e+02  	1.000000e+00  	
8.000000e+00  1.600000e+03	 4.568410e+02  	9.993204e-01  	
9.000000e+00  1.800000e+03	 4.225890e+02  	9.956788e-01  	
1.000000e+01  2.000000e+03	 3.909052e+02  	9.909336e-01  	
1.100000e+01  2.200000e+03	 3.615968e+02  	9.847911e-01  	
1.200000e+01  2.400000e+03	 3.344859e+02  	9.768712e-01  	
1.300000e+01  2.600000e+03	 3.094076e+02  	9.666888e-01  	
1.400000e+01  2.800000e+03	 2.862096e+02  	9.536352e-01  	
1.500000e+01  3.000000e+03	 2.647509e+02  	9.369653e-01  	
1.600000e+01  3.200000e+03	 2.449010e+02  	9.157996e-01  	
1.700000e+01  3.400000e+03	 2.265394e+02  	8.891532e-01  	
1.800000e+01  3.600000e+03	 2.095545e+02  	8.560102e-01  	
1.900000e+01  3.800000e+03	 1.938430e+02  	8.154591e-01  	
2.000000e+01  4.000000e+03	 1.793095e+02  	7.668980e-01  	
2.100000e+01  4.200000e+03	 1.658657e+02  	7.102868e-01  	
2.200000e+01  4.400000e+03	 1.534298e+02  	6.463893e-01  	
2.300000e+01  4.600000e+03	 1.419263e+02  	5.769022e-01  	
2.400000e+01  4.800000e+03	 1.312853e+02  	5.043715e-01  	
2.500000e+01  5.000000e+03	 1.214421e+02  	4.318573e-01  	
2.600000e+01  5.200000e+03	 1.123369e+02  	3.624256e-01  	
2.700000e+01  5.400000e+03	 1.039144e+02  	2.986365e-01  	
2.800000e+01  5.600000e+03	 9.612334e+01  	2.422020e-01  	
2.900000e+01  5.800000e+03	 8.891644e+01  	1.938947e-01  	
3.000000e+01  6.000000e+03	 8.224988e+01  	1.536735e-01  	
3.100000e+01  6.200000e+03	 7.608314e+01  	1.209247e-01  	
3.200000e+01  6.400000e+03	 7.037877e+01  	9.471864e-02  	
3.300000e+01  6.600000e+03	 6.510208e+01  	7.401707e-02  	
3.400000e+01  6.800000e+03	 6.022101e+01  	5.781246e-02  	
3.500000e+01  7.000000e+03	 5.570590e+01  	4.520384e-02  	
3.600000e+01  7.200000e+03	 5.152932e+01  	3.542711e-02  	
3.700000e+01  7.400000e+03	 4.766588e+01  	2.785705e-02  	
3.800000e+01  7.600000e+03	 4.409210e+01  	2.199457e-02  	
3.900000e+01  7.800000e+03	 4.078627e+01  	1.744793e-02  	
4.000000e+01  8.000000e+03	 3.772829e+01  	1.391322e-02  	
4.100000e+01  8.200000e+03	 3.489959e+01  	1.115640e-02  	
4.200000e+01  8.400000e+03	 3.228298e+01  	8.998135e-03  	
4.300000e+01  8.600000e+03	 2.986254e+01  	7.301270e-03  	
4.400000e+01  8.800000e+03	 2.762358e+01  	5.961033e-03  	
4.500000e+01  9.000000e+03	 2.555248e+01  	4.897334e-03  	
4.600000e+01  9.200000e+03	 2.363667e+01  	4.048858e-03  	
4.700000e+01  9.400000e+03	 2.186450e+01  	3.368563e-03  	
4.800000e+01  9.600000e+03	 2.022519e+01  	2.820252e-03  	
4.900000e+01  9.800000e+03	 1.870880e+01  	2.375984e-03  	
5.000000e+01  1.000000e+04	 1.730610e+01  	2.014113e-03  	
5.100000e+01  1.020000e+04	 1.600856e+01  	1.717802e-03  	
5.200000e+01  1.040000e+04	 1.480831e+01  	1.473906e-03  	
5.300000e+01  1.060000e+04	 1.369805e+01  	1.272116e-03  	
5.400000e+01  1.080000e+04	 1.267103e+01  	1.104312e-03  	
5.500000e+01  1.100000e+04	 1.172101e+01  	9.640739e-04  	
5.600000e+01  1.120000e+04	 1.084222e+01  	8.462980e-04  	
5.700000e+01  1.140000e+04	 1.002932e+01  	7.469130e-04  	
5.800000e+01  1.160000e+04	 9.277365e+00  	6.626552e-04  	
5.900000e+01  1.180000e+04	 8.581789e+00  	5.908970e-04  	
6.000000e+01  1.200000e+04	 7.938364e+00  	5.295139e-04  	
6.100000e+01  1.220000e+04	 7.343181e+00  	4.767802e-04  	
6.200000e+01  1.240000e+04	 6.792621e+00  	4.312889e-04  	
6.300000e+01  1.260000e+04	 6.283340e+00  	3.918872e-04  	
6.400000e+01  1.280000e+04	 5.812243e+00  	3.576272e-04  	
6.500000e+01  1.300000e+04	 5.376467e+00  	3.277260e-04  	
6.600000e+01  1.320000e+04	 4.973363e+00  	3.015348e-04  	
6.700000e+01  1.340000e+04	 4.600482e+00  	2.785132e-04  	
6.800000e+01  1.360000e+04	 4.255558e+00  	2.582097e-04  	
6.900000e+01  1.380000e+04	 3.936495e+00  	2.402458e-04  	
7.000000e+01  1.400000e+04	 3.641354e+00  	2.243028e-04  	
7.100000e+01  1.420000e+04	 3.368342e+00  	2.101113e-04  	
7.200000e+01  1.440000e+04	 3.115798e+00  	1.974431e-04  	
7.300000e+01  1.460000e+04	 2.882189e+00  	1.861038e-04  	
7.400000e+01  1.480000e+04	 2.666095e+00  	1.759278e-04  	
7.500000e+01  1.500000e+04	 2.466203e+00  	1.667728e-04  	
7.600000e+01  1.520000e+04	 2.281298e+00  	1.585170e-04  	
7.700000e+01  1.540000e+04	 2.110257e+00  	1.510552e-04  	
7.800000e+01  1.560000e+04	 1.952039e+00  	1.442964e-04  	
7.900000e+01  1.580000e+04	 1.805684e+00  	1.381619e-04  	
8.000000e+01  1.600000e+04	 1.670301e+00  	1.325831e-04  	
8.100000e+01  1.620000e+04	 1.545070e+00  	1.275001e-04  	
8.200000e+01  1.640000e+04	 1.429227e+00  	1.228608e-04  	
8.300000e+01  1.660000e+04	 1.322070e+00  	1.186193e-04  	
8.400000e+01  1.680000e+04	 1.222947e+00  	1.147353e-04  	
8.500000e+01  1.700000e+04	 1.131256e+00  	1.111732e-04  	
8.600000e+01  1.720000e+04	 1.046439e+00  	1.079018e-04  	
8.700000e+01  1.740000e+04	 9.679818e-01  	1.048933e-04  	
8.800000e+01  1.760000e+04	 8.954068e-01  	1.021229e-04  	
8.900000e+01  1.780000e+04	 8.282731e-01  	9.956866e-05  	
9.000000e+01  1.800000e+04	 7.661729e-01  	9.721109e-05  	
9.100000e+01  1.820000e+04	 7.087286e-01  	9.503267e-05  	
9.200000e+01  1.840000e+04	 6.555913e-01  	9.301771e-05  	
9.300000e+01  1.860000e+04	 6.064379e-01  	9.115216e-05  	
9.400000e+01  1.880000e+04	 5.609699e-01  	8.942337e-05  	
9.500000e+01  1.900000e+04	 5.189108e-01  	8.781994e-05  	
9.600000e+01  1.920000e+04	 4.800052e-01  	8.633159e-05  	
9.700000e+01  1.940000e+04	 4.440165e-01  	8.494902e-05  	
9.800000e+01  1.960000e+04	 4.107261e-01  	8.366379e-05  	
9.900000e+01  1.980000e+04	 3.799317e-01  	8.246826e-05  	
1.000000e+02  2.000000e+04	 3.514461e-01  	8.135547e-05  	
1.010000e+02  2.020000e+04	 3.250962e-01  	8.031910e-05  	
1.020000e+02  2.040000e+04	 3.007219e-01  	7.935336e-05  	
1.030000e+02  2.060000e+04	 2.781751e-01  	7.845298e-05  	
1.040000e+02  2.080000e+04	 2.573188e-01  	7.761315e-05  	
1.050000e+02  2.100000e+04	 2.380261e-01  	7.682943e-05  	
1.060000e+02  2.120000e+04	 2.201800e-01  	7.609778e-05  	
1.070000e+02  2.140000e+04	 2.036719e-01  	7.541447e-05  	
1.080000e+02  2.160000e+04	 1.884014e-01  	7.477609e-05  	
1.090000e+02  2.180000e+04	 1.742759e-01  	7.417948e-05  	
1.100000e+02  2.200000e+04	 1.612095e-01  	7.362174e-05  	
1.110000e+02  2.220000e+04	 1.491227e-01  	7.310018e-05  	
1.120000e+02  2.240000e+04	 1.379421e-01  	7.261233e-05  	
1.130000e+02  2.260000e+04	 1.275999e-01  	7.215591e-05  	
1.140000e+02  2.280000e+04	 1.180330e-01  	7.172879e-05  	
1.150000e+02  2.300000e+04	 1.091834e-01  	7.132901e-05  	
1.160000e+02  2.320000e+04	 1.009973e-01  	7.095476e-05  	
1.170000e+02  2.340000e+04	 9.342497e-02  	7.060434e-05  	
1.180000e+02  2.360000e+04	 8.642037e-02  	7.027618e-05  	
1.190000e+02  2.380000e+04	 7.994095e-02  	6.996883e-05  	
1.200000e+02  2.400000e+04	 7.394733e-02  	6.968093e-05  	
1.210000e+02  2.420000e+04	 6.840309e-02  	6.941122e-05  	
1.220000e+02  2.440000e+04	 6.327453e-02  	6.915853e-05  	
1.230000e+02  2.460000e+04	 5.853048e-02  	6.892176e-05  	
1.240000e+02  2.480000e+04	 5.414212e-02  	6.869989e-05  	
1.250000e+02  2.500000e+04	 5.008279e-02  	6.849197e-05  	
1.260000e+02  2.520000e+04	 4.632780e-02  	6.829711e-05  	
1.270000e+02  2.540000e+04	 4.285435e-02  	6.811448e-05  	
1.280000e+02  2.560000e+04	 3.964132e-02  	6.794331e-05  	
1.290000e+02  2.580000e+04	 3.666918e-02  	6.778287e-05  	
1.300000e+02  2.600000e+04	 3.391989e-02  	6.763249e-05  	
1.310000e+02  2.620000e+04	 3.137673e-02  	6.749152e-05  	
1.320000e+02  2.640000e+04	 2.902424e-02  	6.735939e-05  	
1.330000e+02  2.660000e+04	 2.684813e-02  	6.723554e-05  	
1.340000e+02  2.680000e+04	 2.483517e-02  	6.711944e-05  	
1.350000e+02  2.700000e+04	 2.297314e-02  	6.701061e-05  	
1.360000e+02  2.720000e+04	 2.125072e-02  	6.690860e-05  	
1.370000e+02  2.740000e+04	 1.965743e-02  	6.681299e-05  	
1.380000e+02  2.760000e+04	 1.818360e-02  	6.672336e-05  	
1.390000e+02  2.780000e+04	 1.682028e-02  	6.663936e-05  	
1.400000e+02  2.800000e+04	 1.555917e-02  	6.656062e-05  	
1.410000e+02  2.820000e+04	 1.439261e-02  	6.648682e-05  	
1.420000e+02  2.840000e+04	 1.331352e-02  	6.641766e-05  	
1.430000e+02  2.860000e+04	 1.231533e-02  	6.635283e-05  	
1.440000e+02  2.880000e+04	 1.139198e-02  	6.629209e-05  	
1.450000e+02  2.900000e+04	 1.053786e-02  	6.623516e-05  	
1.460000e+02  2.920000e+04	 9.747775e-03  	6.618181e-05  	
1.470000e+02  2.940000e+04	 9.016930e-03  	6.613182e-05  	
1.480000e+02  2.960000e+04	 8.340880e-03  	6.608498e-05  	
1.490000e+02  2.980000e+04	 7.715518e-03  	6.604109e-05  	
1.500000e+02  3.000000e+04	 7.137042e-03  	6.599997e-05  	